 818 24 1 2 
 818 24 1 2 
 852 101 10 6 
 818 24 1 2 
 848 110 8 6 
 844 123 5 3 
 838 138 5 2 
 834 149 3 3 
 824 163 8 4 
 818 169 11 6 
 815 173 10 7 
 815 178 5 3 
 810 183 4 5 
 806 184 6 5 
 800 193 6 3 
 789 197 11 12 
 781 204 13 12 
 774 210 13 11 
 772 218 8 6 
 767 223 6 5 
 760 228 13 7 
 752 236 14 7 
 749 247 8 5 
 735 256 6 16 
 727 265 8 15 
 722 275 7 7 
 710 285 12 10 
 709 296 3 3 
 701 300 3 3 
 697 305 9 4 
 684 315 13 4 
 674 325 13 3 
 667 329 12 8 
 660 332 12 14 
 655 341 9 12 
 650 350 5 11 
 642 360 7 9 
 634 368 8 7 
 625 376 8 7 
 616 386 8 6 
 610 398 4 2 
 601 401 7 6 
 583 434 7 6 
 580 441 8 8 
 576 451 7 7 
 565 470 4 4 
 558 480 3 3 
 550 488 9 8 
 544 495 11 9 
 540 502 11 5 
 534 508 13 5 
 529 514 12 5 
 524 520 13 6 
 519 526 13 9 
 515 532 11 11 
 511 539 9 12 
 506 550 10 9 
 502 563 8 5 
 495 571 11 11 
 490 582 11 10 
 484 592 13 8 
 478 602 12 10 
 471 611 11 10 
 465 616 9 12 
 456 623 10 9 
 450 634 8 12 
 446 644 4 4 
 448 652 5 4 
 444 659 6 7 
 436 664 12 10 
 435 671 12 12 
 432 678 13 12 
 430 684 11 12 
 426 690 11 13 
 421 696 13 14 
 416 703 13 15 
 402 721 1 2 
 406 716 8 12 
 397 733 9 4 
 516 54 2 1 
 819 1073 3 5 
 552 256 3 2 
 390 732 8 6 
 516 54 2 1 
 974 1073 2 4 
 556 256 2 1 
 382 745 13 5 
 516 54 2 1 
 555 256 3 2 
 974 1074 2 3 
 375 752 14 8 
 556 256 2 2 
 371 759 11 8 
 555 256 3 2 
 226 553 3 8 
 368 769 8 7 
 956 1029 4 4 
 555 256 3 2 
 230 549 1 2 
 958 1054 5 6 
 364 777 10 8 
 555 256 3 2 
 976 1073 2 3 
 230 549 1 2 
 358 785 12 7 
 1476 116 2 3 
 837 1070 2 3 
 230 549 1 2 
 352 793 15 8 
 1475 115 3 6 
 230 549 1 2 
 347 800 17 9 
 1475 114 3 9 
 1015 1072 1 2 
 342 808 17 9 
 230 549 1 2 
 1475 115 3 8 
 1019 1070 4 3 
 339 816 14 8 
 230 549 1 2 
 529 264 3 2 
 230 549 2 2 
 865 1036 2 1 
 335 825 9 8 
 527 262 4 4 
 332 830 11 10 
 849 1056 3 2 
 549 266 2 2 
 333 840 2 1 
 849 1056 3 2 
 529 250 2 3 
 320 847 9 12 
 849 1056 2 2 
 551 257 2 2 
 1020 1070 3 2 
 314 855 11 13 
 528 261 2 3 
 310 863 7 14 
 548 256 3 3 
 955 1028 3 3 
 546 256 8 4 
 1017 1070 2 2 
 546 256 8 4 
 1017 1070 2 2 
 547 258 3 3 
 1017 1070 2 2 
 546 257 5 5 
 1017 1070 2 1 
 543 257 8 7 
 963 1051 2 2 
 547 258 3 3 
 818 1072 3 4 
 1014 1068 9 5 
 547 260 2 2 
 527 261 4 5 
 819 1072 2 4 
 527 262 4 4 
 819 1073 2 3 
 527 257 9 7 
 819 1073 2 3 
 526 261 5 5 
 913 1070 2 1 
 534 268 3 2 
 913 1070 2 1 
 1021 1066 2 1 
 247 995 9 11 
 242 1003 9 10 
 529 265 2 1 
 1020 1063 2 2 
 1019 1064 2 1 
 526 261 5 5 
 526 257 5 4 
 1020 1063 1 2 
 527 260 4 6 
 1019 1063 2 3 
 1021 1066 2 1 
 524 264 4 3 
 526 266 3 2 
 222 1059 10 7 
 973 1035 1 2 
 993 1042 2 2 
 553 257 2 2 
 0 1074 2 3 
 233 547 2 3 
 547 258 3 3 
 234 546 2 2 
 557 256 2 2 
 234 546 2 2 
 533 39 2 3 
 233 546 4 4 
 533 39 2 3 
 235 546 2 1 
 533 39 2 3 
 235 546 2 1 
 533 39 2 3 
 957 1028 3 4 
 235 546 2 1 
 533 39 2 3 
 235 545 2 2 
 533 36 2 2 
 235 545 2 2 
 533 36 2 2 
 235 545 2 2 
 533 36 2 2 
 235 545 2 1 
 1027 1062 3 3 
 527 256 10 8 
 528 261 2 3 
 1030 1066 4 2 
 535 268 6 4 
 1030 1066 5 2 
 527 268 5 2 
 1030 1066 6 2 
 554 260 1 2 
 1030 1066 7 4 
 528 273 6 3 
 1030 1065 8 5 
 526 264 2 1 
 1030 1064 7 6 
 1030 1064 6 4 
 840 1019 2 2 
 840 1019 3 2 
 840 1018 3 2 
 1014 1038 3 3 
 544 262 2 2 
 1014 1039 3 2 
 976 1033 1 2 
 1014 1038 3 3 
 528 264 2 2 
 975 1033 2 1 
 1014 1037 3 4 
 1014 1037 3 3 
 1014 1037 3 3 
 1480 122 3 3 
 1036 1065 1 2 
 1480 123 3 2 
 974 1034 3 1 
 1480 123 3 2 
 1014 1037 3 3 
 1480 123 3 2 
 1014 1037 3 3 
