 1116 207 8 8 
 1116 209 8 8 
 1115 210 9 10 
 1115 211 9 11 
 1114 214 13 16 
 1114 218 11 12 
 1116 221 10 14 
 1115 226 10 9 
 1113 227 13 14 
 1113 228 13 15 
 1111 229 15 15 
 1121 232 3 3 
 1111 232 15 13 
 1111 233 16 25 
 1113 236 14 12 
 1116 238 11 13 
 1119 240 3 3 
 1116 239 11 16 
 1115 244 13 15 
 1125 251 3 3 
 1115 247 13 15 
 1117 252 9 12 
 1118 258 7 10 
 1118 264 5 8 
 1116 268 8 11 
 1113 269 12 17 
 1112 274 13 16 
 1112 279 12 17 
 1110 300 3 3 
 1110 293 11 10 
 1112 302 8 9 
 1107 308 4 4 
 1111 307 3 3 
 1114 309 3 3 
 1110 316 10 15 
 1108 322 12 16 
 1108 328 11 15 
 1104 335 15 23 
 1107 339 13 17 
 1110 347 3 3 
 1109 352 9 13 
 1111 361 5 12 
 1106 365 14 16 
 524 50 2 2 
 1107 370 13 18 
 530 49 2 1 
 1107 374 14 18 
 1110 382 9 13 
 530 49 2 1 
 530 49 2 1 
 1110 392 8 12 
 1108 395 13 17 
 530 49 2 1 
 534 42 2 2 
 1109 400 12 17 
 534 42 2 2 
 1109 405 13 17 
 534 42 2 2 
 1112 414 8 12 
 1110 421 11 14 
 1110 425 13 16 
 1110 432 13 14 
 1110 436 13 16 
 1111 443 10 14 
 1112 452 6 12 
 1108 457 11 15 
 1107 462 12 15 
 1106 467 12 15 
 1106 474 9 13 
 1104 482 10 13 
 1102 486 12 15 
 1100 490 13 16 
 1101 497 9 12 
 1099 505 9 14 
 1096 508 13 18 
 1095 514 12 16 
 1093 520 13 17 
 1093 527 10 13 
 1055 607 5 6 
 1088 542 11 16 
 1085 547 13 16 
 1083 552 13 16 
 1082 560 10 13 
 1080 569 7 13 
 1075 575 12 15 
 1073 579 13 17 
 1070 585 13 17 
 1069 593 9 14 
 1065 605 9 11 
 1061 606 13 16 
 1057 612 15 17 
 1056 619 13 14 
 1053 632 8 10 
 1048 634 12 16 
 1045 641 12 14 
 1041 646 13 16 
 1039 654 11 13 
 1036 668 5 7 
 1030 669 11 15 
 1025 674 13 16 
 1022 680 13 17 
 1017 686 15 16 
 525 34 3 2 
 1019 696 6 7 
 525 34 3 2 
 1011 707 9 10 
 525 34 3 2 
 1005 710 14 16 
 525 34 3 2 
 1002 716 13 16 
 525 34 3 2 
 997 723 14 16 
 525 34 2 1 
 995 729 12 15 
 525 34 2 1 
 991 745 6 8 
 520 38 1 2 
 984 746 14 16 
 981 753 12 15 
 976 759 13 16 
 976 768 8 8 
 969 780 8 11 
 963 782 13 16 
 959 789 13 16 
