 574 724 3 4 
 575 728 2 2 
 574 730 4 3 
 574 732 3 4 
 574 744 3 3 
 574 748 3 2 
 574 751 3 3 
 574 757 2 3 
 573 761 2 1 
 572 763 3 3 
 567 776 4 3 
 567 780 2 2 
 566 783 2 3 
 564 786 3 3 
 562 789 5 4 
 560 792 5 4 
 559 796 3 3 
 557 799 3 3 
 555 801 4 4 
 553 805 4 4 
 551 808 4 4 
 549 810 4 5 
 547 814 4 3 
 545 817 4 3 
 542 818 4 4 
 540 821 4 4 
 538 824 4 4 
 536 827 3 3 
 533 829 4 3 
 531 831 3 4 
 529 834 2 3 
 527 837 2 1 
 522 840 3 3 
 520 842 3 3 
 518 845 3 2 
 506 858 3 3 
 504 860 4 3 
 504 862 2 3 
 498 873 3 2 
 498 875 2 3 
 499 878 1 2 
 496 880 4 3 
 496 882 4 4 
 496 884 3 5 
 496 888 3 4 
 495 891 4 3 
 495 893 4 4 
 495 895 4 5 
 495 899 4 4 
 496 902 3 3 
 495 904 4 4 
 495 907 4 4 
 496 910 3 4 
 496 914 3 3 
 495 917 4 3 
 495 919 4 4 
 494 922 4 5 
 493 929 3 3 
 492 933 3 3 
 491 936 3 3 
 489 939 4 4 
 528 46 2 3 
 488 942 4 3 
 528 46 2 3 
 487 945 3 3 
 528 46 2 3 
 486 948 2 3 
 528 46 2 3 
 484 951 2 2 
 528 46 2 3 
 482 953 2 2 
 474 960 2 2 
 472 963 2 2 
 469 964 3 3 
 466 966 3 3 
 463 967 4 3 
 462 970 1 2 
 453 975 3 2 
 451 976 2 4 
 448 979 3 2 
 443 982 4 3 
 442 983 3 3 
 440 985 3 3 
 520 37 1 2 
 438 987 4 4 
 520 37 1 2 
 436 989 5 3 
 520 37 1 2 
 435 990 4 4 
 520 37 1 2 
 434 992 4 4 
 520 37 1 2 
 433 994 4 5 
 520 37 1 2 
 433 997 3 4 
 520 37 1 2 
 432 999 3 3 
 520 37 1 2 
 431 1001 3 4 
 430 1003 4 4 
 429 1005 3 5 
 429 1009 3 3 
 428 1011 3 3 
 427 1013 4 3 
 426 1023 4 3 
 425 1026 4 4 
 424 1029 4 4 
 424 1032 3 3 
 423 1035 3 4 
 422 1038 4 4 
 1313 131 1 2 
 420 1042 5 4 
 419 1045 4 4 
 418 1048 3 4 
 534 42 2 2 
 416 1052 4 3 
 523 50 2 3 
 414 1055 4 3 
 523 50 2 3 
 413 1057 2 1 
 523 50 2 3 
 523 50 2 3 
 523 50 2 3 
 407 1067 3 2 
 523 50 2 3 
 404 1069 3 2 
 523 50 2 3 
 402 1072 2 2 
 1316 126 2 2 
 1316 126 2 2 
 1316 126 2 2 
 1317 129 3 1 
 1320 137 2 4 
