 1278 474 2 1 
 1283 489 1 2 
 1291 494 6 14 
 1281 496 2 2 
 1287 497 2 3 
 1281 496 2 2 
 1281 496 2 2 
 1282 500 2 1 
 1287 497 2 3 
 1281 587 5 4 
 1286 606 4 4 
 1286 609 4 3 
 1279 627 4 3 
 1276 629 6 5 
 1275 634 5 5 
 1270 647 4 4 
 1268 652 5 6 
 1268 660 4 5 
 1268 666 4 5 
 1269 672 4 5 
 1269 677 6 7 
 1270 682 5 7 
 1270 689 6 6 
 1272 694 4 5 
 1273 701 4 4 
 1273 707 4 4 
 1271 712 4 5 
 1269 717 4 5 
 1267 721 5 6 
 1266 728 4 4 
 1264 740 3 4 
 1263 743 6 8 
 1263 748 7 7 
 1264 752 7 8 
 1265 758 6 7 
 1266 764 5 6 
 1265 770 5 4 
 1265 773 5 6 
 1255 778 5 5 
 1253 781 5 7 
 1251 787 4 5 
 1247 791 5 5 
 1244 795 5 4 
 1240 800 6 4 
 1237 805 4 4 
 1233 809 6 5 
 1230 815 6 5 
 1228 819 6 7 
 1226 824 7 8 
 1224 830 7 8 
 1224 836 6 6 
 1224 843 5 4 
 1224 845 5 6 
 1224 850 4 4 
 368 673 7 10 
 354 665 3 3 
 1221 855 5 5 
 1219 859 7 6 
 1217 864 6 6 
 1214 870 7 5 
 1213 875 5 5 
 1209 880 6 5 
 1207 885 6 6 
 1205 889 6 6 
 1207 889 3 3 
 1204 893 5 5 
 1202 900 4 4 
 1202 904 5 4 
 1202 904 3 3 
 1203 909 5 4 
 370 668 3 3 
 1203 913 5 5 
 366 667 5 4 
 1204 917 4 6 
 366 667 4 3 
 1203 921 6 7 
 366 667 4 3 
 1204 929 5 5 
 654 62 5 3 
 1203 936 5 3 
 371 675 2 3 
 654 62 5 3 
 370 675 3 3 
 656 62 3 3 
 370 675 3 2 
 656 62 3 3 
 656 62 3 3 
 1195 962 1 2 
 658 62 1 2 
 1191 964 4 3 
 658 62 1 2 
 1187 967 5 6 
 658 62 1 2 
 1185 970 5 6 
 1183 974 5 6 
 1182 977 5 6 
 1181 981 5 6 
 1181 985 5 6 
 1181 990 4 5 
 1180 995 4 4 
 1179 1000 4 4 
 376 670 2 2 
 1177 1006 4 3 
 1174 1010 6 6 
 1170 1015 8 6 
 373 671 4 9 
 1169 1020 6 5 
 1081 427 3 2 
 373 672 3 3 
 1167 1025 4 6 
 1078 425 6 4 
 373 672 3 3 
 1163 1027 7 7 
 1077 425 3 3 
 372 669 5 11 
 1160 1029 7 9 
 1073 424 7 6 
 1157 1034 8 8 
 1072 428 3 3 
 1156 1039 7 6 
 364 670 11 11 
 1072 428 3 3 
 1152 1045 6 5 
 1073 426 3 3 
 365 674 7 8 
 1149 1048 7 6 
 1073 426 3 3 
 371 670 4 4 
 1146 1050 7 8 
 1073 426 3 3 
 371 670 4 4 
 1145 1054 6 7 
 1065 429 3 3 
 371 670 4 4 
 1143 1058 6 7 
 1062 427 15 7 
 371 670 3 3 
 1143 1062 6 9 
 1062 422 4 3 
 366 673 9 11 
 1143 1068 6 8 
 1064 423 2 2 
 364 673 11 11 
 1063 422 3 3 
 364 674 4 4 
 1063 422 3 3 
 369 673 1 2 
 364 674 4 4 
 366 674 2 3 
 366 674 2 3 
 655 83 2 2 
 366 672 4 5 
 365 672 5 5 
 655 83 2 2 
 655 83 2 2 
 363 672 9 11 
 655 83 2 2 
 363 672 10 11 
 655 83 2 2 
 363 672 10 11 
 655 83 2 2 
 363 672 10 11 
 655 83 2 2 
 363 672 10 11 
 655 83 2 2 
 363 672 10 11 
 363 672 10 11 
 363 673 10 10 
 1033 426 3 3 
 364 675 8 8 
 372 679 1 2 
 1032 422 3 3 
 1031 423 3 3 
 365 674 2 2 
 1014 418 2 3 
 372 677 2 2 
 1011 417 5 6 
 366 675 2 2 
 1012 417 5 7 
 373 677 1 2 
 1017 424 3 3 
 0 693 4 5 
 0 693 4 7 
 1017 424 3 3 
 1031 423 3 3 
 1768 666 6 1 
 1023 424 3 4 
 1016 423 3 3 
 1014 420 3 3 
 1762 650 1 2 
 1019 422 3 3 
 1759 649 1 2 
 1016 423 3 3 
 1759 653 2 1 
 1011 422 10 5 
 1750 646 2 2 
 1011 423 8 5 
 1750 646 2 2 
 1014 420 1 2 
 1750 646 2 2 
 1013 421 2 2 
 1750 646 2 2 
 1013 421 3 2 
 1750 646 2 2 
 1015 422 2 2 
 1750 646 2 2 
 1013 422 4 2 
 1013 422 1 2 
 1013 422 1 2 
 1013 423 4 1 
