 339 42 16 12 
 346 43 11 9 
 346 44 11 8 
 350 49 3 3 
 346 45 16 14 
 346 45 10 8 
 353 52 12 9 
 353 53 9 7 
 355 55 6 7 
 355 56 6 13 
 356 58 3 3 
 350 56 15 17 
 349 63 15 14 
 349 67 3 3 
 347 65 19 17 
 359 72 3 3 
 348 67 15 17 
 351 75 8 9 
 352 84 5 5 
 352 85 3 3 
 351 85 8 11 
 346 87 13 15 
 345 91 13 15 
 352 96 3 3 
 343 95 13 17 
 337 101 20 17 
 336 104 19 20 
 336 108 17 18 
 337 114 12 15 
 334 118 14 17 
 337 122 3 3 
 330 122 19 21 
 328 127 19 21 
 328 135 16 20 
 327 142 14 17 
 326 152 10 12 
 322 154 15 18 
 321 159 15 19 
 318 166 16 21 
 319 173 13 17 
 318 185 9 11 
 320 187 3 3 
 313 187 16 19 
 313 193 14 19 
 311 201 14 20 
 310 209 14 17 
 312 220 7 11 
 308 225 11 15 
 301 236 18 23 
 300 244 17 23 
 300 261 3 3 
 299 253 16 20 
 533 37 1 2 
 297 261 16 21 
 997 1022 3 4 
 533 37 1 2 
 296 271 15 17 
 533 37 1 2 
 299 281 7 9 
 533 37 1 2 
 294 290 9 13 
 533 37 1 2 
 290 294 13 18 
 533 37 1 2 
 285 300 18 23 
 533 37 1 2 
 287 312 13 18 
 533 37 1 2 
 285 321 13 19 
 1037 1065 2 2 
 285 331 10 13 
 281 339 13 16 
 1037 1064 2 3 
 276 344 18 22 
 1037 1065 2 2 
 276 355 15 19 
 274 364 13 19 
 1017 1048 3 1 
 271 371 17 22 
 996 1020 3 5 
 271 380 15 17 
 1014 1047 6 4 
 273 390 3 3 
 993 1034 2 1 
 266 403 3 3 
 1011 1053 3 2 
 266 405 13 21 
 982 1019 6 6 
 263 416 16 20 
 982 1019 6 7 
 264 424 3 3 
 882 1013 3 3 
 262 432 14 18 
 879 1012 6 6 
 264 442 3 3 
 879 1012 6 6 
 259 450 11 17 
 879 1012 6 6 
 255 456 16 22 
 1011 1041 3 4 
 251 464 20 24 
 520 34 4 5 
 251 473 20 23 
 520 34 4 5 
 251 481 20 22 
 520 34 4 5 
 255 493 3 3 
 520 34 4 5 
 251 500 11 17 
 520 34 4 5 
 247 506 18 21 
 520 34 4 4 
 257 516 3 3 
 520 34 4 4 
 247 522 16 20 
 520 35 4 3 
 247 529 14 19 
 885 1014 1 2 
 1040 1065 2 2 
 247 539 10 17 
 242 555 3 3 
 241 554 16 21 
 241 562 15 21 
 251 576 3 3 
 245 579 4 3 
 241 591 3 3 
 236 596 11 17 
 242 602 3 3 
 1094 1060 2 2 
 1114 1073 2 1 
 233 610 15 18 
 232 617 15 19 
 1092 1059 5 4 
 233 625 12 15 
 996 1021 4 3 
 235 638 3 3 
 996 1022 3 3 
 226 640 16 21 
 994 1018 5 8 
 227 648 13 20 
 994 1018 5 8 
 223 652 19 24 
 1029 1070 7 5 
 235 670 3 3 
 1029 1070 7 5 
 528 42 2 3 
 1029 1070 4 4 
 220 673 15 19 
 528 42 2 3 
 1029 1070 4 4 
 216 677 20 23 
 528 42 2 3 
 1029 1070 4 4 
 217 686 16 18 
 528 42 2 3 
 1040 1065 2 2 
 216 692 14 20 
 528 42 2 3 
 216 701 12 18 
 1090 1059 6 4 
 528 42 2 3 
 216 713 8 14 
 528 42 2 3 
 209 720 16 20 
 528 42 2 3 
 1013 1035 2 1 
 209 725 16 21 
 1045 1074 2 1 
 209 736 14 17 
 208 741 13 19 
 1043 1075 1 2 
 1044 1077 2 2 
 209 753 8 14 
 211 761 3 3 
 202 766 16 19 
 201 775 14 18 
 855 1023 2 3 
 200 784 3 3 
 853 1023 3 3 
 209 795 3 3 
 792 1071 2 2 
 198 800 8 14 
 853 1021 4 5 
 192 808 15 17 
 852 1021 5 5 
 188 811 19 24 
 852 1022 4 4 
 779 1077 5 3 
 186 819 20 22 
 187 829 15 19 
 780 1077 4 3 
 780 1077 4 3 
 184 837 16 19 
 792 1078 3 2 
 183 844 14 19 
 182 854 11 17 
 792 1071 2 1 
 178 864 13 17 
 809 1070 3 2 
