 1044 465 2 3 
 1049 492 4 5 
 1049 496 4 6 
 1049 502 5 6 
 1049 507 5 6 
 1048 513 5 5 
 1047 518 5 6 
 1054 471 2 2 
 1045 523 5 6 
 1054 471 2 2 
 1043 527 5 7 
 1054 471 3 2 
 1041 532 6 7 
 1054 471 3 2 
 1040 539 4 6 
 1054 471 3 2 
 1037 544 6 7 
 1035 551 6 5 
 1035 557 5 6 
 1034 561 5 8 
 1051 469 6 5 
 1053 469 3 3 
 1032 568 6 8 
 1032 581 4 4 
 1030 589 5 5 
 1028 597 6 6 
 1762 254 2 3 
 1026 601 8 10 
 1777 244 2 2 
 336 227 2 2 
 1025 609 6 8 
 0 693 5 5 
 1763 255 1 2 
 0 693 5 6 
 1763 255 1 2 
 4 693 1 6 
 0 695 5 4 
 1016 639 5 5 
 1014 644 5 7 
 1012 649 6 8 
 1011 658 4 4 
 1009 663 6 6 
 1007 669 6 8 
 1006 675 5 6 
 1003 676 7 7 
 653 80 5 6 
 1003 679 6 6 
 653 80 5 6 
 1002 682 6 5 
 1055 478 3 3 
 653 80 5 6 
 1001 685 6 6 
 1044 477 6 5 
 653 80 5 6 
 1001 690 5 5 
 1044 477 6 6 
 653 80 5 4 
 1000 694 5 6 
 1045 477 5 6 
 653 80 4 4 
 998 699 6 6 
 653 80 4 4 
 997 704 6 7 
 653 80 4 4 
 996 710 6 7 
 995 715 6 8 
 994 722 5 7 
 1054 478 4 5 
 993 728 5 7 
 1054 478 4 2 
 1780 257 2 1 
 991 733 6 7 
 989 740 6 6 
 988 745 6 7 
 986 750 5 8 
 1787 264 3 2 
 984 758 5 6 
 1791 261 3 3 
 1791 261 3 3 
 983 763 6 7 
 980 769 6 6 
 1032 471 2 2 
 977 774 5 5 
 1032 471 2 2 
 974 779 5 4 
 1057 471 2 2 
 1792 263 2 1 
 969 782 6 6 
 1792 263 2 1 
 1057 471 2 2 
 1792 263 2 1 
 966 787 5 5 
 1057 471 2 2 
 964 791 4 4 
 1775 264 1 2 
 1057 471 2 2 
 963 794 4 5 
 1783 265 2 2 
 1057 471 2 2 
 960 797 6 5 
 1788 266 3 2 
 1057 471 2 2 
 960 801 3 3 
 1061 478 2 2 
 959 803 4 4 
 1046 455 3 3 
 958 807 3 4 
 1058 479 2 3 
 957 810 2 3 
 1059 479 1 2 
 1056 484 2 3 
 1073 461 6 13 
 1075 471 1 3 
 1052 476 2 3 
 1051 483 6 8 
 1073 461 1 2 
 636 72 2 2 
 1050 476 7 15 
 1050 474 7 17 
 636 72 2 1 
 1049 474 8 17 
 636 72 2 1 
 1049 474 8 17 
 636 72 2 1 
 636 72 2 1 
 1049 474 9 17 
 1061 486 7 5 
 636 72 2 1 
 636 72 2 1 
 1062 486 8 5 
 636 72 2 1 
 1062 486 10 5 
 1063 486 11 5 
 1063 486 11 5 
 1063 486 10 5 
 1064 487 15 5 
 1789 274 2 2 
 1789 274 2 2 
 1066 487 14 5 
 1070 488 11 4 
 655 70 2 2 
 1789 274 2 2 
 1070 488 15 4 
 655 70 2 2 
 655 70 2 2 
 1074 488 12 5 
 1077 488 14 5 
 655 70 2 2 
 1077 488 14 5 
 655 70 2 2 
 655 70 2 2 
 1059 484 4 7 
 655 70 2 2 
 1077 488 15 5 
 1060 485 3 6 
 1061 486 2 5 
 886 947 2 1 
 1061 486 2 5 
 1730 260 2 4 
 1061 486 2 2 
