 307 63 11 9 
 304 65 12 8 
 295 67 14 13 
 292 69 13 12 
 293 75 6 7 
 287 76 11 11 
 292 79 3 3 
 283 78 14 13 
 279 82 14 12 
 278 85 11 11 
 275 93 7 7 
 270 95 11 12 
 265 97 15 14 
 261 101 15 15 
 268 111 3 3 
 258 105 13 14 
 257 113 7 9 
 252 119 9 9 
 246 122 13 14 
 245 126 3 3 
 241 125 15 17 
 233 135 14 14 
 231 142 10 12 
 226 148 11 12 
 1120 531 5 4 
 1042 1071 3 3 
 220 153 13 15 
 1120 531 5 5 
 1042 1072 2 2 
 214 159 15 15 
 1044 1071 2 3 
 1121 529 2 3 
 209 163 16 18 
 1044 1071 2 3 
 1121 529 2 3 
 206 170 14 15 
 1044 1071 2 3 
 1121 529 2 3 
 204 180 3 3 
 1121 529 2 2 
 198 184 11 14 
 1121 529 2 2 
 193 190 13 15 
 186 197 16 16 
 1121 529 2 2 
 1043 1065 1 2 
 536 46 1 2 
 1043 1065 1 2 
 536 46 1 2 
 1043 1065 1 2 
 536 46 1 2 
 536 46 1 2 
 1043 1065 2 2 
 536 46 1 2 
 536 46 1 2 
 536 46 1 2 
 1044 1071 2 3 
 536 46 1 2 
 153 253 9 11 
 146 261 11 12 
 141 265 13 16 
 137 273 13 16 
 130 280 17 18 
 832 1036 1 2 
 131 288 12 13 
 832 1036 1 2 
 127 298 8 10 
 832 1036 1 2 
 1029 1069 2 2 
 122 303 11 14 
 117 309 13 16 
 832 1036 1 2 
 113 316 14 17 
 832 1036 1 2 
 111 322 14 17 
 831 1037 2 2 
 109 331 12 13 
 1120 533 4 7 
 112 339 3 3 
 818 1073 3 3 
 101 346 10 13 
 96 352 13 15 
 93 359 13 17 
 89 365 15 17 
 86 371 15 16 
 491 33 8 7 
 85 380 10 12 
 491 33 8 7 
 79 388 10 13 
 491 33 8 7 
 1121 537 2 3 
 491 33 8 7 
 71 400 14 16 
 491 33 8 7 
 1086 1063 2 1 
 65 413 14 15 
 491 33 8 7 
 1086 1063 2 1 
 83 618 4 5 
 491 33 8 7 
 1085 1062 3 3 
 56 433 10 10 
 1085 1065 3 3 
 52 435 12 15 
 48 441 13 16 
 1085 1061 3 4 
 50 445 3 3 
 1084 1061 4 7 
 41 449 14 19 
 1084 1061 4 7 
 40 449 12 10 
 1098 1055 1 3 
 39 450 8 7 
 1097 1055 3 4 
 24 476 15 16 
 1097 1055 3 4 
 17 482 18 17 
 1097 1053 4 6 
 15 488 16 16 
 1097 1054 4 5 
 12 496 12 13 
 1098 1056 3 3 
 8 512 5 5 
 1096 1054 4 5 
 0 513 14 14 
 1096 1054 4 5 
 0 517 10 15 
 1137 1072 2 2 
 1149 1078 2 2 
 1096 1054 2 5 
 1096 1054 2 5 
 528 39 2 2 
 1101 1070 1 2 
 523 42 1 2 
 1101 1070 1 2 
 523 42 1 2 
 1107 1071 1 2 
 523 42 1 2 
 523 42 1 2 
 523 42 1 2 
 523 42 1 2 
 523 42 1 2 
