 1050 481 1 2 
 1053 508 3 5 
 1052 512 5 6 
 1053 516 5 8 
 1053 522 6 6 
 1055 525 6 8 
 1056 530 6 8 
 1058 535 5 7 
 1060 541 5 5 
 1062 544 4 5 
 1063 548 5 4 
 1069 565 2 3 
 1070 570 3 3 
 1070 574 6 6 
 1073 580 3 3 
 1075 584 3 4 
 624 62 4 4 
 624 62 4 4 
 624 62 4 4 
 1044 480 4 4 
 624 62 4 4 
 624 62 4 4 
 1044 480 4 5 
 624 62 4 4 
 624 62 4 4 
 624 62 4 4 
 1044 480 4 4 
 624 62 4 4 
 642 65 1 2 
 1043 478 5 7 
 1045 478 3 4 
 642 65 1 2 
 642 65 1 2 
 642 65 1 2 
 642 65 1 2 
 642 65 1 2 
 642 65 1 2 
 1048 458 3 10 
 652 66 2 1 
 1078 466 2 2 
 652 66 2 1 
 1078 466 3 6 
 652 66 2 1 
 1077 466 5 8 
 1077 466 5 8 
 1045 464 3 3 
 246 218 2 2 
 1075 466 6 8 
 246 217 3 3 
 1075 466 6 8 
 660 70 2 2 
 1075 466 6 8 
 660 70 2 2 
 1052 485 2 4 
 660 70 2 2 
 1051 483 3 3 
 660 70 2 2 
 1051 485 6 6 
 660 70 2 2 
 1051 484 7 8 
 1061 486 7 6 
 660 70 2 2 
 1061 486 7 6 
 660 70 2 2 
 1061 486 7 6 
 660 70 2 2 
 1061 486 7 6 
 1061 486 7 6 
 1052 484 7 8 
 1061 486 7 5 
 1065 488 2 3 
 1065 488 2 2 
 1053 477 4 5 
 1054 477 3 5 
 1056 478 3 3 
 1057 479 2 2 
 657 62 2 1 
 1057 479 2 2 
 653 64 2 2 
 653 64 2 2 
 653 64 2 2 
 653 64 2 2 
 653 64 2 2 
 653 64 2 2 
 653 64 2 2 
