 1647 792 6 12 
 1648 801 5 6 
 1650 813 4 8 
 1649 818 8 14 
 1650 827 8 15 
 1651 836 9 16 
 1654 846 9 15 
 1656 855 8 15 
 1658 863 8 14 
 1660 872 7 14 
 1663 881 7 15 
 1664 890 8 16 
 1666 900 8 16 
 1667 911 8 15 
 1668 921 8 14 
 1669 930 8 14 
 1669 940 8 14 
 1669 949 9 16 
 1670 960 8 15 
 1671 971 8 15 
 1672 981 8 16 
 1674 1003 8 14 
 1676 1012 8 15 
 532 47 2 1 
 1677 1021 8 15 
 532 47 2 1 
 1678 1030 9 16 
 523 51 2 1 
 1680 1040 8 16 
 1681 1051 8 16 
 523 51 2 1 
 1682 1062 8 17 
 534 60 2 3 
 1509 1022 2 3 
 1509 1022 2 3 
 1509 1022 2 3 
 1509 1022 2 3 
 1509 1022 2 3 
 1509 1022 2 3 
 1509 1022 2 3 
 1509 1022 2 3 
 852 1043 2 2 
 852 1043 2 2 
 852 1043 2 2 
 852 1043 2 2 
 524 35 4 2 
 526 35 2 1 
 526 35 2 1 
 526 35 2 1 
 526 35 2 1 
 526 35 2 1 
 26 779 2 3 
 519 48 1 2 
