 690 766 2 2 
 675 775 1 2 
 696 806 2 2 
 698 808 2 2 
 747 859 3 2 
 750 862 4 4 
 764 873 4 3 
 796 901 5 4 
 802 913 4 3 
 807 918 2 2 
 815 933 2 3 
 816 937 3 4 
 816 941 5 4 
 819 946 4 3 
 823 950 2 3 
 837 977 2 1 
 843 991 2 2 
 845 993 3 3 
 853 1006 3 1 
 857 1010 4 4 
 623 62 7 11 
 623 62 7 11 
 623 62 7 11 
 623 62 7 11 
 623 62 7 11 
 875 1056 1 2 
 880 1064 1 2 
 882 1067 4 3 
 657 66 3 2 
 657 66 3 2 
 657 66 3 2 
 657 66 3 2 
 657 66 3 2 
 657 66 3 2 
 664 86 2 2 
 657 70 5 8 
 665 71 2 2 
 665 71 2 2 
 665 71 2 2 
 665 71 2 2 
 665 71 2 2 
 665 71 2 2 
 665 71 2 2 
 665 71 2 2 
