 1419 390 1 2 
 1419 395 2 2 
 1420 398 1 2 
 1423 405 4 6 
 1423 406 3 6 
 1424 409 2 4 
 1424 411 3 3 
 1438 413 3 5 
 1442 421 5 4 
 1444 424 4 1 
 1448 429 3 1 
 1453 440 5 5 
 1454 442 6 9 
 1457 449 5 8 
 1459 463 4 4 
 1459 469 3 2 
 829 501 1 3 
 665 63 1 2 
 665 63 1 2 
 665 63 1 2 
 665 63 1 2 
 665 63 1 2 
 665 63 1 2 
 1474 476 3 2 
 656 73 2 2 
 1476 477 3 1 
 656 73 2 2 
 1472 502 4 3 
 1473 503 6 6 
 1475 505 6 7 
 1478 507 6 7 
 1482 509 6 6 
 1486 512 3 3 
 1493 503 6 6 
 1496 507 7 6 
 1497 521 5 7 
 1514 324 2 3 
 1509 525 8 10 
 1514 529 8 6 
 1520 533 6 3 
 1536 535 3 2 
 1539 533 2 3 
 1531 562 3 3 
 1534 564 3 5 
 1546 536 3 5 
 1553 538 2 4 
 1556 540 3 3 
 1555 544 4 5 
 1561 551 3 2 
 1561 554 1 2 
 1564 559 5 4 
 1567 561 5 5 
 1570 565 5 4 
 1582 577 6 4 
 1586 580 7 5 
 1590 584 6 5 
 1605 589 2 1 
 1603 592 7 7 
 1608 594 7 9 
 1613 597 6 9 
 1622 605 3 6 
 1627 608 2 5 
 1636 624 3 2 
 1642 630 2 1 
 1643 634 3 3 
 1645 639 5 7 
 1648 643 6 9 
 1650 649 7 9 
 1653 656 7 7 
 1659 667 3 2 
 1660 730 2 1 
 1663 731 4 5 
 1667 732 4 8 
 1672 737 3 6 
