 505 318 4 4 
 504 319 5 4 
 503 320 5 4 
 503 322 5 4 
 503 323 5 4 
 503 325 5 4 
 503 328 4 4 
 504 331 4 5 
 504 334 4 5 
 504 338 6 5 
 505 341 5 5 
 506 345 4 5 
 507 350 4 4 
 508 355 4 4 
 510 359 4 4 
 514 371 5 4 
 516 376 3 1 
 518 383 5 4 
 520 387 4 4 
 521 391 5 5 
 524 399 5 5 
 525 403 5 6 
 526 408 6 6 
 528 414 5 5 
 530 419 5 5 
 532 425 5 5 
 533 430 6 5 
 535 435 6 4 
 538 439 6 5 
 540 444 6 5 
 543 449 5 5 
 546 454 4 4 
 550 464 4 4 
 553 468 3 4 
 555 478 5 4 
 557 483 4 3 
 557 487 6 5 
 559 491 5 5 
 560 495 6 5 
 515 60 4 4 
 563 500 5 4 
 515 60 4 4 
 565 503 4 5 
 515 60 4 4 
 567 508 3 4 
 515 60 4 4 
 568 511 4 4 
 515 60 4 4 
 570 515 3 5 
 515 60 4 4 
 571 520 4 4 
 515 60 4 4 
 572 524 5 4 
 515 60 4 4 
 575 529 3 4 
 576 534 4 4 
 577 540 4 4 
 578 545 5 4 
 580 550 4 4 
 582 556 3 4 
 584 561 2 4 
 584 564 5 5 
 587 570 3 2 
 588 575 3 4 
 585 591 4 3 
 586 595 3 5 
 586 600 3 4 
 586 604 3 4 
 585 609 3 3 
 585 612 3 4 
 585 617 2 1 
 584 628 3 3 
 587 619 5 4 
 587 622 5 5 
 588 627 4 4 
 589 631 4 4 
 589 634 5 5 
 590 638 5 5 
 591 642 5 5 
 592 646 6 5 
 594 649 5 5 
 595 653 5 4 
 596 657 4 3 
 597 660 4 4 
 596 663 6 4 
 592 690 4 3 
 592 693 4 4 
 592 697 4 4 
 592 701 4 5 
 592 706 4 4 
 593 710 2 2 
 598 686 5 4 
 600 691 2 2 
 525 34 1 2 
 525 34 1 2 
 600 702 2 2 
 525 34 1 2 
 602 707 3 3 
 525 34 1 2 
 602 711 5 4 
 525 34 1 2 
 603 715 5 6 
 525 34 1 2 
 603 719 6 7 
 525 34 1 2 
 604 726 6 6 
 525 34 1 2 
