 1231 615 4 4 
 1232 617 4 4 
 1234 619 3 4 
 1237 622 2 1 
 1243 628 2 3 
 1244 630 2 2 
 1245 632 3 3 
 1246 634 4 4 
 1247 636 5 4 
 1249 638 4 4 
 1251 641 3 4 
 1253 643 3 3 
 1257 651 4 2 
 1261 657 3 3 
 1262 659 3 3 
 1268 680 2 2 
 1269 683 3 3 
 1270 685 3 3 
 1272 687 2 3 
 1272 689 4 3 
 1274 690 3 4 
 1275 692 2 3 
 1276 694 2 1 
 1279 700 2 1 
 1281 707 2 2 
 1282 708 2 3 
 1282 710 2 1 
 1287 724 2 1 
 1290 725 2 2 
 1290 726 3 4 
 1291 729 3 4 
 1292 732 4 4 
 1294 734 4 4 
 1295 737 4 4 
 1297 740 4 3 
 1299 742 3 3 
 1301 747 2 1 
 1301 744 2 2 
 1308 760 3 2 
 1309 761 4 5 
 1310 765 4 4 
 1311 768 3 3 
 1312 771 4 4 
 1313 773 4 5 
 1315 779 5 3 
 1318 783 2 2 
 1319 786 3 2 
 1321 788 2 3 
 1322 791 3 3 
 649 63 2 1 
 649 63 2 1 
 649 63 2 1 
 649 63 2 1 
 649 63 2 1 
 649 63 2 1 
 649 63 2 1 
 649 63 2 1 
 1341 836 1 2 
 1341 837 4 4 
 1343 839 3 4 
 1344 842 3 3 
 1346 845 2 4 
 1347 848 3 3 
 1354 866 2 1 
 1354 868 2 1 
 64 309 1 2 
 668 64 2 2 
 668 64 2 2 
 668 64 2 2 
 668 64 2 2 
 668 64 2 2 
 668 64 2 2 
 668 64 2 2 
 668 64 2 2 
