 296 520 9 12 
 298 521 10 11 
 300 523 11 9 
 302 524 12 9 
 305 526 12 7 
 308 527 11 8 
 312 530 10 13 
 314 536 10 9 
 315 540 12 6 
 318 548 9 9 
 320 552 9 10 
 321 563 3 3 
 321 557 9 12 
 325 564 4 13 
 323 571 5 14 
 320 579 6 12 
 314 585 11 14 
 313 593 10 11 
 314 604 10 10 
 317 611 10 14 
 318 620 11 12 
 319 627 11 10 
 322 633 9 9 
 324 639 8 9 
 325 646 5 7 
 325 653 4 5 
 324 657 5 5 
 329 661 4 3 
 323 662 5 4 
 328 666 4 3 
 322 667 9 5 
 328 673 3 2 
 321 672 5 3 
 327 675 3 3 
 325 678 3 2 
 320 678 4 3 
 327 681 4 6 
 322 688 3 3 
 319 684 10 8 
 319 690 12 9 
 319 696 11 9 
 320 703 10 7 
 320 709 9 8 
 320 715 6 6 
 320 722 5 5 
 320 729 5 4 
 321 736 5 5 
 324 751 3 2 
 329 748 3 3 
 321 743 6 5 
 323 758 11 9 
 327 774 7 3 
 325 766 7 4 
 653 62 4 4 
 1501 839 3 2 
 810 497 2 2 
 810 496 2 3 
 1502 839 2 1 
 1499 850 2 2 
 810 497 2 2 
 825 500 1 2 
 1496 841 2 2 
 1499 850 2 1 
 825 499 3 3 
 825 499 3 3 
 325 822 8 12 
 825 499 3 4 
 322 833 7 7 
 825 499 3 4 
 319 844 15 6 
 321 864 8 4 
 823 499 5 4 
 315 868 15 10 
 823 499 4 4 
 312 881 15 8 
 822 499 5 4 
 311 891 14 10 
 822 498 4 6 
 821 498 5 6 
 311 901 10 12 
 821 498 5 6 
 309 912 10 12 
 821 498 5 6 
 307 926 11 11 
 820 498 5 6 
 306 940 9 13 
 820 499 4 5 
 304 951 9 13 
 820 499 4 5 
 304 963 8 13 
 659 71 2 3 
 304 976 9 14 
 820 499 4 5 
 305 990 11 14 
 659 71 2 3 
 819 499 4 5 
 305 1004 13 9 
 659 71 2 3 
 818 500 5 4 
 308 1016 11 7 
 659 71 2 3 
 818 795 2 1 
 315 1025 5 5 
 659 71 2 3 
 315 1035 10 10 
 659 71 2 3 
 319 1045 12 9 
 659 71 2 3 
 1490 844 5 11 
 818 500 4 5 
 323 1056 12 12 
 659 71 2 3 
 1490 844 8 11 
 326 1066 12 12 
 1454 857 3 1 
 1454 857 3 1 
 1454 857 3 1 
 1454 857 3 1 
 1502 835 3 3 
 1490 845 3 3 
 1489 845 4 5 
 1489 843 3 1 
 1489 843 2 1 
 820 501 4 5 
 1490 852 2 3 
 1490 844 2 4 
 181 495 4 4 
 1490 850 4 4 
 1491 850 3 4 
 1491 846 3 7 
 181 495 4 6 
 182 497 3 3 
 1492 851 3 2 
 182 497 3 3 
 1523 856 2 2 
 182 497 3 3 
 182 497 3 3 
 1522 856 2 1 
 179 496 1 2 
 182 494 4 6 
 183 494 3 3 
 183 494 3 4 
 183 494 3 4 
 183 494 3 4 
 184 494 2 4 
 184 492 2 6 
 183 493 3 3 
 183 493 3 3 
 183 493 3 3 
 183 492 3 3 
 1516 849 1 2 
 183 492 3 3 
 1499 850 1 2 
 183 492 3 3 
 1478 863 2 2 
 229 274 2 3 
 183 492 3 3 
 1499 850 2 2 
 1499 850 2 2 
 1499 850 4 3 
 1499 850 4 3 
 185 496 2 4 
 1499 850 4 3 
 1499 850 4 3 
 183 496 1 2 
 1499 850 4 3 
 659 62 1 2 
 1500 853 1 2 
 1501 851 2 2 
 659 62 1 2 
 393 894 2 1 
 659 62 1 2 
 393 894 3 4 
 659 62 1 2 
 180 497 4 3 
 393 894 3 4 
 659 62 1 2 
 185 495 1 2 
 659 62 1 2 
 343 896 3 3 
 185 495 1 2 
 659 62 1 2 
 344 897 2 2 
 185 495 1 2 
 659 62 1 2 
 373 988 2 1 
 185 495 1 2 
 368 989 2 2 
 185 495 1 2 
