 3 289 2 2 
 0 295 8 7 
 5 296 9 7 
 8 297 10 9 
 11 298 9 10 
 12 298 9 12 
 15 299 6 12 
 16 301 5 11 
 20 307 5 7 
 23 308 3 8 
 23 310 3 4 
 19 314 1 2 
 24 312 3 6 
 19 315 2 3 
 24 314 3 4 
 19 316 3 4 
 24 317 3 1 
 22 319 2 3 
 16 323 5 3 
 16 324 9 4 
 19 328 4 3 
 16 327 6 4 
 14 330 7 5 
 14 332 8 6 
 667 61 2 3 
 1706 786 4 5 
 23 333 4 2 
 667 61 3 3 
 1706 786 4 5 
 12 336 9 10 
 667 62 3 2 
 21 336 2 1 
 1706 786 4 5 
 667 62 3 2 
 19 336 3 2 
 1706 786 3 5 
 667 62 3 2 
 17 337 3 4 
 1706 786 3 5 
 667 62 3 2 
 14 338 4 4 
 667 62 3 2 
 8 363 3 3 
 7 368 5 4 
 667 62 3 2 
 13 365 2 2 
 5 370 3 3 
 8 373 7 4 
 5 380 2 1 
 5 383 7 3 
 8 385 4 2 
 10 386 3 5 
 4 392 4 1 
 0 396 1 3 
 0 397 1 4 
 3 398 8 5 
 0 401 9 5 
 0 404 8 4 
 0 407 6 6 
 0 422 5 8 
 0 411 3 4 
 1689 783 2 2 
 1689 783 2 2 
 1688 788 2 3 
 1688 781 2 3 
 1688 781 2 3 
 1688 781 3 3 
 662 87 3 5 
 662 87 3 5 
 662 87 3 5 
 662 87 3 5 
 662 87 3 5 
 662 87 3 5 
 662 87 3 5 
 662 87 3 5 
