 662 748 3 20 
 662 749 2 6 
 666 750 2 2 
 666 753 3 12 
 667 749 2 3 
 667 766 2 6 
 667 753 2 12 
 667 751 2 1 
 668 754 2 7 
 668 769 1 2 
 668 766 1 2 
 668 762 1 2 
 711 809 6 4 
 713 821 7 2 
 716 833 9 6 
 719 840 9 6 
 728 846 3 1 
 729 867 2 1 
 728 848 6 5 
 735 874 2 4 
 736 858 2 3 
 736 878 2 1 
 738 863 3 2 
 743 889 2 2 
 745 895 3 2 
 745 897 2 1 
 746 907 2 1 
 749 920 3 6 
 749 924 4 8 
 750 932 2 5 
 750 938 2 3 
 751 944 3 4 
 754 954 3 3 
 757 959 3 4 
 758 970 5 3 
 761 973 5 6 
 764 976 3 3 
 765 984 3 2 
 765 983 5 5 
 764 985 5 6 
 764 992 4 3 
 764 1002 5 4 
 766 1012 4 3 
 767 1017 3 3 
 767 1023 3 2 
 626 67 3 3 
 765 1038 6 6 
 626 67 3 3 
 765 1052 3 3 
 626 67 3 3 
 763 1055 5 4 
 626 67 3 3 
 626 67 3 3 
 626 67 3 3 
 626 67 3 3 
 626 67 3 3 
 654 63 3 2 
 654 63 3 2 
 654 63 3 2 
 654 63 3 2 
 654 63 2 1 
 654 63 2 1 
 654 63 2 1 
 654 63 2 1 
 649 81 2 3 
 649 81 2 2 
 649 81 2 2 
 649 81 2 2 
 649 81 2 2 
 649 81 2 2 
 649 81 2 2 
 649 81 2 2 
