 718 28 5 4 
 718 4 2 2 
 692 3 1 2 
 719 57 4 4 
 724 39 4 3 
 725 58 7 4 
 727 63 6 4 
 733 70 5 3 
 743 130 2 3 
 743 134 2 2 
 745 156 3 2 
 747 167 3 2 
 750 171 2 1 
 749 175 3 3 
 749 176 3 3 
 747 185 5 4 
 747 189 4 3 
 748 201 2 2 
 744 217 5 5 
 742 230 3 3 
 739 247 4 2 
 734 264 7 7 
 736 271 4 6 
 730 299 4 2 
 729 308 6 4 
 728 312 7 4 
 728 317 5 4 
 727 321 6 5 
 729 326 2 1 
 727 333 2 2 
 726 337 3 1 
 724 346 2 2 
 701 378 5 4 
 697 379 5 7 
 696 383 2 2 
 684 396 3 4 
 680 397 6 5 
 681 401 1 2 
 673 408 6 4 
 669 413 6 6 
 666 417 6 7 
 662 424 5 6 
 658 431 4 4 
 653 439 3 4 
 649 446 2 3 
 648 451 2 3 
 641 457 5 4 
 636 463 4 5 
 630 469 5 6 
 626 472 2 3 
 625 477 4 3 
 619 487 4 4 
 616 488 5 9 
 614 494 5 3 
 613 507 4 2 
 611 512 3 1 
 611 508 2 2 
 608 517 2 1 
 609 513 3 2 
 601 529 8 3 
 602 534 2 1 
 592 547 7 4 
 592 548 4 5 
 583 563 4 3 
 577 576 3 1 
 574 588 4 6 
 572 594 6 6 
 572 600 6 6 
 572 606 7 5 
 573 609 8 7 
 575 612 7 6 
 575 619 3 2 
 578 615 2 2 
 573 620 8 5 
 573 625 5 4 
 575 621 4 4 
 572 629 6 4 
 572 635 5 4 
 574 631 1 2 
 572 640 4 4 
 568 665 2 1 
 567 668 4 3 
 567 677 4 2 
 572 681 3 3 
 565 694 2 2 
 563 697 5 5 
 560 700 6 9 
 557 705 7 9 
 556 718 2 2 
 555 710 6 6 
 534 751 7 3 
 529 754 10 6 
 528 756 7 7 
 528 761 2 2 
 523 768 6 5 
 523 772 2 4 
 519 777 3 7 
 516 784 3 5 
 505 808 4 4 
 501 816 4 4 
 497 820 5 7 
 493 830 4 4 
 489 840 2 2 
 479 850 6 3 
 474 858 6 5 
 469 861 3 3 
 467 867 5 5 
 466 874 3 4 
 462 875 7 7 
 459 877 8 9 
 458 882 8 9 
 456 887 8 9 
 455 893 7 6 
 452 903 1 2 
 891 166 1 2 
 891 166 1 2 
 891 166 1 2 
 891 166 1 2 
 435 913 3 5 
 432 915 3 4 
 1080 1069 4 2 
 425 916 5 8 
 891 163 2 2 
 421 918 6 9 
 1076 1071 1 2 
 1072 1077 2 3 
 1076 1075 1 2 
 407 933 8 8 
 404 939 8 6 
 1075 1075 2 2 
 1074 1075 3 3 
 890 170 3 2 
 1070 1076 3 4 
 1070 1077 3 3 
 1063 1073 2 1 
 1067 1072 2 1 
 1096 1050 2 1 
 1096 1050 2 1 
 364 972 2 4 
 890 168 2 1 
 1096 1050 2 1 
 1072 1077 2 3 
 352 975 6 8 
 347 978 8 8 
 343 982 9 8 
 340 986 9 8 
 337 991 9 7 
 334 995 9 7 
 331 1000 8 6 
 328 1005 9 6 
 324 1009 11 5 
 321 1013 11 5 
 321 1016 4 3 
 1011 1049 4 4 
 1092 1055 1 2 
 1083 1078 3 2 
 1289 721 2 1 
 307 1018 7 8 
 1082 1077 4 3 
 533 36 3 2 
 1082 1077 3 2 
 533 36 3 2 
 1066 1076 2 4 
 533 36 3 2 
 1086 1076 2 2 
 533 36 3 2 
 1065 1076 3 4 
 533 36 3 2 
 1041 1074 1 2 
 1289 719 3 5 
 533 36 3 2 
 1125 1075 4 5 
 533 36 3 2 
 1086 1075 2 3 
 1289 719 3 4 
 533 36 3 2 
 1069 1077 2 1 
 1087 1075 1 2 
 1120 1063 1 2 
 1120 1063 1 2 
 1120 1062 1 2 
 1069 1076 2 2 
 261 1070 8 6 
 828 1024 2 2 
 990 1020 3 2 
 1067 1076 2 4 
