 396 585 3 3 
 396 586 3 4 
 396 588 2 3 
 390 598 3 3 
 387 600 3 4 
 394 640 3 4 
 386 603 2 3 
 394 641 3 4 
 394 642 3 4 
 393 643 5 5 
 393 644 5 5 
 393 645 5 5 
 393 646 4 5 
 393 647 3 3 
 392 647 5 5 
 392 648 5 5 
 392 649 4 4 
 391 650 4 5 
 391 652 3 3 
 389 661 3 2 
 388 662 4 3 
 388 663 4 4 
 386 664 5 7 
 387 667 3 4 
 390 676 2 1 
 389 677 4 3 
 390 678 4 4 
 390 680 5 4 
 390 682 6 4 
 392 684 3 2 
 393 692 3 3 
 395 693 2 2 
 393 704 4 3 
 394 707 3 2 
 393 709 4 4 
 393 712 4 3 
 394 742 5 3 
 396 748 2 3 
 395 749 4 3 
 395 750 4 4 
 395 751 5 5 
 394 753 6 4 
 394 754 5 5 
 395 755 3 4 
 395 756 3 4 
 395 757 3 5 
 395 758 3 4 
 395 760 2 2 
 393 767 2 2 
 393 770 2 3 
 391 771 5 3 
 390 772 5 4 
 391 782 4 2 
 392 783 3 3 
 392 786 3 2 
 393 787 2 2 
 393 788 2 3 
 393 790 2 2 
 395 792 2 3 
 395 793 2 1 
 398 797 2 1 
 402 823 3 3 
 400 825 4 4 
 399 826 4 5 
 399 828 4 4 
 398 829 5 4 
 398 831 5 4 
 398 831 3 3 
 400 833 2 3 
 400 835 3 3 
 400 837 3 3 
 400 839 3 3 
 401 840 4 4 
 401 842 5 4 
 401 843 6 5 
 402 846 5 4 
 403 848 3 3 
 404 850 1 2 
 404 851 2 3 
 402 853 3 4 
 401 856 4 3 
 399 866 4 3 
 400 870 2 2 
 399 872 3 4 
 397 875 5 4 
 398 877 5 4 
 399 880 4 4 
 399 882 5 4 
 640 76 3 3 
 400 884 4 4 
 640 76 3 3 
 400 886 5 4 
 640 76 3 3 
 400 887 5 5 
 640 76 3 3 
 399 890 7 5 
 641 75 3 3 
 400 892 6 5 
 641 75 3 3 
 400 894 6 5 
 641 75 3 3 
 400 895 6 7 
 641 75 3 3 
 401 897 5 6 
 400 900 4 5 
 398 906 4 5 
 644 841 2 2 
 399 909 3 4 
 644 841 2 2 
 644 841 2 2 
 400 916 3 3 
 400 918 4 3 
 401 920 4 3 
 402 922 4 4 
 654 62 4 3 
 404 924 3 3 
 654 62 4 3 
 404 925 3 2 
 654 62 4 3 
 405 927 3 5 
 654 62 4 3 
 405 928 3 5 
 654 62 4 3 
 654 62 4 3 
 654 62 4 3 
 406 930 1 2 
 406 932 4 4 
 654 62 4 3 
 407 938 1 2 
 404 941 4 3 
 404 943 5 3 
 404 944 4 4 
 406 954 2 3 
 405 955 5 3 
 405 956 5 4 
 405 957 6 5 
 406 960 5 3 
 406 961 5 4 
 406 963 5 4 
 407 964 5 4 
 660 71 2 1 
 660 71 2 1 
 406 971 4 4 
 665 89 2 2 
 660 71 2 1 
 405 972 4 5 
 660 71 2 1 
 404 973 5 6 
 660 71 2 1 
 405 974 4 7 
 660 71 2 1 
 406 978 2 4 
 660 71 2 1 
 406 982 4 5 
 406 985 4 4 
 407 987 4 4 
 408 989 4 3 
 408 990 4 4 
 410 991 2 3 
 411 995 2 4 
 410 997 3 4 
