 393 582 4 4 
 412 591 4 3 
 379 591 5 5 
 374 598 5 5 
 411 590 5 4 
 411 590 3 3 
 411 611 1 2 
 411 590 5 4 
 411 590 3 3 
 365 613 3 2 
 357 619 5 6 
 353 630 4 4 
 345 639 5 4 
 341 645 4 4 
 335 656 4 5 
 329 663 6 8 
 319 683 5 8 
 312 696 5 5 
 305 706 6 5 
 300 719 3 4 
 292 727 5 8 
 287 740 5 7 
 276 767 5 6 
 255 835 4 7 
 250 845 5 9 
 639 62 3 2 
 415 598 4 5 
 639 62 3 2 
 415 598 4 5 
 415 598 4 5 
 693 179 3 4 
 218 919 4 6 
 212 934 4 7 
 694 177 1 3 
 206 951 2 3 
 198 963 5 8 
 659 84 3 3 
 659 84 3 3 
 659 84 3 3 
 159 1050 5 6 
 649 88 2 1 
 649 88 2 1 
 649 88 2 1 
 649 88 2 1 
 415 608 2 2 
 422 599 1 2 
 422 599 1 2 
 416 608 2 2 
 416 608 3 2 
 417 608 2 2 
 657 63 2 1 
 417 608 2 2 
 651 65 2 2 
 417 608 2 2 
 651 65 2 2 
 651 65 2 2 
 422 600 1 2 
 651 65 2 2 
 422 600 1 2 
 651 65 2 2 
 419 599 2 2 
 651 65 2 2 
 651 65 2 2 
