 212 148 17 19 
 218 148 3 3 
 209 155 16 19 
 205 159 18 22 
 207 169 11 13 
 204 176 10 14 
 198 180 17 19 
 195 185 19 21 
 211 194 3 3 
 193 192 18 20 
 207 197 3 3 
 192 200 15 18 
 193 209 9 12 
 185 217 16 19 
 179 233 16 18 
 177 248 12 14 
 172 259 15 18 
 176 259 3 3 
 167 274 15 19 
 171 274 3 3 
 163 288 13 16 
 160 293 17 20 
 159 300 15 20 
 156 308 18 21 
 1438 48 3 1 
 156 316 16 18 
 157 327 10 12 
 153 332 12 15 
 151 338 13 18 
 148 344 15 21 
 146 352 18 20 
 526 34 1 2 
 147 361 14 15 
 526 34 1 2 
 145 366 14 18 
 526 34 1 2 
 143 372 15 19 
 526 34 1 2 
 141 380 17 20 
 530 39 1 2 
 140 387 17 20 
 527 56 2 2 
 142 396 12 15 
 527 56 2 2 
 140 404 12 15 
 527 56 1 2 
 137 409 14 19 
 135 417 16 20 
 133 424 18 21 
 135 432 13 16 
 133 439 14 18 
 131 446 14 19 
 130 454 16 19 
 129 462 16 17 
 131 471 10 14 
 127 476 14 18 
 126 483 14 19 
 125 492 14 19 
 122 498 18 22 
 111 724 11 17 
 109 732 13 18 
 106 739 18 21 
 107 748 17 20 
 120 821 6 8 
 121 826 5 8 
 120 836 4 7 
 107 783 13 17 
 107 790 14 19 
 107 799 15 18 
 108 806 15 18 
