 1179 916 3 2 
 1178 919 5 4 
 1178 919 3 3 
 1181 921 5 4 
 1183 924 3 5 
 1182 927 4 5 
 1182 930 3 5 
 1182 931 3 3 
 1174 948 4 3 
 1172 949 8 7 
 1169 950 9 9 
 1169 954 9 9 
 1171 961 8 6 
 1173 965 9 5 
 1176 966 6 8 
 1174 969 8 11 
 1172 974 8 9 
 1168 982 6 8 
 1168 983 3 3 
 1168 988 7 7 
 1168 992 7 5 
 1166 992 9 7 
 1165 993 10 9 
 1164 996 8 11 
 624 61 3 6 
 1164 1003 6 7 
 624 61 3 6 
 1168 1010 5 4 
 624 61 3 4 
 1168 1011 6 7 
 624 61 3 4 
 1169 1015 5 7 
 624 61 3 4 
 624 61 3 4 
 624 61 3 4 
 1163 1029 2 2 
 624 61 3 4 
 1160 1037 6 3 
 1163 1040 3 4 
 1159 1042 9 8 
 1158 1045 8 9 
 659 67 1 2 
 1157 1049 8 10 
 659 67 1 2 
 1158 1057 7 5 
 659 67 1 2 
 1161 1062 6 5 
 659 67 1 2 
 1163 1066 5 4 
 659 67 1 2 
 1161 1070 7 8 
 659 67 1 2 
 1159 1074 8 6 
 659 67 1 2 
 659 67 1 2 
 649 80 3 3 
 649 80 3 3 
 649 80 3 3 
 649 80 3 3 
 649 80 3 3 
 649 81 3 2 
 649 81 2 2 
 649 81 2 2 
 667 63 2 2 
 667 63 2 2 
 667 63 2 2 
 667 63 2 2 
 667 63 2 2 
 667 63 2 2 
 667 63 2 2 
 667 63 2 2 
