 79 629 4 7 
 38 172 2 2 
 49 606 3 4 
 50 607 2 3 
 70 593 4 3 
 81 630 2 2 
 71 593 2 2 
 78 635 5 7 
 54 581 2 2 
 79 637 3 3 
 78 637 4 5 
 74 701 2 3 
 78 637 3 5 
 74 701 2 3 
 78 727 2 1 
 74 701 2 4 
 76 726 4 2 
 75 737 3 3 
 68 743 2 2 
 78 746 2 2 
 74 701 2 4 
 76 726 4 2 
 55 735 2 2 
 75 737 3 3 
 68 743 2 2 
 67 757 4 5 
 63 757 3 4 
 76 756 3 4 
 78 746 2 2 
 74 701 2 4 
 76 726 4 2 
 68 743 2 2 
 55 735 2 4 
 75 737 3 3 
 67 758 3 3 
 64 758 3 3 
 56 820 1 2 
 34 799 4 4 
 56 820 1 2 
 35 801 3 2 
 34 803 3 3 
 52 820 2 3 
 53 821 1 2 
 11 449 3 1 
 63 759 3 2 
 36 513 2 2 
 36 513 2 2 
 36 513 2 2 
 34 99 3 4 
 62 548 2 1 
 41 85 2 2 
 41 85 4 2 
 41 85 2 2 
 70 922 2 2 
 41 85 2 2 
 73 939 2 2 
 41 85 3 2 
 73 939 5 2 
 41 85 3 2 
 73 939 5 2 
 41 85 3 2 
 75 955 1 2 
 60 961 2 1 
 34 99 3 4 
 71 963 1 2 
 39 88 1 2 
 57 961 5 3 
 65 842 3 3 
 65 842 3 3 
 65 842 3 3 
 44 737 3 4 
 19 111 2 2 
 36 97 2 3 
 37 87 4 10 
 38 87 3 9 
 650 62 1 2 
 650 62 1 2 
 59 288 2 2 
 650 62 1 2 
 75 643 2 2 
 44 303 1 2 
 650 62 1 2 
 75 643 2 2 
 23 314 2 2 
 650 62 1 2 
 27 364 2 2 
 650 62 1 2 
 19 447 2 1 
 659 82 1 2 
 35 480 6 6 
 659 82 1 2 
 71 650 2 4 
 27 364 2 2 
 38 90 2 1 
 1459 363 5 6 
 38 90 2 1 
 1457 363 8 8 
 7 107 1 2 
 35 480 6 5 
 7 107 1 2 
 35 480 6 5 
 7 107 2 4 
 35 482 4 3 
 11 106 4 3 
 38 480 2 1 
 39 84 3 3 
 69 423 2 1 
 38 82 6 5 
 72 941 4 3 
 39 82 4 4 
 74 941 2 3 
 42 82 1 3 
 36 990 2 2 
 29 98 3 2 
 88 973 5 5 
 88 973 6 5 
 89 974 4 4 
 89 974 4 4 
 89 974 6 5 
 90 975 3 3 
 90 975 3 3 
 90 975 3 3 
 89 974 4 4 
 629 63 1 3 
 93 980 1 2 
 629 63 1 3 
 629 63 1 3 
 629 63 1 3 
 629 63 1 3 
 94 966 2 3 
 629 64 1 2 
 98 977 2 1 
