 75 677 3 4 
 66 689 2 2 
 67 709 1 2 
 77 752 2 1 
 72 661 2 2 
 70 663 2 2 
 77 679 1 2 
 44 723 2 3 
 85 698 2 1 
 50 758 2 2 
 46 750 2 1 
 44 723 2 2 
 44 722 2 3 
 46 750 2 1 
 51 759 1 2 
 44 722 2 3 
 47 750 1 2 
 51 759 1 2 
 64 800 3 2 
 44 722 2 3 
 51 759 1 2 
 63 801 3 1 
 55 810 2 2 
 51 882 2 3 
 56 959 3 2 
 78 942 2 2 
 54 887 1 2 
 83 996 1 2 
 56 959 3 2 
 78 942 2 2 
 72 829 2 2 
 57 959 2 2 
 51 880 3 2 
 63 825 2 2 
 63 824 3 3 
 655 63 2 1 
 54 887 2 2 
 655 63 2 1 
 61 805 2 2 
 655 63 2 1 
 30 893 2 3 
 655 63 2 1 
 32 902 1 2 
 655 63 2 1 
 32 902 1 2 
 655 63 2 1 
 53 880 1 3 
 655 63 2 1 
 30 893 2 3 
 0 399 2 3 
 71 664 1 2 
 655 63 2 1 
 106 984 2 1 
 0 399 2 2 
 52 745 3 2 
 106 984 2 1 
 31 436 2 2 
 73 651 2 1 
 104 983 4 2 
 31 436 2 2 
 67 751 1 2 
 104 983 4 2 
 31 436 2 2 
 31 436 2 2 
 104 983 2 2 
 77 718 1 2 
 31 436 2 2 
 82 682 1 3 
 82 682 1 3 
 73 650 2 2 
 73 651 2 1 
 82 701 2 2 
 972 577 2 1 
 84 701 3 3 
 84 701 3 3 
 80 740 1 2 
 57 701 2 3 
 91 979 2 2 
 102 990 1 2 
 969 577 5 7 
 37 789 2 4 
 969 576 5 8 
 107 986 3 3 
 969 576 5 8 
 107 986 4 4 
 970 577 3 4 
 102 990 3 3 
 37 789 2 4 
 660 70 4 2 
 76 990 1 2 
 37 789 2 4 
 970 577 3 4 
 660 70 3 3 
 102 990 3 3 
 37 789 2 4 
 970 577 3 4 
 102 990 3 3 
 660 70 3 3 
 37 789 2 3 
 970 576 3 5 
 660 70 3 3 
 102 991 3 3 
 37 789 2 1 
 970 576 3 5 
 660 70 3 3 
 89 994 2 2 
 34 509 2 2 
 660 70 3 3 
 89 994 2 2 
 52 727 2 2 
 660 70 3 3 
 90 994 2 2 
 970 577 2 2 
 660 70 3 3 
 104 992 1 2 
 970 577 2 2 
 86 991 3 3 
 970 577 2 2 
 70 450 1 2 
 104 992 1 2 
 56 196 2 2 
 112 991 2 2 
 25 446 1 2 
 54 201 1 2 
 86 991 3 3 
 25 446 1 3 
 54 201 2 2 
 80 988 3 5 
 25 446 1 3 
 54 201 2 2 
 80 988 3 5 
 25 446 1 3 
 54 201 3 2 
 92 981 2 1 
 27 434 3 3 
 54 201 3 2 
 14 843 3 3 
 59 201 1 2 
 14 843 3 2 
 44 230 2 2 
 14 843 3 2 
 70 639 2 2 
 44 230 2 3 
 14 843 3 2 
 75 455 2 2 
 61 220 2 3 
 31 422 2 1 
 49 200 1 2 
 76 767 2 2 
 2 404 2 2 
 60 199 2 2 
 30 892 1 2 
 2 404 2 2 
 60 199 2 2 
 2 404 2 2 
 60 199 2 2 
 2 404 2 2 
 653 73 3 4 
 29 282 3 3 
 73 766 2 3 
 653 73 3 4 
 30 282 2 2 
 76 767 2 2 
 653 73 3 4 
 15 844 2 1 
 55 283 2 1 
 653 73 3 4 
 106 988 2 1 
 11 300 1 2 
 50 766 2 2 
 653 73 3 4 
 40 286 1 2 
 73 664 1 3 
 653 73 3 4 
 40 286 1 2 
 73 664 1 3 
 653 73 3 4 
 38 301 2 2 
 73 664 1 3 
 653 73 3 4 
 38 301 2 2 
 73 664 1 3 
 73 206 2 1 
 37 430 2 1 
 36 514 2 1 
 75 754 1 2 
 43 394 2 1 
 73 665 2 3 
 67 435 2 2 
 27 691 2 2 
 47 389 2 2 
 74 654 1 2 
 47 239 2 2 
 74 654 1 2 
 35 304 2 2 
 78 648 1 2 
 48 390 2 1 
 82 688 2 1 
 22 389 1 2 
 62 872 2 2 
 22 389 1 2 
 53 895 2 2 
 82 688 2 2 
 22 389 1 2 
 53 895 2 2 
 80 687 4 3 
