 341 987 2 2 
 348 989 1 2 
 330 998 3 3 
 333 997 2 1 
 323 999 4 7 
 340 988 1 2 
 340 988 1 2 
 330 989 2 2 
 332 992 3 7 
 330 993 1 2 
 333 993 2 5 
 331 996 1 2 
 330 993 1 2 
 333 995 1 3 
 334 1001 2 3 
 334 1001 2 3 
 331 1002 1 2 
 333 1006 1 2 
 333 1001 2 3 
 330 1005 1 2 
 331 1002 1 2 
 331 993 1 4 
 332 1001 3 8 
 330 1004 1 3 
 328 1009 2 3 
 344 1010 3 5 
 327 1011 2 2 
 344 1010 3 5 
 336 1015 2 1 
 331 1012 7 4 
 340 1013 5 3 
 328 993 3 4 
 329 992 2 2 
 329 992 2 2 
 355 989 2 2 
 355 989 3 2 
 355 989 3 2 
 355 989 3 2 
 355 989 3 2 
 655 63 5 3 
 332 1010 9 4 
 655 63 5 3 
 348 1012 5 5 
 655 63 5 3 
 350 1012 3 5 
 655 63 5 3 
 333 1013 2 2 
 655 63 5 3 
 356 1012 1 2 
 346 1015 3 3 
 655 63 5 3 
 657 63 3 2 
 351 1012 8 6 
 657 63 3 2 
 345 1013 2 1 
 351 1013 11 6 
 1115 821 3 3 
 348 1017 2 1 
 348 1017 2 1 
 1484 855 2 1 
 343 1012 1 2 
 655 63 2 3 
 338 995 1 2 
 350 1015 2 2 
 1484 855 2 1 
 364 999 1 2 
 361 1002 1 2 
 361 1002 1 2 
 361 1003 3 4 
 362 1004 2 14 
 1486 855 3 6 
 340 1005 2 5 
 363 1000 1 2 
 363 1000 1 2 
 363 1000 1 2 
 363 1000 1 2 
 363 1000 1 2 
 363 1000 1 2 
 363 999 1 2 
 362 991 2 2 
 362 991 2 2 
 362 991 2 2 
 339 992 2 2 
 361 1004 2 2 
 219 790 2 3 
 339 993 1 2 
 346 987 4 2 
 342 985 6 3 
 342 983 3 2 
 344 979 4 3 
 363 983 3 3 
 346 977 3 2 
 344 974 2 1 
 337 973 2 2 
 335 971 5 6 
