 747 0 25 41 
 729 38 22 51 
 718 82 18 53 
 712 129 15 46 
 707 168 14 48 
 704 209 12 43 
 702 247 12 41 
 701 280 12 37 
 699 309 12 35 
 693 337 14 34 
 688 365 14 27 
 649 376 4 3 
 649 376 4 6 
 686 383 12 26 
 651 382 3 2 
 685 399 11 20 
 649 376 4 4 
 651 382 3 2 
 683 408 12 23 
 649 376 4 3 
 651 382 3 2 
 680 420 14 21 
 649 376 4 3 
 659 380 3 2 
 651 382 3 2 
 675 430 14 23 
 649 376 4 3 
 659 380 3 4 
 656 382 2 2 
 652 382 2 1 
 668 446 15 24 
 659 380 3 4 
 652 382 2 1 
 656 382 2 2 
 661 462 15 24 
 650 480 18 25 
 637 500 20 27 
 625 519 19 25 
 614 536 19 27 
 601 558 18 25 
 588 579 19 26 
 574 598 20 27 
 559 619 21 25 
 542 641 22 21 
 523 657 23 21 
 502 674 26 22 
 478 695 26 22 
 455 712 25 21 
 436 730 23 17 
 423 741 18 20 
 410 754 17 17 
 401 767 15 18 
 391 779 14 21 
 384 795 12 22 
 379 813 11 20 
 373 827 11 21 
 370 844 10 19 
 368 859 9 22 
 367 874 8 26 
 368 895 10 25 
 373 916 14 24 
 381 934 17 23 
 393 950 19 18 
 406 960 18 12 
 430 967 17 11 
 441 970 19 13 
 654 377 1 2 
 453 976 19 11 
 656 378 5 3 
 465 979 17 12 
 475 983 17 15 
 486 990 16 18 
 652 377 2 1 
 496 1001 14 15 
 652 377 2 1 
 504 1010 13 12 
 651 377 3 2 
 511 1017 11 12 
 651 377 3 2 
 516 1023 10 14 
 651 377 3 2 
 519 1029 10 15 
 1023 1055 2 1 
 651 377 3 2 
 1022 1053 5 3 
 651 377 3 2 
 526 1056 9 14 
 651 377 2 2 
 651 377 2 2 
 1015 1041 2 1 
 1015 1041 2 1 
 1015 1041 2 1 
 1015 1041 2 1 
 1015 1041 2 1 
 999 1029 2 1 
 999 1029 2 1 
 866 1021 6 4 
 866 1021 6 4 
 866 1021 6 4 
 866 1021 6 4 
 866 1021 6 4 
 866 1021 6 4 
 866 1021 6 4 
 868 1021 4 4 
 996 1030 4 2 
 998 1030 2 3 
 998 1030 2 3 
 998 1030 2 3 
 829 1035 3 2 
 829 1035 3 2 
 1111 1052 3 3 
 1111 1052 3 3 
 1110 1052 4 3 
 1110 1056 2 1 
 1110 1056 2 1 
 1110 1056 2 1 
 1110 1052 4 3 
 1110 1053 1 2 
 1110 1053 1 2 
 1110 1051 2 2 
 1110 1051 2 2 
 1110 1051 2 2 
 1110 1051 2 2 
 1110 1051 2 2 
 1110 1051 2 2 
 1109 1055 1 4 
 536 36 2 2 
 536 36 2 2 
 536 36 2 2 
 1025 1072 1 2 
 536 36 2 2 
 536 36 2 2 
 536 36 2 2 
 536 36 2 2 
