 323 107 4 5 
 324 112 5 5 
 325 117 4 6 
 326 122 4 5 
 328 127 4 4 
 329 132 4 5 
 329 136 5 6 
 330 142 4 4 
 332 146 4 4 
 333 151 4 5 
 334 156 4 5 
 334 161 4 5 
 335 166 4 5 
 337 171 3 4 
 338 176 3 4 
 338 181 4 5 
 339 186 4 5 
 340 191 4 4 
 341 196 4 4 
 341 201 4 5 
 343 211 3 4 
 344 215 3 5 
 344 220 4 6 
 102 971 4 4 
 37 639 2 4 
 344 225 4 5 
 37 639 2 4 
 102 971 2 2 
 345 231 3 4 
 102 971 2 2 
 37 639 2 2 
 652 63 5 4 
 71 745 1 2 
 34 388 1 2 
 652 63 5 4 
 50 748 1 2 
 652 63 5 4 
 50 748 1 2 
 652 63 5 4 
 63 800 2 1 
 652 63 5 4 
 64 880 1 3 
 652 63 5 4 
 61 884 2 2 
 652 63 5 4 
 63 880 2 4 
 345 269 3 3 
 652 63 5 4 
 63 880 2 4 
 346 274 3 4 
 1556 1014 1 2 
 65 779 3 2 
 346 279 3 4 
 346 284 3 5 
 49 489 1 2 
 14 871 2 2 
 346 290 2 4 
 61 884 2 2 
 347 296 2 3 
 1510 994 2 3 
 36 503 2 1 
 81 705 4 3 
 348 301 2 3 
 1511 995 1 2 
 75 641 3 2 
 347 307 3 3 
 1547 1021 1 2 
 65 814 2 2 
 347 312 3 4 
 1510 995 2 3 
 47 633 2 1 
 348 317 3 3 
 1547 1021 1 2 
 47 633 2 1 
 350 322 3 4 
 1508 995 4 4 
 47 633 2 1 
 350 328 3 3 
 1508 995 4 5 
 46 632 4 3 
 350 333 3 4 
 46 631 4 4 
 1508 996 4 4 
 351 338 3 3 
 46 631 3 3 
 1508 997 4 3 
 353 343 3 3 
 46 631 3 3 
 1508 997 4 3 
 51 293 1 2 
 82 620 2 1 
 1508 997 4 3 
 51 293 1 2 
 81 616 3 5 
 1508 997 4 3 
 51 293 1 2 
 1508 997 3 3 
 82 618 2 3 
 357 364 2 2 
 1507 996 4 4 
 82 618 2 3 
 659 70 4 4 
 358 369 2 2 
 82 618 2 3 
 659 70 4 4 
 8 303 1 2 
 78 602 1 2 
 659 70 4 4 
 8 303 1 2 
 66 745 1 2 
 659 70 4 4 
 65 870 2 1 
 1547 1022 2 2 
 659 70 4 4 
 8 303 1 2 
 78 602 2 2 
 659 70 4 4 
 64 905 3 2 
 365 392 2 3 
 37 637 3 2 
 659 70 4 4 
 1507 996 3 2 
 33 491 2 1 
 84 713 1 2 
 1507 996 3 2 
 659 70 4 4 
 33 491 2 1 
 62 967 1 3 
 33 491 2 1 
 33 491 2 1 
 62 968 1 2 
 33 491 2 1 
 64 851 3 3 
 33 491 2 1 
 64 906 2 1 
 95 990 1 2 
 378 422 2 1 
 31 632 3 3 
 379 425 3 4 
 65 852 2 2 
 31 632 4 3 
 77 585 1 2 
 80 603 2 2 
 33 615 3 4 
 79 602 1 2 
 33 615 3 4 
 69 615 2 1 
 33 616 3 3 
 33 616 3 3 
 34 616 2 2 
 72 407 2 2 
 72 407 2 2 
 106 982 3 2 
 654 73 2 2 
 99 983 2 3 
 72 407 2 2 
 654 73 2 2 
 72 407 2 2 
 654 73 2 2 
 38 478 2 1 
 654 73 2 2 
 37 478 3 1 
 654 73 2 2 
 1631 952 2 3 
 37 478 3 1 
 654 73 2 2 
 1631 952 2 2 
 37 477 3 2 
 654 73 2 2 
 1630 952 3 2 
 37 477 1 2 
 85 713 2 3 
 654 73 2 2 
 1632 952 1 2 
 37 477 1 2 
 77 735 2 3 
 37 477 1 2 
 82 704 3 4 
 37 477 1 2 
 1509 998 2 2 
 79 741 2 2 
 1509 998 2 2 
 37 477 1 2 
 82 738 2 1 
 37 477 1 2 
 1653 927 2 2 
 83 681 1 2 
 35 487 2 3 
 1630 955 3 2 
 72 693 1 2 
 28 495 2 2 
 1498 1008 2 3 
 81 704 5 4 
 28 494 2 3 
 1510 998 2 3 
 81 705 5 3 
 28 494 2 3 
 1510 998 2 3 
 82 705 3 3 
 28 494 2 3 
 1602 1013 2 2 
 75 707 3 2 
 38 476 2 2 
 82 704 2 3 
 1602 1013 2 2 
 38 476 2 2 
 82 704 2 3 
 1565 1034 2 2 
 28 494 2 3 
 82 704 1 2 
 1564 1034 3 2 
 28 494 2 3 
 659 804 2 3 
 1557 1035 1 2 
 58 580 1 2 
 659 804 2 3 
 1557 1035 1 2 
 657 61 3 3 
 1555 1035 3 2 
 51 598 2 2 
