 75 284 19 23 
 66 297 15 24 
 60 310 2 1 
 55 312 5 3 
 45 331 3 4 
 38 346 6 15 
 36 363 9 16 
 37 384 7 26 
 43 403 7 15 
 51 434 3 4 
 74 474 2 2 
 80 494 15 16 
 93 515 9 12 
 97 520 10 15 
 104 541 14 14 
 111 559 16 7 
 116 569 8 7 
 118 575 15 12 
 127 588 5 4 
 127 591 5 5 
 124 592 12 9 
 123 602 9 9 
 127 607 4 4 
 126 609 5 12 
 125 613 5 10 
 127 624 3 5 
 127 631 3 6 
 127 639 3 6 
 125 646 5 9 
 126 658 4 7 
 125 668 7 9 
 121 677 7 8 
 124 690 4 6 
 125 701 4 6 
 126 713 4 6 
 126 725 4 7 
 126 738 4 7 
 126 752 4 6 
 126 766 4 5 
 126 780 5 6 
 125 794 6 6 
 124 809 6 5 
 121 824 11 5 
 123 837 5 5 
 119 847 10 6 
 119 859 6 6 
 118 867 5 4 
 116 876 5 4 
 115 885 4 4 
 111 893 7 5 
 52 237 1 2 
 1179 549 3 3 
 52 237 1 2 
 1179 550 4 4 
 52 237 1 2 
 1181 552 3 4 
 52 237 1 2 
 1182 555 3 2 
 52 237 1 2 
 52 237 1 2 
 61 258 2 1 
 31 464 1 2 
 74 535 2 1 
 55 248 1 2 
 55 248 1 2 
 1195 571 3 3 
 1196 572 4 4 
 1198 575 3 3 
 1199 577 4 3 
 655 62 2 2 
 1201 579 3 4 
 655 62 2 2 
 1202 581 4 4 
 655 62 2 2 
 1204 584 3 3 
 655 62 2 2 
 1206 586 3 3 
 655 62 2 2 
 1208 589 2 1 
 655 62 2 2 
 1209 591 4 3 
 655 62 2 2 
 1211 593 5 3 
 655 62 2 2 
 1213 594 4 4 
 1215 596 5 5 
