 1918 617 2 2 
 1897 676 3 2 
 1918 696 2 2 
 1911 720 2 1 
 1912 722 2 2 
 1889 634 2 2 
 1918 696 2 2 
 1912 722 2 2 
 1918 756 2 3 
 1913 763 2 1 
 655 62 4 2 
 1901 632 2 1 
 655 62 4 2 
 1323 925 2 3 
 1897 648 1 2 
 655 62 4 2 
 1897 649 2 3 
 655 62 4 2 
 1899 653 2 2 
 1899 653 2 2 
 1918 584 2 1 
 1918 584 2 1 
 1919 582 1 2 
 1918 582 2 2 
 1918 583 2 1 
 1918 584 2 1 
 1918 584 2 1 
 1914 595 3 3 
 1914 594 3 4 
 1918 584 2 1 
 1918 584 2 1 
 1918 584 2 1 
 1918 584 2 1 
 1918 584 2 1 
 1349 981 3 3 
 1919 609 1 3 
 1897 629 3 2 
 1350 981 2 3 
 1914 630 1 2 
 651 62 2 2 
 1914 628 2 2 
 667 62 2 1 
 1898 628 2 1 
 667 62 2 1 
 1898 628 2 1 
 667 62 2 1 
 1902 634 4 2 
 485 1052 3 3 
 667 62 2 1 
 1911 630 2 2 
 485 1053 3 2 
 667 62 2 1 
 1907 659 2 2 
 484 1054 3 4 
 667 62 2 1 
 1902 633 5 3 
 484 1056 3 3 
 667 62 2 1 
 1897 629 3 2 
 1914 628 2 2 
 1904 634 1 2 
 1898 628 2 1 
 1898 628 2 1 
 1915 601 2 3 
 1914 601 2 1 
 1919 591 1 3 
 1919 591 1 3 
 1919 591 1 3 
 1915 601 2 1 
 1919 625 1 2 
 1915 601 1 3 
 1885 635 3 3 
 1885 635 3 3 
 1888 633 3 3 
 1888 633 3 3 
 662 64 2 2 
 1887 634 3 3 
 662 64 2 2 
 1885 636 1 2 
 662 64 1 2 
 1894 659 2 2 
 662 64 1 2 
 1911 719 2 3 
 662 64 1 2 
 1911 719 3 4 
 662 64 1 2 
 1910 655 3 3 
 485 1057 3 2 
 662 64 1 2 
 1910 655 3 3 
 662 64 1 2 
 444 1061 3 2 
 1911 655 1 2 
 486 1058 1 2 
 446 1062 3 3 
 446 1063 4 3 
 448 1064 2 4 
 448 1066 3 3 
 449 1067 3 4 
 450 1069 3 4 
 451 1072 3 2 
 92 970 1 2 
 89 968 2 1 
 92 970 1 2 
 85 968 2 2 
 1918 574 2 3 
 85 968 2 2 
 1917 575 3 6 
 95 976 2 1 
