 28 313 2 2 
 5 335 2 2 
 23 341 1 2 
 0 354 2 1 
 15 375 1 3 
 0 378 3 2 
 44 382 2 2 
 47 383 3 2 
 34 261 1 2 
 61 286 3 2 
 28 313 2 2 
 5 335 2 2 
 23 341 1 2 
 0 353 3 3 
 15 375 1 3 
 0 377 2 3 
 44 382 2 2 
 47 384 4 2 
 34 261 1 2 
 5 335 2 2 
 23 341 1 2 
 32 348 3 3 
 0 353 3 3 
 14 375 2 4 
 0 378 3 2 
 56 383 2 1 
 0 385 2 2 
 53 385 2 2 
 34 261 2 2 
 66 286 2 2 
 23 341 2 2 
 32 348 3 3 
 0 353 3 3 
 14 375 2 4 
 0 378 2 3 
 55 383 2 2 
 0 385 2 2 
 53 386 2 2 
 0 388 2 1 
 42 388 2 1 
 65 286 3 2 
 28 313 2 2 
 23 341 2 2 
 32 348 3 3 
 0 353 2 3 
 9 374 1 2 
 0 378 2 4 
 40 380 3 2 
 55 382 2 3 
 46 384 1 2 
 0 385 2 4 
 53 386 2 2 
 47 389 1 2 
 4 393 5 3 
 48 394 2 3 
 65 286 3 2 
 59 289 1 2 
 35 295 2 2 
 23 341 1 2 
 0 353 2 3 
 9 374 1 2 
 0 378 2 4 
 40 380 2 2 
 53 383 4 2 
 49 385 3 3 
 48 385 4 3 
 0 386 2 3 
 53 386 2 2 
 4 393 3 3 
 48 394 3 2 
 38 395 2 2 
 38 278 2 3 
 65 286 3 2 
 59 288 1 3 
 63 288 2 2 
 35 295 2 2 
 23 341 1 2 
 34 348 1 3 
 0 354 2 2 
 0 379 2 2 
 40 380 2 2 
 48 383 9 5 
 0 386 2 3 
 42 389 2 2 
 4 393 4 3 
 48 394 2 2 
 38 395 2 2 
 33 396 1 3 
 55 196 2 2 
 28 275 3 3 
 38 278 2 3 
 63 286 5 4 
 59 289 1 2 
 35 295 2 2 
 32 348 3 3 
 40 380 2 2 
 48 384 8 4 
 0 385 2 4 
 42 389 2 2 
 5 393 3 3 
 48 394 2 2 
 38 395 1 2 
 32 396 2 3 
 41 401 3 2 
 55 196 2 2 
 38 278 2 3 
 63 286 5 4 
 59 289 1 2 
 35 295 2 2 
 26 297 2 1 
 32 348 3 3 
 40 380 2 2 
 48 384 8 4 
 1 387 1 2 
 42 389 2 2 
 5 394 2 2 
 48 394 3 2 
 38 395 1 2 
 32 397 2 2 
 38 400 2 1 
 41 401 3 2 
 6 403 2 2 
 64 414 2 3 
 72 414 3 2 
 29 257 2 1 
 38 278 2 3 
 63 286 5 4 
 35 295 2 2 
 40 380 2 2 
 48 384 8 4 
 1 387 1 2 
 42 389 2 2 
 45 390 2 2 
 6 393 3 3 
 48 394 3 2 
 38 395 2 2 
 32 397 2 4 
 41 401 3 2 
 5 403 3 2 
 0 407 4 3 
 64 414 2 3 
 72 414 3 2 
 54 418 2 1 
 29 257 2 1 
 38 278 2 3 
 63 286 5 4 
 35 295 2 2 
 15 341 3 2 
 40 380 2 2 
 48 384 4 4 
 53 384 4 4 
 0 388 2 1 
 6 393 4 4 
 48 394 3 2 
 38 395 2 2 
 32 397 2 4 
 41 401 3 3 
 5 403 4 2 
 0 407 4 3 
 64 414 2 3 
 72 414 3 2 
 54 418 2 1 
 19 419 2 2 
 29 257 2 1 
 38 278 2 3 
 7 281 2 2 
 63 286 5 4 
 35 295 2 2 
 32 300 2 1 
 16 341 2 2 
 39 380 6 5 
 48 384 4 4 
 53 384 4 2 
 53 387 2 1 
 0 388 2 1 
 6 393 3 3 
 6 393 4 4 
 32 398 2 3 
 41 401 3 3 
 40 403 1 2 
 6 404 3 2 
 0 407 4 3 
 64 414 2 3 
 72 414 3 2 
 54 418 2 1 
 19 419 2 2 
 35 422 3 4 
 29 257 2 1 
 38 278 2 3 
 63 286 5 4 
 35 295 2 2 
 32 300 2 1 
 0 314 2 1 
 16 341 2 2 
 41 381 4 4 
 48 384 4 4 
 53 384 2 2 
 8 393 2 4 
 32 398 2 3 
 42 402 2 2 
 40 403 1 2 
 6 404 3 2 
 0 408 3 3 
 0 407 3 4 
 64 414 2 3 
 72 414 3 2 
 54 418 2 1 
 19 419 2 2 
 35 423 3 3 
 35 422 3 4 
 75 423 3 2 
 29 257 2 1 
 38 278 2 3 
 63 286 2 4 
 65 286 3 2 
 35 295 2 2 
 0 314 2 1 
 15 341 3 3 
 39 380 6 5 
 48 384 5 5 
 53 384 2 2 
 8 393 2 4 
 32 398 2 3 
 42 402 2 2 
 40 403 1 2 
 6 404 3 2 
 0 407 3 4 
 64 414 2 3 
 74 414 1 2 
 54 418 2 1 
 55 420 2 1 
 35 423 2 2 
 75 423 3 3 
 69 426 2 1 
 7 281 2 2 
 63 287 2 3 
 32 300 2 1 
 0 314 2 1 
 36 337 1 2 
 15 341 3 3 
 39 380 3 2 
 43 384 2 1 
 49 386 4 3 
 4 394 3 3 
 8 394 2 3 
 32 398 2 3 
 7 404 2 2 
 0 407 3 4 
 74 414 1 2 
 64 415 2 2 
 55 420 2 1 
 35 423 2 2 
 75 423 3 3 
 67 427 1 2 
 7 281 2 2 
 63 287 2 3 
 0 314 2 1 
 35 335 1 2 
 15 341 3 3 
 24 343 2 2 
 40 380 2 2 
 43 384 2 1 
 4 394 3 4 
 8 395 2 2 
 32 398 2 3 
 37 402 2 2 
 7 404 2 2 
 0 407 3 5 
 55 420 2 1 
 35 423 2 2 
 75 423 3 3 
 30 429 1 2 
 7 281 2 2 
 0 314 2 1 
 35 335 1 2 
 16 342 2 1 
 24 342 1 3 
 33 348 2 3 
 40 380 2 2 
 43 384 2 1 
 4 394 3 4 
 8 395 2 2 
 32 399 2 2 
 0 408 3 3 
 0 407 3 4 
 55 420 2 1 
 35 423 2 2 
 30 429 1 2 
 4 441 1 2 
 34 297 2 1 
 32 300 2 1 
 43 302 3 3 
 0 314 2 1 
 24 343 1 2 
 33 348 2 3 
 39 380 3 2 
 43 384 2 1 
 48 387 2 1 
 5 395 2 3 
 8 395 2 2 
 32 399 2 2 
 0 408 3 3 
 0 407 3 4 
 55 420 2 1 
 75 424 3 2 
 10 448 4 4 
 48 387 2 1 
 5 394 3 4 
 0 407 3 4 
 55 420 2 1 
 75 424 3 2 
 24 439 2 2 
 10 449 4 3 
 54 453 2 2 
 36 481 3 5 
 60 910 1 2 
 70 487 1 2 
 69 500 2 1 
 38 505 2 1 
 59 506 2 2 
 26 509 2 2 
 52 559 2 1 
 57 570 2 2 
 56 572 2 2 
 60 574 2 2 
 69 500 2 1 
 59 506 2 2 
 26 509 2 1 
 52 558 2 2 
 57 570 2 2 
 56 572 2 2 
 60 574 2 2 
 68 586 3 2 
 68 657 2 1 
 78 668 2 1 
 36 250 2 1 
 78 970 1 2 
 69 197 2 1 
 1474 411 2 1 
 33 628 3 3 
 889 907 2 1 
 36 250 2 1 
 76 970 3 2 
 36 250 2 1 
 76 970 3 2 
 65 287 2 2 
 26 509 3 1 
 820 907 2 2 
 69 198 2 1 
 39 400 1 2 
 68 198 3 2 
 39 400 1 2 
 100 968 2 2 
 68 198 3 2 
 39 400 1 2 
 100 968 2 2 
 69 198 2 1 
 36 641 3 3 
 69 198 2 1 
 1490 408 3 4 
 38 693 2 2 
 69 198 2 1 
 1490 408 2 2 
 32 757 2 2 
 69 198 2 1 
 30 756 4 3 
 48 384 3 2 
 81 616 2 2 
 1402 915 2 1 
 48 384 3 2 
 83 993 2 1 
 13 792 3 4 
 49 384 2 2 
 83 993 2 1 
 13 792 3 4 
 779 1060 4 2 
 3 552 3 3 
 70 856 3 2 
 44 382 2 2 
 74 588 3 3 
 1545 905 3 2 
 62 287 2 1 
 1546 905 2 2 
 23 686 1 2 
