 52 516 2 1 
 70 597 3 2 
 84 619 2 4 
 86 623 2 4 
 70 597 3 2 
 84 619 2 4 
 86 623 2 4 
 71 632 2 1 
 70 598 3 1 
 84 620 2 3 
 72 634 1 2 
 61 635 2 3 
 70 598 3 1 
 84 620 2 3 
 61 636 2 2 
 86 624 2 4 
 69 642 2 2 
 66 722 2 2 
 73 586 1 2 
 71 595 2 5 
 51 613 3 3 
 80 615 2 1 
 83 619 3 4 
 73 633 2 2 
 69 643 2 1 
 73 586 1 2 
 71 595 2 2 
 50 612 4 4 
 73 633 3 2 
 69 643 2 1 
 68 654 2 2 
 61 548 2 1 
 73 586 1 2 
 50 613 4 3 
 81 615 1 2 
 73 633 3 2 
 68 654 2 2 
 78 693 1 2 
 50 613 4 3 
 73 633 3 2 
 69 642 2 2 
 67 652 3 3 
 78 693 1 2 
 33 697 2 3 
 78 693 1 2 
 33 697 2 3 
 57 726 1 2 
 32 755 2 2 
 73 412 1 2 
 60 557 2 2 
 50 614 3 2 
 55 778 2 2 
 58 794 2 2 
 66 791 3 4 
 58 794 2 2 
 28 892 1 2 
 64 810 1 2 
 42 220 1 2 
 97 964 3 1 
 69 752 4 2 
 42 220 1 2 
 79 749 1 2 
 42 220 1 2 
 79 749 1 2 
 42 220 1 2 
 69 748 2 1 
 65 242 2 2 
 37 514 1 2 
 65 242 2 2 
 37 514 1 2 
 65 242 2 2 
 37 514 1 2 
 65 242 2 2 
 25 521 1 2 
 65 242 2 2 
 94 965 1 2 
 27 622 2 3 
 65 242 2 2 
 94 965 1 2 
 32 521 4 3 
 49 246 1 2 
 94 965 1 2 
 42 264 2 4 
 93 984 2 2 
 42 264 2 3 
 93 984 2 2 
 42 264 2 3 
 93 984 2 2 
 93 984 2 2 
 30 396 2 2 
 63 606 2 2 
 659 70 3 3 
 93 984 2 2 
 38 774 2 3 
 659 70 3 3 
 33 775 1 2 
 69 410 3 2 
 659 70 3 3 
 33 775 1 2 
 69 410 3 3 
 659 70 3 3 
 84 956 2 2 
 51 715 2 4 
 7 401 1 2 
 659 70 3 3 
 33 775 1 2 
 7 401 1 2 
 659 70 3 3 
 39 775 1 2 
 659 70 3 3 
 39 778 3 4 
 7 401 1 2 
 659 70 3 3 
 67 750 2 2 
 659 70 3 3 
 75 746 3 4 
 49 296 2 4 
 28 260 2 2 
 71 611 2 1 
 28 260 2 2 
 100 965 2 2 
 71 611 2 1 
 58 284 1 2 
 100 965 2 2 
 58 284 3 2 
 93 969 3 2 
 58 284 3 2 
 92 970 4 2 
 92 970 4 2 
 58 284 3 2 
 58 284 1 2 
 94 970 2 2 
 58 284 1 2 
 92 971 2 2 
 68 590 1 2 
 68 590 1 2 
 48 605 5 4 
 95 971 2 2 
 1412 247 3 3 
 68 590 3 2 
 95 971 2 2 
 51 605 1 2 
 1413 248 2 3 
 83 610 2 4 
 83 610 2 3 
 1413 249 2 3 
 83 610 2 3 
 60 283 2 2 
 60 283 2 2 
 60 283 2 2 
 73 413 2 2 
 73 413 2 2 
 74 586 1 2 
 73 413 2 2 
 73 413 2 2 
 77 591 2 1 
 58 588 2 2 
 58 588 2 2 
 58 588 2 2 
 77 591 2 1 
 77 591 2 1 
 28 895 2 1 
 70 637 2 4 
 32 609 2 1 
 14 440 1 2 
 14 440 1 2 
 14 440 1 2 
 77 740 2 2 
 657 61 3 3 
 71 630 2 2 
 657 61 3 3 
 71 630 2 2 
