 999 1024 2 1 
 999 1024 2 1 
 963 1026 2 3 
 963 1026 2 3 
 961 1028 1 2 
 994 1028 4 8 
 963 1026 2 3 
 961 1028 1 2 
 994 1029 4 7 
 1007 1031 3 3 
 963 1026 1 2 
 1007 1031 2 1 
 973 1033 4 5 
 994 1033 2 3 
 1007 1031 2 1 
 973 1033 4 5 
 994 1033 2 3 
 1021 1046 2 1 
 994 1033 2 3 
 973 1034 3 4 
 1021 1046 2 1 
 1023 1049 2 2 
 994 1034 2 2 
 1023 1049 2 2 
 1019 1054 6 9 
 1083 1058 5 7 
 1083 1059 3 3 
 1082 1058 6 7 
 1037 1059 2 1 
 1083 1059 3 3 
 1082 1058 6 9 
 1085 1064 1 3 
 995 1030 1 2 
 1083 1059 3 3 
 1082 1057 6 10 
 1106 1063 2 2 
 1120 1067 1 2 
 1109 1066 5 3 
 1092 1066 3 2 
 995 1030 1 2 
 973 1034 1 2 
 1084 1058 3 3 
 1083 1059 3 4 
 1082 1057 6 10 
 1106 1063 2 2 
 1092 1066 3 2 
 1109 1066 5 3 
 1117 1068 3 5 
 995 1030 1 2 
 973 1037 2 1 
 1084 1058 3 3 
 1083 1059 3 4 
 1081 1057 7 10 
 1097 1057 2 3 
 1106 1063 2 2 
 1093 1069 4 3 
 1092 1066 3 2 
 1118 1068 1 2 
 1108 1066 6 5 
 995 1030 1 2 
 1013 1048 3 2 
 1083 1058 5 3 
 1081 1057 7 10 
 1097 1057 2 3 
 1084 1062 2 1 
 1092 1066 3 2 
 1119 1070 8 8 
 1123 1070 3 3 
 1108 1066 5 5 
 1093 1069 4 4 
 1118 1068 1 2 
 1013 1048 3 2 
 1083 1065 3 3 
 1081 1057 7 12 
 1097 1057 2 3 
 1084 1062 2 1 
 1088 1071 3 3 
 1020 1064 2 1 
 1031 1064 2 1 
 1093 1069 4 4 
 1108 1068 2 2 
 1059 1073 2 2 
 1058 1075 2 2 
 1073 1077 2 3 
 1119 1079 2 1 
 1094 1056 3 5 
 1020 1051 2 2 
 835 1051 2 2 
 1020 1051 2 2 
 835 1051 2 2 
 1018 1052 2 2 
 1013 1047 3 2 
 993 1034 1 2 
 1017 1043 3 2 
 993 1030 3 3 
 996 1023 2 2 
 993 1021 4 4 
 992 1020 4 5 
 991 1020 4 8 
 991 1020 4 6 
 991 1020 4 5 
 882 1017 3 3 
 881 1018 3 3 
 876 1016 10 14 
 876 1016 10 14 
 875 1016 11 14 
 841 1012 4 4 
 840 1012 5 4 
 66 284 5 3 
 840 1012 5 4 
 491 33 7 13 
 1022 1072 4 3 
 491 33 7 13 
 1023 1072 3 3 
 491 33 7 13 
 838 1010 3 3 
 491 33 7 13 
 1149 1076 2 3 
 491 33 7 13 
 838 1010 3 3 
 491 33 7 13 
 841 1011 3 3 
 491 33 7 13 
 781 1074 2 2 
 493 39 3 3 
 793 1070 2 4 
 779 1077 5 3 
 838 1010 8 4 
 838 1010 8 4 
 844 1012 2 1 
 881 1017 2 2 
 859 1021 2 4 
 859 1021 2 4 
 859 1021 2 4 
 860 1021 1 2 
 860 1021 1 2 
 945 1023 4 3 
 946 1023 3 3 
 945 1024 3 3 
 960 1026 2 4 
 1028 1063 2 1 
 1027 1062 3 2 
 841 1011 2 2 
 841 1011 2 2 
 521 36 2 1 
 1654 328 8 4 
 793 1069 3 2 
 521 36 2 1 
 842 1011 1 2 
 521 36 2 1 
 841 1012 2 1 
 521 36 2 1 
 792 1071 3 1 
 521 36 2 1 
 1030 1076 3 3 
 521 36 2 1 
 857 1022 3 3 
 521 36 2 1 
 1028 1074 6 5 
 521 36 2 1 
 1025 1073 10 6 
 1632 323 19 6 
 1025 1073 10 6 
 944 1020 6 6 
 944 1020 6 6 
 944 1020 6 6 
 854 1020 5 6 
 1027 1073 9 5 
 985 1019 1 2 
 1617 318 5 4 
 854 1020 4 6 
 1617 319 5 2 
 854 1020 5 6 
