 64 637 1 2 
 64 637 1 2 
 56 647 2 3 
 64 637 1 2 
 56 648 2 2 
 74 675 2 3 
 74 690 2 2 
 69 700 1 3 
 29 634 2 2 
 73 687 2 2 
 74 690 2 2 
 69 700 1 3 
 51 714 3 3 
 67 678 2 3 
 74 690 2 2 
 69 700 1 3 
 59 724 3 3 
 56 735 1 2 
 49 751 1 2 
 64 786 1 3 
 82 693 2 2 
 59 818 2 2 
 61 820 2 2 
 662 63 3 2 
 1523 824 3 5 
 662 63 3 2 
 1523 824 3 5 
 662 63 3 2 
 41 708 2 1 
 261 966 4 3 
 662 63 3 2 
 44 636 2 2 
 662 63 3 2 
 44 636 2 2 
 44 636 3 2 
 44 636 2 2 
 44 636 2 1 
 44 636 2 1 
 44 636 2 2 
 76 970 2 2 
 44 636 2 2 
 44 636 2 2 
 41 734 3 3 
 41 735 2 2 
 54 785 1 2 
 1452 844 2 2 
 1445 850 3 2 
 667 63 3 2 
 667 63 3 2 
 73 976 1 3 
 667 63 3 2 
 1445 852 3 2 
 667 63 3 2 
 1445 852 3 2 
 667 63 3 2 
 59 818 3 4 
 667 63 3 2 
 862 901 2 1 
 667 63 3 2 
 862 901 2 1 
 667 63 3 2 
 862 901 2 1 
 68 736 2 1 
 61 820 2 2 
 1439 850 2 2 
 62 820 1 2 
 1439 850 3 2 
 1439 850 3 2 
 1439 850 3 2 
 1439 851 3 1 
 1423 852 3 2 
 95 995 2 1 
 95 995 2 1 
 91 984 2 1 
 68 736 2 1 
 91 984 2 1 
 46 589 1 2 
 1425 851 2 2 
 46 589 1 2 
 1425 851 2 2 
 46 589 1 2 
 1425 851 2 2 
 46 589 1 2 
 1425 851 2 2 
 46 589 1 2 
 1426 851 1 3 
 46 589 1 2 
 46 589 1 2 
 682 838 2 1 
 46 589 1 2 
 46 589 1 2 
 684 837 2 2 
 659 891 3 3 
 676 813 3 3 
 1425 854 3 3 
 42 731 2 1 
