 211 852 10 7 
 202 858 9 7 
 194 865 7 5 
 188 871 5 4 
 180 876 6 6 
 175 885 4 4 
 170 892 3 5 
 168 898 4 9 
 167 905 4 9 
 167 909 4 11 
 167 919 3 3 
 167 919 6 17 
 170 929 6 15 
 177 940 7 10 
 184 948 7 14 
 70 610 2 3 
 85 628 1 2 
 61 814 2 1 
 61 814 2 1 
 61 814 2 1 
 61 814 2 1 
 653 62 7 4 
 653 62 7 4 
 657 62 3 2 
 62 884 2 4 
 62 884 2 3 
 657 62 3 2 
 62 884 2 3 
 657 62 3 2 
 62 884 2 2 
 657 62 3 2 
 657 62 3 2 
 657 62 3 2 
 61 812 2 2 
 648 62 2 2 
 648 62 2 2 
 648 62 2 2 
 648 62 2 2 
 648 62 4 2 
 648 62 4 2 
 648 62 4 2 
 648 62 4 2 
 94 979 2 1 
 97 972 3 2 
 101 986 2 1 
 96 972 5 2 
 88 987 2 2 
 88 987 1 2 
 85 982 2 2 
 85 982 2 2 
 85 982 2 2 
 85 982 2 2 
 40 783 2 4 
 100 980 2 2 
 77 982 2 3 
 94 977 2 1 
