 46 791 1 3 
 40 801 4 5 
 46 791 1 3 
 40 801 4 5 
 45 805 3 2 
 46 791 1 3 
 40 801 2 1 
 43 804 1 2 
 54 820 2 3 
 40 801 2 1 
 43 804 1 2 
 55 856 2 2 
 74 896 3 3 
 74 896 3 2 
 72 904 1 2 
 77 904 1 2 
 44 805 2 1 
 74 895 3 2 
 77 904 1 2 
 77 907 2 4 
 28 784 1 2 
 44 805 2 1 
 55 856 2 1 
 61 865 1 2 
 74 895 3 2 
 77 907 2 3 
 68 923 2 1 
 61 865 1 2 
 74 895 3 2 
 68 923 2 1 
 53 930 4 3 
 53 931 2 2 
 64 960 1 2 
 80 980 2 2 
 78 1001 4 2 
 78 1002 2 1 
 627 66 3 3 
 52 918 2 2 
 627 66 3 3 
 74 895 2 2 
 46 436 2 2 
 627 66 3 3 
 53 917 1 2 
 626 65 3 3 
 67 921 2 1 
 21 340 2 2 
 626 65 3 3 
 74 890 2 2 
 20 309 2 1 
 626 65 3 3 
 74 890 2 3 
 25 336 1 2 
 626 65 3 3 
 74 890 2 3 
 25 336 1 2 
 51 914 3 2 
 20 309 2 2 
 13 355 2 2 
 461 910 3 2 
 52 622 1 2 
 13 355 2 2 
 52 622 1 2 
 471 823 2 2 
 19 269 2 2 
 63 481 2 1 
 31 302 2 1 
 1384 923 3 3 
 70 545 3 2 
 31 302 2 1 
 711 1043 1 3 
 70 545 3 2 
 31 302 2 1 
 6 310 1 2 
 52 647 1 2 
 6 310 1 2 
 52 647 1 2 
 11 295 2 2 
 43 549 2 1 
 11 295 2 2 
 70 545 2 2 
 1513 1013 2 5 
 11 295 2 2 
 1513 1014 2 3 
 70 545 2 2 
 11 295 2 2 
 1504 988 3 3 
 11 295 2 2 
 1504 988 3 3 
 59 660 1 2 
 6 310 1 2 
 1504 988 3 3 
 59 660 1 2 
 58 660 2 2 
 1504 988 3 3 
 70 545 2 2 
 1504 988 3 3 
 653 64 1 2 
 95 977 2 3 
 64 689 4 2 
 653 64 1 2 
 95 977 2 3 
 58 659 2 3 
 653 64 1 2 
 1504 988 3 3 
 76 482 1 2 
 653 64 1 2 
 100 982 3 2 
 58 659 2 3 
 653 64 1 2 
 76 482 1 2 
 653 64 1 2 
 95 977 1 2 
 653 64 1 2 
 335 974 1 2 
 58 661 1 2 
 653 64 1 2 
 106 990 3 2 
 12 355 3 2 
 332 974 5 2 
 12 355 3 2 
 46 438 2 1 
 332 974 4 3 
 75 454 3 1 
 332 974 4 3 
 76 454 2 1 
 1569 1032 3 2 
 75 454 2 2 
 1569 1032 1 2 
 75 454 2 2 
 1553 1038 3 4 
 75 454 2 2 
 1553 1039 3 4 
 1552 1039 4 4 
 38 429 2 2 
 1541 1045 2 2 
 68 693 2 2 
 1520 1074 3 2 
 1520 1075 3 2 
 68 693 2 2 
 28 458 2 1 
 1520 1075 3 2 
 28 458 2 1 
 1520 1075 2 2 
 63 680 1 2 
 1541 1045 2 2 
 63 680 1 2 
 1552 1040 4 4 
 1511 961 1 2 
 460 819 2 2 
 1520 1076 2 1 
 659 70 3 4 
 1510 1077 2 2 
 72 453 2 2 
 659 70 3 4 
 1510 1077 2 2 
 5 412 2 1 
 659 70 3 4 
 1520 1076 2 1 
 659 70 3 4 
 1511 961 1 2 
 659 70 3 4 
 1511 961 1 2 
 659 70 3 4 
 1511 961 1 2 
 659 70 3 4 
 90 973 3 4 
 659 70 3 4 
 1554 1041 2 2 
 1554 1041 2 2 
 79 963 4 5 
 79 962 3 5 
 79 962 3 5 
 79 962 3 5 
 79 962 3 5 
 51 919 2 1 
 51 919 2 2 
