 674 7 7 4 
 687 21 8 5 
 713 48 10 7 
 730 68 4 3 
 757 88 12 11 
 773 106 10 5 
 821 141 13 13 
 839 165 3 2 
 839 158 3 2 
 859 168 3 2 
 870 182 9 8 
 888 191 13 6 
 905 202 8 4 
 924 207 10 9 
 942 224 5 1 
 971 239 11 6 
 1076 285 8 6 
 1016 574 5 5 
 1093 293 11 6 
 1109 302 11 6 
 1146 314 6 6 
 1163 324 10 3 
 1180 331 8 5 
 1174 582 4 9 
 1189 587 8 10 
 1211 596 4 4 
 1276 365 6 4 
 1295 371 5 3 
 1317 378 6 7 
 1336 384 8 4 
 1359 386 5 8 
 1381 397 4 1 
 1401 404 7 8 
 1421 405 8 7 
 1446 413 5 4 
 1466 418 7 6 
 1405 682 3 5 
 1423 697 2 2 
 1512 423 7 8 
 1439 699 11 15 
 1536 430 5 7 
 1558 438 6 7 
 1581 440 6 6 
 1630 452 2 1 
 624 61 7 7 
 627 61 3 3 
 627 61 3 3 
 1699 451 5 5 
 627 61 3 3 
 1724 455 4 5 
 627 61 3 3 
 1748 463 4 8 
 627 61 3 3 
 627 61 3 3 
 1793 462 7 11 
 627 61 3 3 
 1817 465 7 18 
 627 61 3 3 
 1886 473 9 11 
 828 504 2 3 
 659 65 1 2 
 659 65 1 2 
 659 65 1 2 
 659 65 1 2 
 657 70 2 6 
 657 71 2 5 
 657 71 2 5 
 657 71 2 5 
