 1124 0 9 3 
 1120 41 9 11 
 1118 48 2 3 
 1129 43 4 3 
 1111 92 16 11 
 1102 142 5 3 
 1101 149 10 4 
 1111 147 3 2 
 1099 195 3 4 
 1092 201 2 3 
 1080 256 3 3 
 1076 245 20 16 
 1074 301 5 7 
 1072 306 2 2 
 1060 351 15 14 
 1051 410 3 4 
 1057 406 4 3 
 1052 406 8 8 
 1036 467 2 2 
 1039 456 16 12 
 1031 513 9 6 
 1039 510 5 3 
 1023 559 10 5 
 1033 559 2 1 
 1014 654 11 8 
 1018 703 4 3 
 1016 739 10 7 
 1019 786 2 2 
 1023 817 10 7 
 1030 857 5 3 
 1032 889 10 7 
 1044 928 2 2 
 1050 963 2 1 
 1051 992 11 6 
 1066 1028 4 2 
 1071 1051 9 6 
 1671 719 2 3 
 211 800 2 2 
 624 62 7 5 
 624 62 7 5 
 624 62 7 5 
 624 62 7 5 
 624 62 7 5 
 624 62 7 5 
 624 62 7 5 
 643 65 3 3 
 211 799 2 2 
 653 62 4 3 
 654 62 3 3 
 654 62 3 3 
 654 62 3 3 
 654 62 3 3 
 654 62 3 3 
 654 62 3 3 
 654 62 3 3 
 1465 771 3 3 
 1456 770 4 2 
