 61 585 2 3 
 58 587 2 1 
 69 589 4 3 
 61 585 2 3 
 58 587 2 1 
 69 589 4 3 
 56 593 2 2 
 74 593 2 1 
 61 585 2 3 
 57 586 3 2 
 69 589 4 3 
 74 593 2 1 
 77 600 2 2 
 61 585 2 3 
 57 586 3 2 
 69 589 3 3 
 77 600 2 2 
 52 604 1 2 
 59 586 2 2 
 77 600 2 2 
 52 604 1 2 
 78 618 2 3 
 82 626 2 2 
 69 738 2 3 
 86 635 2 1 
 74 641 1 2 
 74 695 2 2 
 87 700 1 2 
 74 695 2 2 
 76 698 3 2 
 71 728 2 1 
 74 695 2 2 
 76 698 2 2 
 87 700 1 2 
 71 728 2 1 
 80 733 2 2 
 79 750 1 2 
 76 696 2 2 
 46 788 2 2 
 666 62 4 3 
 69 868 2 2 
 666 62 4 3 
 83 632 2 2 
 666 62 4 3 
 83 632 2 2 
 666 62 4 3 
 56 647 4 4 
 56 649 2 2 
 63 553 2 2 
 52 521 2 2 
 5 347 2 1 
 63 553 2 3 
 5 345 3 4 
 63 553 2 2 
 5 345 3 4 
 5 345 3 4 
 5 345 3 4 
 63 553 1 2 
 5 345 3 4 
 63 553 1 2 
 26 333 2 2 
 26 333 2 2 
 60 285 2 1 
 60 285 2 1 
 60 285 2 1 
 60 285 2 1 
 60 285 2 1 
 60 285 2 1 
 60 285 2 1 
 1 308 2 2 
 82 741 2 2 
 36 512 2 1 
 1 308 2 3 
 36 512 2 1 
 1 308 2 3 
 79 750 1 3 
 36 512 2 1 
 70 412 2 1 
 1 308 2 3 
 61 639 2 2 
 79 750 1 3 
 29 523 3 3 
 29 525 2 1 
 1 308 2 3 
 29 525 2 1 
 29 525 2 1 
 29 525 2 1 
 72 600 3 3 
 80 627 2 2 
 80 627 2 2 
 71 588 2 1 
 13 789 3 2 
 59 584 2 2 
 13 789 2 1 
 59 583 2 3 
 13 789 2 1 
 59 583 2 4 
 87 965 1 2 
 58 584 3 3 
 84 966 2 1 
 59 584 2 3 
 87 965 1 2 
 58 584 3 3 
 87 965 1 2 
 87 965 1 2 
 17 565 1 2 
 17 564 2 3 
 87 965 1 2 
 17 564 2 3 
 92 968 3 4 
 106 980 2 2 
 17 564 2 3 
 665 74 2 2 
 17 564 2 3 
 87 966 1 2 
 665 74 2 2 
 66 993 3 2 
 17 564 2 3 
 665 74 2 2 
 104 980 4 4 
 17 564 2 3 
 665 74 2 2 
 17 564 2 3 
 98 981 5 3 
 665 74 2 2 
 68 591 2 1 
 97 981 6 5 
 665 74 2 2 
 99 986 4 3 
 69 590 2 2 
 665 74 2 2 
 84 987 2 1 
 50 616 4 3 
 665 74 2 2 
 84 987 2 1 
 51 616 3 3 
 70 590 1 2 
 99 986 3 3 
 78 603 2 1 
 88 994 2 2 
 53 606 2 1 
 77 602 2 1 
 77 602 2 1 
 60 587 2 1 
 88 993 2 3 
 60 587 2 1 
 96 1001 2 4 
 58 587 4 2 
 96 1001 2 4 
 58 587 4 2 
 96 1001 2 4 
 96 1002 2 3 
 63 586 2 2 
 96 1002 2 3 
 62 586 3 2 
 96 1003 2 2 
 62 586 3 3 
 84 625 2 3 
 71 691 1 2 
 102 984 4 2 
 14 566 1 3 
 96 984 6 2 
 40 782 3 5 
 57 570 3 2 
