 1086 1064 2 3 
 1587 991 9 9 
 1589 992 9 10 
 1592 997 10 11 
 1598 1002 9 12 
 1601 1009 9 11 
 1605 1016 8 13 
 1611 1032 6 12 
 1619 1064 8 16 
 707 1076 4 4 
 836 1022 3 4 
 836 1022 3 3 
 877 1026 1 2 
 963 1024 2 4 
 876 1026 2 1 
 876 1025 3 2 
 877 1025 2 2 
 877 1025 2 2 
 859 1021 2 3 
 858 1021 3 3 
 859 1021 2 2 
 828 965 2 1 
 827 965 3 3 
 827 965 3 3 
 827 965 3 3 
 827 965 3 3 
 827 965 3 3 
 827 965 3 3 
 827 965 3 3 
 833 1023 5 2 
 835 1023 3 2 
 835 1023 3 2 
 835 1023 3 2 
 886 1017 2 1 
 886 1017 2 1 
 1017 1041 1 2 
 822 1028 2 3 
 822 1028 2 3 
 822 1028 2 3 
 822 1028 2 3 
 822 1028 2 3 
 822 1028 2 3 
 822 1028 2 3 
 822 1028 2 3 
 1039 1068 4 3 
 1039 1068 4 3 
 829 1035 2 4 
 829 1035 2 2 
 829 1035 2 2 
 1044 1075 2 2 
 824 1026 1 2 
 783 1078 1 2 
 824 1026 1 2 
 968 1027 2 3 
 968 1028 2 2 
 968 1028 2 2 
 968 1028 2 2 
 968 1028 2 2 
 968 1028 2 2 
 825 1028 2 2 
 844 1017 2 2 
 782 1077 3 3 
 1044 1069 2 2 
 844 1017 3 2 
 844 1017 3 2 
 843 1017 4 2 
 843 1017 4 2 
 843 1017 4 2 
 843 1017 4 2 
 1007 1031 3 2 
 491 33 6 7 
 1039 1065 8 7 
 491 33 8 7 
 1042 1066 5 8 
 491 33 8 7 
 491 33 8 7 
 1088 1064 1 2 
 492 33 7 7 
 1041 1068 2 1 
 492 33 7 7 
 492 33 7 7 
 492 33 7 7 
