 52 840 3 1 
 55 749 1 2 
 7 797 2 2 
 7 798 2 2 
 7 798 2 2 
 68 768 2 1 
 45 793 2 2 
 7 798 2 2 
 49 803 2 2 
 55 749 2 2 
 67 765 3 4 
 82 768 2 1 
 45 793 2 2 
 48 803 3 4 
 42 806 4 3 
 55 749 2 2 
 67 764 2 1 
 68 767 2 2 
 45 793 2 2 
 51 815 3 3 
 48 803 3 3 
 61 805 2 3 
 42 807 4 2 
 43 823 2 2 
 60 854 3 2 
 54 826 2 2 
 62 944 2 2 
 62 957 1 2 
 658 61 3 3 
 54 825 3 2 
 658 61 3 3 
 51 833 3 2 
 24 369 2 1 
 658 61 3 3 
 57 845 2 1 
 21 345 1 2 
 658 61 3 3 
 59 934 2 2 
 21 345 1 2 
 63 960 1 2 
 18 273 2 2 
 63 245 2 2 
 0 818 3 5 
 62 245 3 4 
 0 818 3 5 
 9 256 2 1 
 75 974 3 3 
 41 542 2 1 
 36 297 1 2 
 62 937 2 1 
 9 254 3 3 
 62 955 2 2 
 10 254 2 2 
 54 907 2 2 
 18 273 2 2 
 74 487 2 6 
 6 366 2 2 
 41 647 2 3 
 72 898 2 2 
 23 345 2 2 
 54 633 2 2 
 66 422 2 1 
 655 64 2 2 
 74 968 2 1 
 43 429 2 2 
 655 64 2 2 
 74 968 2 1 
 655 64 2 2 
 74 968 2 1 
 655 64 2 2 
 74 968 2 1 
 655 64 2 2 
 58 672 2 2 
 655 64 2 2 
 58 672 2 2 
 655 64 2 2 
 58 671 2 2 
 655 64 2 2 
 33 623 2 2 
 33 623 2 2 
 33 623 2 2 
 71 689 1 2 
 71 688 2 3 
 70 464 2 2 
 75 455 2 2 
 75 455 2 2 
 60 642 2 2 
 57 516 1 2 
 83 763 2 2 
 72 686 1 2 
 72 686 1 2 
 64 668 2 2 
 64 668 2 2 
 59 642 2 1 
 59 642 2 1 
 666 63 4 3 
 56 910 4 4 
 666 63 4 3 
 55 910 5 5 
 666 63 4 3 
 51 904 1 2 
 666 63 4 3 
 50 903 2 3 
