 69 664 2 2 
 51 746 2 2 
 75 717 2 2 
 32 747 2 2 
 75 717 2 2 
 32 747 2 2 
 65 754 2 2 
 75 717 2 2 
 32 747 2 2 
 72 763 3 6 
 74 717 3 2 
 32 747 2 2 
 72 763 2 5 
 66 768 2 2 
 75 717 2 2 
 32 747 2 2 
 72 763 1 3 
 75 771 1 2 
 75 717 2 2 
 32 747 2 2 
 60 794 2 1 
 71 766 3 3 
 71 764 5 10 
 57 809 3 4 
 70 819 2 1 
 68 812 3 4 
 49 895 2 2 
 70 819 2 1 
 58 778 2 2 
 58 778 2 2 
 59 760 2 2 
 63 704 2 2 
 63 703 2 3 
 63 704 2 2 
 80 711 2 2 
 80 712 2 1 
 27 892 2 1 
 46 746 3 4 
 667 64 3 2 
 667 64 3 2 
 667 64 3 2 
 667 64 3 2 
 667 64 3 2 
 667 64 3 2 
 667 64 3 2 
 667 64 3 2 
 627 994 1 2 
 627 994 1 2 
 627 994 1 2 
 615 995 2 1 
 626 991 1 2 
 626 991 1 2 
 626 991 1 2 
 626 991 1 2 
 614 995 2 1 
 0 244 1 2 
 614 995 2 1 
 612 992 1 2 
 617 989 2 2 
 617 989 2 2 
 612 991 1 3 
 612 992 1 2 
 612 992 1 2 
 612 992 1 2 
 612 992 1 2 
 102 980 2 2 
 102 980 2 2 
 49 388 2 1 
 526 1050 2 1 
 49 388 2 1 
 526 1050 2 1 
 81 625 1 2 
 61 223 5 2 
 526 1050 2 1 
 0 333 2 1 
 70 586 5 2 
 43 382 2 3 
 83 730 2 1 
 53 205 2 2 
 611 984 3 3 
 32 201 1 2 
 607 998 2 2 
 72 586 3 2 
 653 64 1 2 
 586 1014 2 2 
 83 729 2 3 
 653 64 1 2 
 586 1014 2 2 
 18 372 1 2 
 76 728 2 2 
 663 66 2 2 
 586 1014 2 2 
 60 688 2 2 
 663 66 2 2 
 579 1015 3 2 
 39 290 1 2 
 663 66 2 2 
 579 1015 3 2 
 663 66 2 2 
 586 1014 2 2 
 663 66 2 2 
 586 1014 2 2 
 663 66 2 2 
 586 1014 2 2 
 580 1015 2 2 
