 883 1016 3 3 
 826 1025 3 4 
 869 1040 2 2 
 805 1055 2 3 
 917 1071 6 5 
 832 1032 2 2 
 820 1063 1 2 
 835 1049 1 2 
 961 1025 2 1 
 961 1025 2 1 
 963 1026 2 2 
 963 1026 2 2 
 965 1042 7 7 
 963 1026 2 2 
 964 1042 7 8 
 1002 1047 3 2 
 963 1043 4 3 
 1002 1047 3 2 
 968 1048 3 4 
 963 1042 4 4 
 1002 1047 3 2 
 968 1048 3 4 
 1010 1051 2 2 
 989 1059 2 1 
 1024 1062 4 4 
 841 1011 3 3 
 963 1042 5 4 
 967 1048 3 3 
 989 1058 2 2 
 1024 1062 5 4 
 981 1066 7 7 
 841 1011 3 3 
 963 1043 7 3 
 826 1045 4 4 
 989 1058 2 2 
 1024 1063 5 3 
 981 1067 15 10 
 841 1011 3 3 
 965 1043 7 5 
 826 1045 4 4 
 825 1050 2 2 
 982 1067 12 8 
 996 1068 4 3 
 880 1016 3 3 
 954 1034 1 2 
 965 1043 7 4 
 874 1060 2 2 
 958 1065 2 1 
 950 1069 3 3 
 918 1073 1 2 
 992 1071 3 2 
 1000 1070 2 2 
 1014 1069 9 4 
 1007 1069 5 4 
 950 1069 5 4 
 888 1077 2 2 
 896 1076 4 4 
 1310 120 3 2 
 735 1075 2 1 
 1310 120 3 2 
 839 1016 5 5 
 1310 120 3 5 
 839 1016 4 4 
 1310 120 3 5 
 839 1016 4 3 
 1310 120 3 5 
 839 1016 4 3 
 1310 120 3 5 
 1035 1075 2 5 
 1310 120 2 3 
 727 1075 2 2 
 1310 120 2 3 
 1035 1077 2 1 
 967 1045 3 3 
 1307 130 2 4 
 967 1045 3 3 
 968 1047 1 3 
 880 1016 3 3 
 878 1016 3 3 
 876 1016 3 3 
 835 1017 4 3 
 837 1018 4 4 
 839 1019 3 3 
 1308 129 2 3 
 835 1017 2 2 
 876 1016 4 3 
 879 1015 2 1 
 878 1016 5 3 
 879 1016 4 3 
 879 1016 4 3 
 879 1016 4 3 
 876 1017 3 1 
 834 1017 2 2 
 834 1016 2 2 
 1307 137 2 5 
 834 1016 2 2 
 825 1025 1 2 
 876 1015 3 3 
 876 1015 4 3 
 834 1017 2 1 
 494 34 4 5 
 1076 1072 2 1 
 498 34 6 3 
 1076 1072 2 1 
 498 34 6 3 
 1026 1072 2 1 
 989 1071 1 2 
 877 1016 3 2 
 878 1017 3 2 
 895 1074 3 3 
 895 1074 3 3 
 878 1017 2 1 
 877 1016 3 2 
 878 1017 2 1 
 878 1017 2 1 
 879 1017 2 2 
 880 1017 1 2 
 880 1017 1 2 
 1031 1076 1 2 
 880 1017 1 2 
 1085 1074 1 3 
 879 1017 2 2 
 879 1017 2 2 
 521 33 1 2 
 1006 1070 2 2 
 521 33 1 2 
 1006 1070 2 2 
 521 33 1 2 
 1030 1071 2 1 
 521 33 1 2 
 1030 1070 2 2 
 521 33 1 2 
 1015 1073 2 1 
 521 33 1 2 
 1028 1074 1 2 
 521 33 1 2 
 1027 1075 5 5 
 521 33 1 2 
 1005 1072 4 4 
 521 33 1 2 
 1014 1073 2 2 
 981 1021 3 2 
 879 1017 2 2 
 879 1017 2 2 
 942 1029 1 2 
 945 1028 3 3 
 945 1028 3 3 
 833 1016 2 3 
 984 1021 1 2 
 982 1021 3 2 
