 927 1013 6 5 
 927 1014 3 3 
 927 1013 6 5 
 916 1015 4 3 
 935 1030 1 2 
 1011 1030 9 4 
 1011 1030 9 4 
 965 1037 1 2 
 965 1037 1 2 
 965 1040 2 1 
 891 1053 1 2 
 889 1065 3 3 
 926 1065 2 2 
 887 1073 3 7 
 1054 1063 4 3 
 874 1077 3 3 
 898 1075 1 2 
 888 1075 3 3 
 887 1076 3 3 
 922 1017 2 1 
 880 1076 2 2 
 920 1078 2 2 
 930 1016 5 2 
 930 1016 5 2 
 1082 1075 2 3 
 932 1017 2 1 
 535 41 1 2 
 962 1024 4 4 
 535 41 1 2 
 1140 1074 8 4 
 535 41 1 2 
 878 1074 9 6 
 535 41 1 2 
 1141 1072 8 6 
 535 41 1 2 
 1152 1073 4 5 
 535 41 1 2 
 1120 1076 3 4 
 535 41 1 2 
 891 1075 3 2 
 535 41 1 2 
 1152 1073 4 4 
 1152 1073 4 4 
 966 1026 2 2 
 933 1062 3 1 
 1117 1077 3 3 
 731 1057 3 6 
 932 1062 4 4 
 933 1062 3 3 
 933 1062 3 3 
 1007 1031 1 2 
 1007 1031 1 2 
 1006 1031 4 3 
 1006 1031 4 3 
 1006 1031 4 3 
 1006 1031 4 3 
 1006 1031 4 3 
 1006 1031 4 3 
 1024 1031 1 3 
 1024 1031 1 3 
 1024 1031 1 3 
 1101 1065 5 4 
 1024 1031 3 3 
 927 1029 2 2 
 927 1029 2 2 
 1055 1062 1 2 
 1071 1068 2 2 
 914 1015 3 2 
 914 1015 3 2 
 914 1014 4 2 
 1006 1030 4 3 
 1006 1030 4 3 
 1006 1030 4 3 
 1032 1051 4 4 
 925 1063 5 3 
 1079 1068 5 3 
 1079 1077 2 3 
 1118 1062 2 1 
 1118 1062 2 1 
 1118 1062 2 1 
 967 1026 2 2 
 525 35 2 1 
 859 1072 3 3 
 525 35 2 1 
 1083 1070 1 2 
 525 35 2 1 
 930 1073 2 2 
 1082 1071 2 1 
 521 35 3 3 
 521 35 3 3 
 853 1070 2 2 
 521 35 3 3 
 1078 1067 3 5 
 521 35 2 2 
 960 1075 3 5 
 521 35 2 2 
 1076 1068 5 5 
 956 1025 2 2 
 956 1025 2 2 
 956 1025 2 2 
 957 1025 1 2 
 931 1031 3 2 
 956 1024 1 2 
 1018 1047 2 1 
 1018 1047 2 1 
