 65 258 1 2 
 61 226 2 2 
 71 247 3 3 
 61 226 2 2 
 71 248 3 2 
 45 252 2 1 
 0 266 2 3 
 65 283 1 2 
 46 217 2 2 
 61 226 2 2 
 71 248 3 2 
 64 261 1 2 
 0 266 2 3 
 65 283 1 2 
 17 285 1 2 
 77 287 3 1 
 61 226 2 2 
 71 248 3 2 
 64 261 1 2 
 0 267 2 2 
 65 283 1 2 
 17 285 1 2 
 77 288 2 1 
 63 292 1 2 
 59 293 3 2 
 71 247 4 3 
 52 250 2 2 
 64 261 1 2 
 0 266 2 2 
 48 269 1 2 
 65 283 1 2 
 63 292 1 2 
 59 294 3 1 
 71 304 2 2 
 71 247 4 3 
 26 256 2 1 
 48 269 1 2 
 65 283 1 2 
 17 286 2 2 
 57 291 1 2 
 63 292 1 2 
 59 294 3 1 
 71 304 2 1 
 62 309 2 1 
 71 247 4 3 
 27 256 1 2 
 48 269 1 2 
 65 283 1 2 
 17 286 2 2 
 57 291 2 2 
 63 292 1 2 
 59 294 3 1 
 71 304 2 1 
 36 312 1 2 
 71 248 4 2 
 27 256 1 2 
 64 261 2 2 
 48 269 1 2 
 65 283 1 2 
 17 286 2 2 
 59 292 5 3 
 71 304 2 1 
 65 337 3 3 
 71 248 4 2 
 27 256 1 2 
 64 261 2 2 
 48 269 1 2 
 65 283 1 2 
 17 286 2 2 
 71 302 4 3 
 65 337 3 3 
 39 345 1 2 
 72 248 3 2 
 55 249 2 1 
 27 256 1 2 
 53 256 2 1 
 17 286 2 2 
 71 302 4 3 
 11 311 1 2 
 59 325 1 2 
 65 337 3 3 
 39 345 1 2 
 35 346 2 2 
 58 352 2 1 
 55 247 2 3 
 27 256 1 2 
 17 286 2 2 
 71 302 4 3 
 62 309 2 3 
 11 311 1 2 
 59 325 1 2 
 65 339 2 1 
 39 345 1 2 
 35 346 1 2 
 58 352 2 1 
 54 355 3 3 
 55 247 2 3 
 17 286 2 2 
 72 302 3 3 
 63 310 1 2 
 11 311 3 2 
 59 325 1 2 
 65 339 2 1 
 39 345 1 2 
 35 346 1 2 
 57 351 2 2 
 54 356 3 2 
 25 365 2 2 
 55 247 2 3 
 74 248 1 2 
 17 286 2 2 
 72 303 2 2 
 63 310 1 2 
 11 311 3 2 
 59 325 1 2 
 65 339 2 1 
 35 346 1 2 
 57 351 2 2 
 54 356 3 2 
 39 374 3 2 
 55 247 2 3 
 74 248 1 2 
 17 286 2 2 
 63 310 1 2 
 59 325 1 2 
 65 339 2 2 
 35 346 1 2 
 56 351 3 2 
 54 356 3 2 
 4 382 2 2 
 6 280 1 2 
 63 311 1 2 
 59 325 1 2 
 65 340 3 1 
 35 344 3 4 
 55 357 2 1 
 53 359 2 2 
 11 361 2 2 
 40 374 2 2 
 35 401 1 2 
 40 374 2 2 
 62 462 2 2 
 79 465 2 1 
 40 482 2 2 
 54 540 2 1 
 40 482 2 2 
 76 517 1 2 
 76 482 2 2 
 76 489 2 2 
 79 511 2 2 
 52 573 3 3 
 71 572 5 4 
 56 546 2 1 
 54 540 2 1 
 76 517 2 2 
 75 514 1 2 
 74 483 3 3 
 78 491 1 2 
 46 218 2 2 
 74 572 2 3 
 74 245 2 2 
 46 467 2 2 
 65 238 2 2 
 14 440 2 2 
 63 229 2 2 
 33 446 2 2 
 65 238 2 2 
 33 446 2 2 
 63 229 1 2 
 21 439 2 2 
 65 238 2 2 
 21 439 2 2 
 65 238 2 2 
 28 439 4 3 
 56 249 2 2 
 32 248 2 1 
 75 572 1 2 
 74 247 1 2 
 47 449 1 2 
 74 247 1 2 
 47 449 1 2 
 665 64 2 2 
 76 290 3 2 
 45 517 2 1 
 665 64 2 2 
 56 669 2 2 
 10 363 2 2 
 665 64 2 2 
 56 669 2 2 
 10 363 2 2 
 665 64 2 2 
 56 669 2 2 
 8 347 2 2 
 665 64 2 2 
 56 669 2 2 
 19 363 1 2 
 665 64 2 2 
 38 350 2 1 
 665 64 2 1 
 57 328 3 2 
 665 64 2 1 
 57 329 2 1 
 22 243 1 2 
 77 516 1 3 
 22 243 1 2 
 64 462 1 2 
 22 243 1 2 
 58 546 2 2 
 58 546 2 2 
 67 440 4 2 
 63 229 1 2 
 65 238 2 2 
 65 238 2 2 
 65 238 2 2 
 65 238 2 2 
 65 238 2 2 
 63 229 2 2 
 31 278 2 2 
 77 288 3 2 
 55 249 2 1 
 58 279 1 2 
 26 255 2 2 
 65 340 2 1 
 61 226 1 2 
 61 226 2 2 
 61 226 2 2 
 34 306 2 3 
 34 306 2 3 
 77 481 3 1 
 54 245 2 2 
 54 245 2 2 
 27 342 2 1 
 5 278 3 2 
 6 278 2 2 
 6 278 2 2 
 6 278 2 2 
 0 295 3 2 
 0 295 3 2 
 0 295 3 2 
 0 295 3 2 
 31 302 1 2 
 53 352 1 2 
 1 295 2 2 
 20 359 2 2 
 667 74 3 4 
 61 308 1 2 
 667 74 3 4 
 61 308 1 2 
 667 74 3 4 
 61 308 1 2 
 667 74 3 4 
 61 308 1 2 
 667 74 3 4 
 61 308 1 2 
 667 74 3 4 
 64 698 1 2 
 19 360 2 2 
 667 74 3 4 
 33 702 1 2 
 667 74 3 4 
 60 710 2 1 
 27 356 2 1 
 60 710 2 1 
 27 356 2 1 
 69 719 2 2 
 27 356 2 1 
 27 356 2 1 
 69 719 3 3 
 58 679 2 2 
 56 780 2 3 
 35 787 3 4 
