 47 490 1 2 
 48 497 2 1 
 58 574 2 2 
 63 590 2 2 
 67 633 3 3 
 72 632 3 2 
 63 590 3 3 
 76 607 2 3 
 77 640 3 3 
 67 632 3 7 
 72 631 3 3 
 50 624 2 2 
 71 615 2 3 
 76 607 2 3 
 63 590 2 3 
 83 643 3 4 
 77 640 3 3 
 82 637 1 2 
 67 632 3 8 
 71 630 4 4 
 49 624 3 2 
 71 615 3 3 
 76 607 3 3 
 74 597 2 1 
 63 590 2 3 
 71 648 4 3 
 83 643 3 4 
 77 640 3 4 
 82 637 1 2 
 66 633 4 6 
 71 631 4 5 
 49 624 3 2 
 71 615 3 3 
 76 608 3 2 
 63 590 2 3 
 64 701 1 2 
 72 648 3 3 
 83 643 3 4 
 77 640 3 4 
 82 637 1 3 
 66 633 4 7 
 71 631 4 5 
 49 623 3 3 
 71 615 3 3 
 63 590 2 3 
 76 607 3 3 
 74 597 2 1 
 56 702 2 1 
 72 648 3 4 
 72 648 3 3 
 83 643 3 4 
 77 640 3 4 
 82 637 1 3 
 66 633 4 7 
 71 631 4 5 
 50 624 2 2 
 71 615 2 4 
 76 608 3 2 
 74 597 2 1 
 63 591 2 3 
 56 709 4 5 
 56 702 2 1 
 72 648 3 4 
 72 648 3 3 
 83 643 3 4 
 77 640 3 3 
 82 637 1 2 
 66 634 4 6 
 71 631 4 5 
 50 624 2 2 
 71 615 2 4 
 76 608 3 2 
 74 597 2 2 
 63 591 2 3 
 60 724 2 2 
 56 709 4 5 
 56 702 2 1 
 72 650 1 2 
 83 643 3 4 
 77 640 3 3 
 66 636 4 4 
 66 632 2 1 
 55 731 3 6 
 56 736 2 2 
 63 227 1 2 
 59 553 2 1 
 58 553 3 1 
 58 553 3 1 
 48 481 2 2 
 78 716 2 3 
 665 70 3 2 
 41 745 6 6 
 665 70 3 2 
 99 982 4 3 
 42 745 5 5 
 665 70 3 2 
 75 756 2 2 
 665 70 3 2 
 74 752 3 6 
 665 70 3 2 
 74 752 3 6 
 665 70 3 2 
 44 747 3 3 
 665 70 3 2 
 74 752 3 9 
 665 70 3 2 
 74 751 3 5 
 75 757 2 4 
 46 646 3 2 
 46 646 3 2 
 46 646 3 2 
 46 646 2 1 
 46 646 3 2 
 74 737 2 2 
 51 681 2 3 
 51 681 2 3 
 50 680 3 4 
 51 681 2 3 
 72 646 2 2 
 648 84 2 2 
 55 247 2 1 
 656 62 4 3 
 656 62 4 3 
 656 62 4 3 
 81 718 2 2 
 656 62 4 3 
 82 718 1 2 
 656 62 4 3 
 82 718 1 2 
 656 62 4 3 
 82 718 1 2 
 656 62 4 3 
 656 62 4 3 
 71 422 1 2 
 81 716 2 2 
 80 618 2 2 
 0 355 2 2 
 17 321 1 2 
 17 321 1 2 
