 72 750 3 2 
 65 759 2 3 
 74 720 2 1 
 82 689 1 2 
 31 748 3 3 
 82 689 1 2 
 31 748 3 3 
 42 759 1 2 
 82 689 2 2 
 31 748 2 2 
 42 759 1 2 
 57 772 2 2 
 56 782 1 2 
 46 787 2 3 
 36 794 2 1 
 36 794 2 1 
 62 807 3 2 
 35 740 2 1 
 35 740 2 1 
 656 62 4 4 
 63 807 3 2 
 656 62 4 4 
 63 807 3 2 
 656 62 4 4 
 63 807 3 2 
 656 62 4 4 
 656 62 4 4 
 63 807 3 2 
 656 62 4 4 
 69 828 2 2 
 656 62 4 4 
 72 832 2 4 
 656 62 4 4 
 72 833 2 3 
 44 412 2 2 
 656 62 4 4 
 72 832 2 4 
 44 412 2 2 
 39 418 2 1 
 74 873 2 3 
 74 968 2 2 
 39 418 2 1 
 74 968 2 2 
 37 403 2 2 
 74 968 2 2 
 39 418 2 1 
 74 968 2 2 
 38 401 2 3 
 74 985 3 3 
 38 401 2 3 
 50 393 2 2 
 82 692 2 2 
 50 393 2 2 
 25 316 1 2 
 64 758 1 2 
 25 316 1 2 
 64 771 2 2 
 25 316 1 2 
 64 758 1 2 
 25 316 1 2 
 80 710 1 2 
 25 316 1 2 
 58 583 1 2 
 25 316 1 2 
 60 586 1 2 
 25 316 1 2 
 71 671 2 2 
 649 63 2 2 
 50 757 2 1 
 0 415 1 2 
 649 63 2 2 
 58 394 1 2 
 649 63 2 2 
 0 415 1 2 
 71 671 2 2 
 649 63 2 2 
 0 415 1 2 
 649 63 2 2 
 35 493 2 2 
 649 63 2 2 
 649 63 2 2 
 649 63 2 2 
 663 63 1 2 
 663 63 1 2 
 663 63 1 2 
 663 63 1 2 
 663 63 1 2 
 663 63 1 2 
 663 63 1 2 
 663 63 1 2 
 27 372 2 1 
 76 655 2 3 
 27 372 2 1 
 27 372 2 1 
 26 372 2 1 
 22 393 2 2 
