 878 1015 3 4 
 879 1016 2 3 
 879 1017 2 2 
 509 52 3 6 
 854 1020 3 2 
 877 1045 1 2 
 921 1063 3 3 
 930 1070 2 3 
 969 1041 1 2 
 951 1075 2 2 
 986 1077 7 3 
 948 1075 2 2 
 920 1045 3 2 
 835 1054 2 1 
 920 1045 3 2 
 947 1033 2 1 
 947 1033 2 1 
 877 1016 3 2 
 521 36 2 2 
 948 1075 3 2 
 521 36 2 2 
 948 1075 2 2 
 521 36 2 2 
 996 1075 1 2 
 521 36 2 2 
 996 1075 1 2 
 521 36 2 2 
 821 1040 3 3 
 521 36 2 2 
 827 1042 4 3 
 521 36 2 2 
 827 1042 4 3 
 521 36 2 2 
 945 1036 2 2 
 827 1043 4 2 
 821 1040 3 4 
 827 1042 4 3 
 960 1046 5 6 
 821 1041 3 3 
 960 1045 5 7 
 1018 1076 2 2 
 1317 128 2 1 
 1021 1077 3 3 
 1019 1077 5 3 
 873 1031 2 2 
 1317 128 3 3 
 944 1037 3 1 
 945 1037 2 1 
 715 1077 2 3 
 1315 118 2 2 
 970 1042 3 2 
 1315 118 2 2 
 930 1072 4 3 
 1317 128 3 5 
 970 1042 3 2 
 1315 118 2 1 
 828 1047 4 4 
 533 42 3 3 
 793 1069 1 4 
 533 42 3 3 
 1109 1057 9 6 
 533 42 3 3 
 533 42 3 3 
 874 1045 2 1 
 533 42 3 3 
 874 1045 2 1 
 533 42 3 3 
 909 1063 3 3 
 533 42 3 3 
 533 42 3 3 
 1316 120 2 1 
 1316 120 2 1 
 873 1031 1 2 
 1316 120 2 1 
 1316 120 2 1 
 1106 1056 5 5 
 1316 120 2 1 
 1296 126 5 11 
 1112 1056 4 3 
 1298 126 3 4 
 1111 1057 7 5 
 1298 126 3 4 
 824 1069 3 2 
 1299 126 2 3 
 792 1069 2 2 
 1298 127 2 2 
 834 1051 2 2 
 1298 127 2 2 
 978 1072 3 3 
 1299 131 2 2 
 834 1049 2 4 
 834 1049 2 4 
 834 1049 2 4 
 834 1051 2 2 
 834 1051 2 3 
 821 1077 2 3 
 834 1051 2 3 
 862 1033 2 2 
 828 1024 2 2 
 826 1025 1 2 
 862 1033 2 2 
 862 1033 2 2 
 1106 1067 2 2 
 1119 1068 3 3 
 1119 1068 3 3 
 1119 1068 3 3 
 1106 1066 2 1 
 1106 1066 2 1 
 1120 1068 3 3 
 1106 1066 2 1 
 1120 1068 3 3 
 1106 1066 2 1 
 714 1070 1 2 
