 63 549 2 3 
 78 622 2 2 
 65 548 2 2 
 78 622 2 2 
 71 636 1 2 
 64 547 3 3 
 69 636 1 2 
 71 636 1 2 
 78 643 2 3 
 64 547 2 2 
 78 643 3 3 
 76 642 5 4 
 82 653 2 3 
 78 657 3 3 
 64 547 2 2 
 78 643 3 3 
 76 642 5 4 
 82 653 2 3 
 75 683 2 4 
 78 656 4 4 
 77 641 3 3 
 78 643 3 3 
 76 641 5 5 
 78 656 4 4 
 74 657 2 1 
 75 684 2 3 
 63 719 2 1 
 19 785 2 1 
 67 746 2 3 
 17 782 4 4 
 17 784 4 2 
 67 186 2 2 
 95 973 2 2 
 39 390 2 2 
 67 186 2 2 
 95 973 2 2 
 39 390 2 2 
 67 186 2 2 
 95 973 2 2 
 39 390 2 3 
 66 187 2 2 
 95 973 2 2 
 39 390 2 3 
 67 187 2 1 
 39 390 1 3 
 67 187 2 1 
 39 390 1 3 
 52 297 2 2 
 81 607 1 2 
 39 391 1 2 
 75 610 2 2 
 73 406 2 2 
 94 973 4 4 
 34 266 3 2 
 64 544 3 3 
 95 974 3 3 
 1 334 2 2 
 655 62 5 3 
 95 975 5 3 
 34 388 1 2 
 655 62 5 3 
 106 984 3 3 
 34 388 1 2 
 105 985 4 4 
 655 62 5 3 
 45 463 2 2 
 97 984 13 9 
 655 62 5 3 
 34 388 1 2 
 655 62 5 3 
 97 984 13 10 
 69 394 4 4 
 655 62 5 3 
 77 986 3 2 
 29 351 3 3 
 655 62 5 3 
 97 985 13 9 
 58 460 2 6 
 655 62 5 3 
 97 985 13 9 
 29 351 3 4 
 78 989 2 1 
 29 351 3 4 
 26 341 2 5 
 85 990 4 3 
 29 352 3 4 
 105 987 4 5 
 29 354 2 2 
 107 989 2 2 
 29 354 2 2 
 98 986 3 1 
 62 642 2 2 
 41 702 2 1 
 43 215 2 2 
 103 977 4 3 
 70 194 2 2 
 103 977 4 3 
 43 215 2 2 
 92 989 3 2 
 70 194 2 2 
 102 972 5 5 
 52 196 2 1 
 92 988 2 2 
 55 191 2 1 
 87 994 4 2 
 647 61 5 4 
 94 994 2 1 
 647 61 5 4 
 100 970 2 3 
 647 61 5 4 
 100 970 2 3 
 647 61 5 4 
 100 970 2 3 
 647 61 5 4 
 647 61 5 4 
 647 61 5 4 
 93 966 3 2 
 647 61 5 4 
 647 61 5 4 
 33 620 2 2 
 80 616 2 1 
 79 606 2 2 
 82 605 2 1 
 80 604 4 4 
 79 604 2 1 
 78 603 3 2 
 78 603 3 2 
 78 603 3 2 
 78 603 3 2 
 78 603 3 2 
 78 603 3 2 
 36 507 2 3 
