 992 1023 2 2 
 994 1020 2 4 
 1034 1061 2 2 
 995 1019 2 2 
 1072 1062 2 2 
 1041 1064 2 2 
 1015 1042 3 1 
 1018 1044 2 2 
 1018 1044 2 2 
 1036 1062 2 2 
 1034 1063 1 2 
 1040 1069 2 2 
 837 1038 1 2 
 521 36 2 2 
 1037 1064 2 2 
 521 36 2 2 
 1037 1064 2 2 
 521 36 2 2 
 1037 1064 2 2 
 521 36 2 2 
 1074 1061 1 2 
 1074 1064 2 1 
 1034 1060 3 2 
 1036 1065 4 2 
 1036 1065 1 2 
 1016 1042 2 1 
 1074 1061 1 2 
 989 1018 2 3 
 1085 1054 2 2 
 1084 1053 3 4 
 988 1016 2 3 
 1085 1055 3 3 
 1085 1054 6 4 
 983 1017 2 3 
 980 1019 3 3 
 980 1017 3 4 
 980 1019 1 2 
 980 1017 2 4 
 522 50 3 3 
 981 1017 1 2 
 522 50 3 3 
 979 1018 3 3 
 522 50 3 3 
 977 1019 4 6 
 522 50 3 3 
 975 1020 3 1 
 522 50 3 3 
 974 1019 3 3 
 522 50 3 3 
 976 1020 2 1 
 522 50 3 3 
 976 1017 4 8 
 522 50 3 3 
 976 1017 3 4 
 977 1016 4 9 
 977 1016 4 9 
 976 1016 4 9 
 973 1017 5 9 
 971 1019 3 2 
 825 1018 3 3 
 825 1018 3 3 
 825 1018 3 3 
 825 1018 4 3 
 825 1018 4 3 
 825 1018 2 2 
 825 1018 2 2 
 825 1018 2 2 
 973 1023 1 2 
 971 1022 3 5 
 973 1019 2 2 
 974 1020 3 2 
 974 1020 2 1 
