 73 487 6 15 
 76 488 7 18 
 79 495 6 13 
 81 497 7 13 
 84 499 6 12 
 86 500 7 14 
 88 502 7 14 
 91 504 6 14 
 93 507 7 12 
 95 508 7 14 
 98 510 6 14 
 101 511 11 19 
 107 515 7 16 
 109 518 7 15 
 112 522 6 14 
 114 524 7 13 
 117 526 6 13 
 119 528 7 13 
 121 530 8 13 
 124 532 7 13 
 125 533 9 14 
 128 535 8 15 
 130 537 8 14 
 136 538 10 20 
 138 539 11 21 
 144 547 6 14 
 145 549 8 14 
 147 551 9 14 
 149 553 9 14 
 153 554 8 14 
 156 557 7 14 
 159 559 7 13 
 159 561 9 14 
 162 563 9 14 
 164 565 10 14 
 172 567 9 17 
 175 568 9 19 
 178 574 8 14 
 181 576 8 13 
 184 578 7 14 
 187 581 7 13 
 187 582 10 15 
 189 585 10 13 
 193 586 9 14 
 195 589 9 13 
 197 590 10 13 
 203 592 12 19 
 210 597 8 14 
 211 598 9 15 
 213 602 9 13 
 217 604 8 13 
 220 606 8 13 
 222 608 9 13 
 227 612 9 13 
 230 614 9 12 
 234 615 7 14 
 234 617 10 14 
 237 619 10 13 
 242 618 11 19 
 1906 256 10 20 
 246 621 10 17 
 248 627 9 13 
 1906 256 10 21 
 250 629 10 13 
 253 631 10 13 
 256 633 10 12 
 259 634 9 14 
 261 636 10 13 
 1906 257 10 20 
 264 638 10 13 
 1906 257 10 20 
 266 640 10 12 
 1908 267 4 3 
 269 642 10 13 
 272 644 10 13 
 275 645 9 14 
 280 645 10 17 
 657 80 1 2 
 283 646 11 19 
 657 80 1 2 
 285 652 10 13 
 657 80 1 2 
 288 655 10 13 
 657 80 1 2 
 290 657 11 13 
 657 80 1 2 
 293 658 10 12 
 657 80 1 2 
 296 660 11 15 
 657 80 1 2 
 298 662 11 13 
 657 80 1 2 
 301 663 11 13 
 304 666 10 12 
 1378 107 1 2 
 307 668 10 12 
 309 670 11 11 
 313 670 13 15 
 320 674 11 15 
 323 678 10 12 
 325 680 11 11 
 328 682 10 11 
 331 684 10 11 
 333 685 11 13 
 336 687 11 12 
 339 689 10 12 
 1909 261 8 9 
 341 690 11 12 
 344 692 11 12 
 347 694 10 12 
 1911 261 6 9 
 350 693 14 17 
 1913 262 3 3 
 355 696 11 16 
 1909 261 8 9 
 357 701 11 12 
 1909 261 8 9 
 360 703 11 12 
 1909 261 8 9 
 362 704 11 13 
 1910 261 2 2 
 365 706 11 12 
 1914 262 1 2 
 368 707 11 12 
 1914 262 1 2 
 371 709 10 12 
 374 711 10 12 
 376 713 10 11 
 379 714 10 11 
 381 716 10 10 
 623 61 5 5 
 384 718 4 3 
 623 61 5 5 
 623 61 5 5 
 623 69 3 4 
 623 61 5 3 
 623 61 5 3 
 623 61 5 3 
 623 61 5 3 
 1783 642 16 19 
 1794 645 3 3 
 652 65 2 2 
 1783 642 16 20 
 652 65 2 2 
 1783 642 16 20 
 652 65 2 2 
 1783 642 16 20 
 652 65 2 2 
 1783 642 17 20 
 652 65 2 2 
 1794 645 3 3 
 652 65 2 2 
 1793 643 2 1 
 1421 722 3 2 
 652 65 2 2 
