 1918 594 2 9 
 1914 596 3 6 
 1919 595 1 3 
 1914 597 3 3 
 1919 595 1 2 
 1914 597 3 3 
 1918 598 2 3 
 1914 597 3 3 
 1918 625 2 3 
 1887 634 1 2 
 1884 637 2 3 
 1885 634 3 2 
 1883 636 3 4 
 1912 638 2 3 
 1885 634 3 2 
 1884 638 2 2 
 1912 638 2 3 
 1906 657 3 2 
 1915 694 4 2 
 1915 693 5 3 
 1918 699 2 2 
 1909 651 2 4 
 1915 693 5 3 
 1918 699 2 2 
 1910 716 5 7 
 1880 717 2 3 
 1909 651 3 4 
 1906 657 2 2 
 1903 659 2 2 
 1916 681 2 2 
 1915 694 4 2 
 1918 699 2 2 
 1910 716 5 7 
 1879 717 3 4 
 1878 722 2 1 
 1903 659 2 2 
 1916 681 2 2 
 1915 694 3 2 
 1918 699 2 2 
 1910 716 5 7 
 1879 717 3 4 
 1878 722 2 1 
 1913 725 3 3 
 1915 752 5 5 
 1916 755 2 1 
 625 1014 2 2 
 625 1014 2 3 
 651 62 6 4 
 624 1014 3 3 
 651 62 6 4 
 624 1014 3 3 
 651 62 6 4 
 34 491 2 2 
 624 1014 3 2 
 651 62 6 4 
 34 491 2 2 
 651 62 6 4 
 651 62 6 4 
 651 62 6 4 
 651 62 6 4 
 35 491 1 2 
 615 1014 2 3 
 614 1014 3 4 
 574 1011 1 2 
 621 1015 3 4 
 66 646 2 1 
 621 1015 3 4 
 5 556 1 2 
 90 964 5 3 
 1541 1023 2 2 
 71 733 2 1 
 1541 1022 3 3 
 82 624 1 2 
 1541 1022 3 3 
 84 621 1 2 
 1541 1022 3 3 
 84 621 1 2 
 1542 1022 2 3 
 59 586 2 2 
 1542 1022 2 3 
 59 586 2 2 
 1542 1022 2 3 
 59 586 2 2 
 85 959 3 4 
 659 71 2 3 
 58 584 3 3 
 85 986 2 1 
 659 71 2 3 
 73 991 2 2 
 659 71 2 3 
 73 991 2 2 
 47 601 2 2 
 659 71 2 3 
 73 991 2 2 
 39 396 1 2 
 659 71 2 3 
 85 986 2 1 
 54 411 1 2 
 659 71 2 3 
 85 986 2 1 
 54 411 1 2 
 659 71 2 3 
 61 285 2 2 
 659 71 2 3 
 61 285 2 2 
 45 378 2 1 
 45 378 2 1 
 97 968 3 1 
 45 378 2 1 
 45 378 2 1 
 57 381 2 2 
 653 74 2 2 
 653 74 2 2 
 653 74 2 2 
 653 74 2 2 
 53 584 1 2 
 653 74 2 2 
 60 587 2 2 
 653 74 2 2 
 28 469 1 2 
 78 696 1 2 
 653 74 2 2 
 52 453 2 1 
 86 728 2 2 
 653 74 2 2 
 28 469 1 2 
 77 696 1 2 
 56 470 2 2 
 86 728 2 2 
 40 398 2 2 
 68 604 2 2 
 40 398 2 2 
 76 743 1 2 
 43 223 1 2 
 77 749 1 2 
 4 440 2 2 
 58 230 1 2 
 4 440 2 2 
 86 728 2 2 
 68 196 2 2 
 40 398 2 3 
 67 196 3 2 
 40 398 2 3 
 67 196 3 2 
 35 734 2 1 
 66 196 4 2 
 35 734 2 1 
 66 196 5 3 
 35 734 2 1 
 69 196 2 3 
 35 734 2 1 
 53 196 3 2 
 84 730 2 3 
 22 419 2 1 
