 665 67 2 5 
 648 79 5 2 
 58 776 6 5 
 59 776 3 3 
 61 777 3 3 
 58 775 6 6 
 65 779 3 4 
 59 776 3 3 
 61 777 3 3 
 58 775 6 6 
 65 779 3 4 
 69 784 2 2 
 59 776 3 3 
 58 773 10 10 
 69 783 3 5 
 60 796 2 2 
 60 773 4 5 
 62 774 3 3 
 63 775 3 3 
 59 776 3 3 
 58 772 11 11 
 69 781 3 7 
 63 833 2 2 
 60 796 2 2 
 66 865 2 1 
 65 895 2 2 
 63 871 2 2 
 65 895 2 2 
 60 770 3 3 
 60 770 3 3 
 60 770 3 3 
 60 770 3 3 
 54 946 2 1 
 60 770 3 3 
 60 770 3 3 
 60 770 3 3 
 61 770 2 2 
 76 959 2 1 
 77 958 1 2 
 67 917 2 2 
 67 950 1 2 
 67 964 2 2 
 62 963 2 3 
 59 775 2 2 
 63 832 2 2 
 63 832 2 2 
 63 832 2 2 
 63 833 2 1 
 63 833 2 1 
 55 860 2 1 
 818 856 2 1 
 60 948 3 2 
 814 855 3 3 
 810 855 3 2 
 810 855 3 2 
 810 855 3 2 
 810 855 3 2 
 810 855 3 2 
 810 855 3 2 
 810 854 3 3 
 810 855 2 1 
 767 817 3 3 
 767 817 3 2 
 767 817 2 1 
 767 817 2 1 
 767 817 2 1 
 767 817 2 1 
 767 817 2 1 
 809 854 5 4 
 1765 841 5 4 
 810 856 3 2 
 810 856 3 2 
 810 856 3 2 
 810 856 3 2 
 810 856 3 2 
 810 855 3 3 
 97 968 2 2 
 666 63 3 2 
 666 63 3 2 
 666 63 2 2 
 666 63 2 2 
 666 63 2 2 
 666 63 2 2 
 666 63 2 2 
 666 63 2 2 
 448 1077 2 1 
 448 1077 2 1 
 1535 920 2 4 
 1532 870 2 3 
 1530 870 3 3 
 1535 925 2 2 
 1535 925 2 2 
 1535 925 2 2 
