 66 189 3 2 
 66 189 3 2 
 54 190 2 2 
 66 191 3 3 
 66 192 2 2 
 65 193 2 1 
 51 243 3 2 
 62 259 2 1 
 47 282 2 2 
 45 380 2 1 
 14 321 1 2 
 45 380 2 1 
 44 390 2 1 
 45 380 2 1 
 44 390 2 1 
 59 425 3 2 
 69 479 2 2 
 47 550 2 2 
 54 586 2 2 
 76 593 2 2 
 77 594 2 2 
 78 593 1 2 
 77 617 1 2 
 71 584 1 2 
 78 593 1 2 
 77 617 1 2 
 32 620 3 3 
 55 584 2 2 
 71 584 1 2 
 76 617 2 2 
 31 620 4 4 
 80 630 2 2 
 55 584 2 2 
 71 584 1 2 
 79 613 2 1 
 76 616 2 3 
 31 620 4 4 
 71 635 5 6 
 55 584 2 2 
 71 584 1 2 
 74 592 2 1 
 56 593 2 2 
 79 612 2 2 
 76 616 2 3 
 84 619 1 2 
 31 620 4 4 
 81 627 2 1 
 78 631 3 3 
 71 635 5 6 
 66 638 1 2 
 72 715 2 3 
 55 584 2 2 
 71 584 1 2 
 74 592 3 2 
 56 593 2 2 
 78 610 5 4 
 75 616 3 2 
 83 619 2 2 
 31 620 4 4 
 81 629 3 2 
 78 631 3 3 
 71 634 5 7 
 65 637 2 3 
 68 647 2 2 
 78 732 2 2 
 66 725 2 1 
 79 733 2 3 
 63 733 1 2 
 50 733 2 2 
 55 584 2 2 
 71 584 1 2 
 66 723 2 3 
 74 591 1 2 
 83 722 3 3 
 78 721 2 3 
 76 591 2 3 
 56 593 2 2 
 70 604 3 2 
 78 610 3 4 
 82 613 1 2 
 75 615 3 4 
 64 661 2 2 
 68 647 2 2 
 83 619 2 2 
 65 635 3 5 
 65 636 3 3 
 31 620 4 4 
 71 634 5 7 
 78 631 3 3 
 86 622 1 2 
 81 626 1 2 
 71 734 2 2 
 63 733 1 2 
 49 733 3 4 
 76 732 2 1 
 64 723 4 3 
 83 722 5 5 
 84 723 3 3 
 78 721 2 3 
 73 714 2 4 
 68 647 2 2 
 64 661 2 2 
 79 662 2 2 
 69 740 2 1 
 83 722 5 5 
 78 748 3 6 
 62 748 9 7 
 75 743 2 2 
 71 742 1 2 
 60 741 3 3 
 64 749 8 3 
 78 748 3 6 
 75 743 2 2 
 71 742 1 2 
 15 534 2 1 
 64 749 3 2 
 9 532 2 1 
 65 746 7 8 
 42 541 3 2 
 75 742 5 11 
 42 541 3 2 
 68 796 1 2 
 42 541 3 2 
 69 792 2 1 
 42 541 3 2 
 69 792 2 1 
 48 547 2 1 
 81 942 2 2 
 48 547 2 1 
 48 547 2 1 
 48 547 2 1 
 80 611 3 3 
 1646 964 3 2 
 80 611 3 3 
 80 611 3 3 
 72 636 2 2 
 80 612 1 2 
 34 507 3 1 
 63 816 2 2 
 660 71 3 2 
 63 816 2 2 
 34 507 3 1 
 660 71 3 2 
 63 816 2 2 
 34 507 3 1 
 660 71 3 2 
 63 816 2 2 
 34 507 3 1 
 666 71 2 2 
 63 816 2 2 
 34 507 3 1 
 666 71 2 2 
 56 408 2 2 
 85 721 2 2 
 666 71 2 2 
 34 507 3 1 
 85 721 1 2 
 666 71 2 2 
 80 660 3 4 
 666 71 2 2 
 80 660 3 4 
 59 780 2 1 
 82 655 4 3 
 82 655 4 3 
 82 655 4 3 
 82 655 4 3 
 66 670 2 3 
 66 670 2 3 
 75 687 2 1 
 75 686 2 2 
 84 721 3 4 
 84 721 2 3 
 63 723 2 2 
 63 723 2 2 
 63 723 2 2 
 63 723 2 2 
 63 723 2 2 
 49 733 2 2 
 653 74 2 4 
 49 733 2 2 
 653 74 2 4 
 64 805 4 3 
 653 74 2 4 
 84 722 1 2 
 653 74 2 4 
 83 655 2 2 
 653 74 2 4 
 63 824 1 2 
 653 74 2 4 
 25 498 1 3 
 65 803 3 4 
 653 74 2 4 
 84 722 2 3 
 653 74 2 4 
 84 722 2 3 
 84 722 2 3 
 84 722 2 3 
 84 722 2 3 
 84 723 2 2 
 1457 929 3 3 
 657 61 4 3 
 657 61 4 3 
 62 883 2 1 
 657 61 4 3 
 62 883 2 1 
 657 61 4 3 
 62 883 2 1 
 657 61 4 3 
 62 883 2 1 
 657 61 4 3 
 315 920 4 4 
 657 61 4 3 
 260 916 4 5 
 657 61 4 3 
 62 883 2 1 
