 798 897 8 6 
 769 1004 2 5 
 801 898 3 3 
 801 899 3 2 
 777 918 3 5 
 802 899 2 2 
 802 899 2 2 
 776 907 2 1 
 802 899 2 2 
 775 910 3 2 
 772 914 3 3 
 770 913 5 15 
 802 899 2 2 
 772 909 6 7 
 771 917 1 3 
 772 905 6 10 
 770 917 2 2 
 776 917 3 2 
 775 920 2 2 
 767 922 9 6 
 779 922 2 2 
 775 905 3 3 
 769 909 9 6 
 768 916 2 2 
 775 917 2 2 
 770 925 6 4 
 776 920 2 1 
 764 924 2 3 
 773 921 2 2 
 770 926 8 4 
 775 905 3 3 
 780 923 1 2 
 776 910 2 2 
 769 913 2 2 
 776 917 2 2 
 763 921 3 6 
 775 906 1 2 
 770 927 7 4 
 769 912 2 3 
 782 913 2 3 
 776 922 3 2 
 763 915 7 11 
 778 930 5 4 
 771 929 6 3 
 780 938 2 1 
 777 931 3 3 
 780 938 2 1 
 766 905 7 9 
 768 906 3 4 
 779 905 2 2 
 779 905 3 2 
 779 905 3 2 
 779 905 2 2 
 1138 513 2 1 
 779 905 3 4 
 779 905 3 3 
 779 905 1 2 
 777 906 1 2 
 777 906 1 2 
 776 1011 4 2 
 772 908 2 1 
 772 908 2 1 
 771 908 3 2 
 771 908 3 2 
 771 908 3 2 
 771 908 3 2 
 772 910 2 2 
 776 923 1 2 
 773 921 1 2 
 810 939 2 4 
 810 939 3 3 
 811 939 2 3 
 771 920 3 4 
 777 904 2 1 
 777 904 2 1 
 772 914 3 3 
 801 899 2 1 
 801 899 2 1 
 825 991 5 10 
 808 939 3 4 
 808 939 3 4 
 808 939 2 4 
 825 992 5 9 
 825 997 4 4 
 766 912 3 3 
 768 907 3 3 
 768 908 2 2 
 787 945 3 3 
 770 1012 2 2 
 770 1011 3 1 
 771 1009 2 3 
 769 1009 4 3 
 771 1010 2 2 
 774 912 1 2 
 774 911 1 3 
 769 1008 3 4 
 802 909 2 2 
 802 908 2 3 
 800 908 3 4 
 798 909 4 5 
 799 909 3 5 
 799 910 3 4 
 796 914 3 3 
 796 914 3 3 
 796 906 8 9 
 796 906 8 9 
 796 907 8 8 
 796 910 4 7 
 800 908 2 2 
 799 911 2 2 
 773 915 3 3 
 771 916 3 5 
 767 917 2 2 
 801 899 2 1 
 801 899 2 1 
 801 899 2 1 
 768 911 2 3 
 768 911 2 3 
 768 908 1 2 
 768 908 1 2 
 768 908 1 2 
 765 921 1 3 
 773 921 1 2 
