 1537 0 10 8 
 1529 32 12 17 
 1520 66 13 18 
 1512 103 14 16 
 1508 139 10 14 
 1508 178 6 7 
 1504 214 13 19 
 1506 252 11 17 
 1509 286 12 14 
 1510 316 15 16 
 1514 350 10 13 
 1512 379 12 16 
 1509 411 13 14 
 1508 441 14 15 
 1508 475 13 15 
 1506 505 13 17 
 1504 540 14 18 
 1503 576 13 14 
 1502 611 14 19 
 1504 648 12 18 
 1513 720 14 19 
 1520 755 14 15 
 1531 789 14 18 
 1544 823 13 15 
 1554 853 13 17 
 1562 887 14 18 
 1569 922 12 17 
 1574 957 15 17 
 1583 989 14 16 
 1593 1022 13 14 
 581 1022 7 3 
 581 1022 7 3 
 581 1022 7 3 
 581 1023 7 2 
 581 1023 7 2 
 581 1023 7 2 
 581 1023 7 2 
 581 1023 7 2 
