 1525 868 2 1 
 1525 871 2 2 
 1561 879 5 4 
 1561 886 2 2 
 1542 899 1 2 
 1462 915 2 5 
 1532 918 2 1 
 1532 920 2 2 
 1489 943 3 3 
 1488 940 8 7 
 1489 963 5 6 
 1524 842 3 3 
 1533 863 1 2 
 1524 869 3 3 
 1524 868 4 6 
 1560 879 6 3 
 1561 886 2 2 
 1463 915 1 2 
 1531 917 3 3 
 1461 918 3 2 
 1489 943 3 3 
 1488 940 7 7 
 1489 963 4 6 
 1499 964 2 2 
 1535 964 5 5 
 1522 842 4 5 
 1533 863 1 2 
 1523 868 4 6 
 1459 917 3 2 
 1531 917 2 3 
 1460 919 3 3 
 1487 940 7 8 
 1518 967 3 5 
 1475 967 8 8 
 1488 964 4 5 
 1521 842 5 5 
 1522 868 5 7 
 1459 916 3 6 
 1445 938 4 4 
 1474 968 8 7 
 1487 943 3 3 
 1485 941 7 7 
 1489 965 3 3 
 1521 841 4 6 
 1522 868 5 7 
 1474 968 8 7 
 1474 969 3 3 
 1535 965 3 4 
 1498 965 2 2 
 1489 965 3 3 
 1459 918 3 3 
 1459 916 3 6 
 1445 938 4 4 
 1459 938 2 2 
 1487 943 3 3 
 1485 941 8 7 
 1521 841 4 6 
 1519 855 2 3 
 1522 868 5 7 
 1512 978 3 3 
 1474 969 8 6 
 1474 969 3 3 
 1534 967 3 2 
 1498 965 2 2 
 1489 965 3 3 
 1459 918 3 3 
 1459 916 3 6 
 1531 917 2 1 
 1445 938 3 4 
 1459 938 2 2 
 1442 948 2 2 
 1487 943 3 3 
 1485 941 8 7 
 1521 841 4 6 
 1519 855 2 3 
 1486 979 2 1 
 1512 978 3 3 
 1523 868 4 6 
 1474 969 8 6 
 1474 969 3 3 
 1534 967 2 2 
 1498 965 2 2 
 1489 965 3 3 
 1459 918 3 3 
 1458 916 4 6 
 1516 925 2 2 
 1442 948 2 2 
 1485 941 8 10 
 1487 943 3 3 
 1510 929 3 3 
 1459 938 2 2 
 1445 938 3 4 
 1521 841 5 6 
 1499 988 4 4 
 1512 978 3 3 
 1519 855 2 3 
 1553 867 1 2 
 1523 868 4 5 
 1475 971 6 4 
 1534 967 2 2 
 1457 916 5 9 
 1489 965 3 3 
 1510 929 3 2 
 1442 948 2 2 
 1492 943 1 2 
 1485 942 6 9 
 1487 943 4 3 
 1496 941 1 2 
 1445 938 3 4 
 1459 938 2 2 
 1488 997 2 3 
 1500 989 3 5 
 1487 979 1 2 
 1512 978 3 3 
 1522 842 4 5 
 1475 972 5 3 
 1519 855 2 3 
 1534 967 2 2 
 1553 867 1 2 
 1523 868 4 5 
 1457 921 3 3 
 1485 943 6 8 
 1491 942 2 3 
 1496 941 1 2 
 1459 938 2 2 
 1445 938 3 4 
 1511 929 2 2 
 1457 916 5 9 
 1522 843 3 3 
 1522 842 4 5 
 1519 856 2 2 
 1488 998 2 2 
 1524 870 3 3 
 1523 868 4 5 
 1500 990 3 4 
 1523 873 1 2 
 1512 978 3 3 
 1457 921 3 3 
 1475 972 5 3 
 1457 916 5 9 
 1498 965 1 2 
 1485 949 2 2 
 1511 929 2 2 
 1485 943 8 5 
 1496 941 1 2 
 1459 938 2 2 
 1445 938 3 4 
 1487 1001 2 3 
 1488 998 4 2 
 1500 990 3 4 
 1522 869 4 2 
 1459 918 3 3 
 1475 972 5 3 
 1457 917 5 8 
 1511 929 2 2 
 1445 938 3 4 
 1485 949 2 2 
 1485 943 8 5 
 1488 943 3 3 
 1459 938 3 3 
 1486 1013 2 1 
 1487 1001 2 2 
 1488 998 4 2 
 1500 991 3 3 
 1475 972 2 2 
 1445 938 3 4 
 1460 939 2 2 
 1490 943 3 1 
 1485 949 2 2 
 1485 945 3 3 
 1490 1037 1 2 
 1479 1068 2 1 
 1453 1038 3 3 
 1479 1068 2 1 
 1918 583 2 1 
 637 1004 3 3 
 656 63 3 1 
 1918 583 2 1 
 656 63 3 1 
 1915 596 2 2 
 656 63 3 1 
 1915 596 2 2 
 656 63 3 1 
 1914 629 6 3 
 656 63 3 1 
 1916 629 2 1 
 656 63 3 1 
 1897 628 2 1 
 656 63 3 1 
 1472 865 3 4 
 656 63 3 1 
 1473 866 2 3 
 1464 917 1 2 
 1464 917 1 2 
 1524 871 2 1 
 1503 903 2 3 
 607 982 8 5 
 604 1051 5 3 
 609 1036 4 4 
 1470 869 2 2 
 557 1063 3 4 
 606 1050 3 3 
 555 1063 5 4 
 573 1054 3 3 
 555 1063 4 3 
 555 1065 4 2 
 1459 916 3 3 
 1459 916 3 3 
 1500 845 3 3 
 1500 846 3 3 
 1464 917 1 2 
 648 961 2 2 
 630 957 2 3 
 666 64 2 1 
 614 983 3 3 
 666 64 2 1 
 629 955 2 2 
 666 64 2 1 
 75 610 1 3 
 1488 969 3 3 
 666 64 2 1 
 75 610 1 3 
 628 953 2 1 
 666 64 2 1 
 68 639 1 2 
 610 977 8 10 
 666 64 2 1 
 79 730 2 2 
 614 982 4 5 
 666 64 2 1 
 79 730 2 2 
 614 983 4 4 
 666 64 2 1 
 79 730 2 2 
 614 983 4 4 
 701 1011 2 3 
 79 730 2 2 
 79 730 2 2 
 651 961 1 2 
 1488 969 2 3 
 87 977 7 7 
 651 963 3 2 
 35 772 1 2 
 87 977 7 8 
 650 963 4 2 
 650 963 2 2 
 431 1068 2 2 
 1482 972 2 1 
 1643 821 1 3 
 1633 817 1 2 
 1631 816 3 3 
 1629 816 5 3 
 75 608 2 4 
 1629 817 3 3 
 74 608 3 4 
 1472 988 2 2 
 74 608 3 2 
 1502 994 2 1 
 74 608 3 2 
 1631 816 2 3 
 73 609 3 1 
 1642 820 3 4 
 1625 840 2 3 
