 996 1013 1 2 
 974 1021 3 3 
 974 1021 4 5 
 974 1022 3 4 
 981 1023 1 2 
 1025 1026 3 2 
 1036 1061 2 1 
 1022 1031 3 3 
 1021 1030 3 3 
 1021 1030 4 4 
 1025 1033 2 1 
 1012 1037 2 4 
 1021 1030 3 3 
 1021 1030 4 4 
 1012 1037 2 4 
 1003 1040 3 2 
 1022 1030 3 3 
 1012 1037 2 4 
 1003 1040 3 2 
 1025 1049 2 3 
 969 1025 2 1 
 1022 1030 3 5 
 1025 1033 2 1 
 1012 1037 2 4 
 1003 1040 3 4 
 1025 1050 2 2 
 969 1025 2 1 
 1008 1030 2 1 
 1020 1030 5 5 
 1025 1033 2 1 
 1012 1036 2 5 
 972 1037 3 3 
 1003 1040 3 4 
 1024 1049 3 4 
 1033 1056 2 2 
 1008 1030 2 1 
 1022 1031 3 3 
 1020 1030 7 5 
 1012 1036 2 8 
 1003 1039 3 3 
 1003 1039 3 5 
 1024 1049 3 4 
 1033 1056 2 2 
 1033 1059 4 4 
 1035 1066 2 1 
 1042 1078 2 2 
 1052 1077 2 3 
 1041 1075 2 3 
 1050 1071 4 4 
 1053 1077 2 3 
 1036 1077 4 3 
 1041 1075 2 2 
 1035 1075 3 1 
 1053 1077 2 3 
 1036 1077 4 3 
 524 34 4 2 
 798 1071 4 5 
 524 34 4 2 
 799 1074 2 2 
 524 34 4 2 
 819 1074 2 2 
 524 34 4 2 
 819 1074 2 2 
 524 34 4 2 
 797 1076 2 4 
 524 34 4 2 
 797 1076 2 4 
 1409 207 3 4 
 972 1030 1 2 
 1386 287 3 3 
 1007 1030 2 1 
 872 1023 1 2 
 890 1013 3 3 
 890 1013 2 2 
 890 1013 2 2 
 814 1075 6 5 
 890 1013 2 2 
 890 1012 3 3 
 890 1012 3 3 
 890 1012 3 3 
 890 1012 3 3 
 890 1012 3 3 
 844 1014 4 4 
 1005 1020 5 6 
 1005 1020 4 6 
