 867 1010 2 2 
 866 1011 2 5 
 865 1011 4 5 
 886 1016 2 3 
 864 1010 4 5 
 885 1017 2 3 
 864 1010 4 5 
 871 1016 2 1 
 882 1016 4 6 
 903 1019 3 5 
 863 1010 5 5 
 881 1020 3 3 
 881 1016 3 7 
 901 1019 3 7 
 863 1010 5 5 
 881 1016 2 3 
 901 1020 3 3 
 899 1018 5 7 
 867 1034 2 2 
 880 1020 3 3 
 863 1010 5 4 
 880 1018 2 2 
 880 1021 2 2 
 884 1038 4 6 
 899 1021 4 4 
 867 1034 2 2 
 863 1010 5 5 
 879 1019 2 1 
 847 1047 4 5 
 878 1021 3 3 
 884 1038 4 6 
 868 1035 3 2 
 899 1021 2 2 
 876 1066 2 3 
 839 1073 1 2 
 880 1016 2 1 
 868 1034 2 3 
 846 1047 1 2 
 881 1007 2 1 
 881 1007 2 1 
 881 1007 2 1 
 881 1007 2 1 
 883 1017 3 4 
 868 1011 2 2 
 884 1006 2 1 
 872 1010 2 2 
 884 1006 2 3 
 884 1005 2 2 
 884 1005 2 4 
 884 1005 2 4 
 884 1005 2 4 
 884 1005 2 2 
 913 1018 4 5 
 886 1005 3 4 
 886 1005 3 4 
 887 1005 3 2 
 887 1005 3 2 
 861 1072 2 3 
 880 1010 2 4 
 883 1017 4 2 
 824 1073 3 4 
 911 1019 3 3 
 872 1009 2 3 
 870 1009 3 5 
 867 1011 2 2 
 888 1019 2 2 
 889 1019 1 2 
 903 1021 2 2 
 522 36 2 1 
 902 1017 2 3 
 522 36 2 1 
 844 1057 2 1 
 522 36 2 1 
 844 1057 2 1 
 522 36 2 1 
 844 1057 2 1 
 522 36 2 1 
 844 1057 2 1 
 522 36 2 1 
 1100 1071 2 1 
 522 36 2 1 
 720 1070 2 3 
 534 41 1 2 
 720 1070 2 3 
 1063 1075 2 2 
 876 1005 3 3 
 876 1004 4 4 
 878 1005 1 2 
 863 1009 4 4 
 1022 1045 2 2 
 867 1011 2 2 
 908 1019 1 2 
 909 1021 4 4 
 1082 1077 3 3 
 1082 1077 3 3 
 865 1012 4 4 
 864 1014 4 3 
 864 1012 3 1 
 1083 1069 3 4 
 1084 1069 1 3 
 1084 1069 1 3 
 1084 1069 2 5 
 1084 1069 2 5 
 887 1005 3 3 
 1094 1077 5 3 
 887 1004 4 4 
 889 1005 3 2 
 890 1006 3 3 
 889 1004 5 5 
 889 1004 5 5 
 889 1004 5 5 
 889 1004 5 5 
 912 1013 4 6 
 911 1016 5 3 
 911 1013 2 2 
