 886 1017 6 5 
 853 1018 1 2 
 888 1018 4 4 
 889 1020 2 2 
 902 1030 3 3 
 903 1030 2 3 
 947 1034 2 1 
 854 1018 2 2 
 836 1019 7 6 
 889 1020 3 2 
 947 1034 2 1 
 970 1034 2 1 
 944 1035 2 1 
 854 1018 2 2 
 838 1021 3 3 
 837 1020 5 5 
 889 1020 3 2 
 878 1026 2 2 
 972 1032 3 2 
 970 1034 2 1 
 986 1036 2 2 
 1010 1036 2 1 
 854 1018 2 2 
 877 1026 5 2 
 902 1030 3 3 
 906 1030 1 2 
 971 1032 4 2 
 970 1034 2 1 
 1020 1046 5 6 
 901 1030 4 3 
 970 1032 5 2 
 1006 1032 2 2 
 947 1034 2 2 
 970 1034 2 1 
 1018 1041 3 2 
 993 1042 2 1 
 1021 1048 4 3 
 1022 1052 3 1 
 1006 1031 2 3 
 970 1032 5 2 
 947 1034 2 2 
 970 1034 2 1 
 993 1040 2 3 
 1018 1041 3 2 
 1021 1048 3 3 
 1016 1058 6 5 
 1006 1030 3 5 
 970 1031 5 3 
 970 1034 2 1 
 1018 1039 3 4 
 993 1040 2 3 
 1021 1047 3 4 
 1085 1060 6 10 
 1023 1059 2 2 
 1016 1058 6 5 
 970 1030 5 5 
 1006 1030 3 5 
 982 1036 3 2 
 993 1040 2 2 
 1038 1064 7 6 
 1018 1041 3 2 
 1085 1060 6 7 
 1021 1047 3 4 
 1016 1058 6 5 
 1006 1030 2 4 
 993 1039 3 3 
 1018 1041 3 2 
 1021 1047 3 4 
 1016 1058 6 5 
 1038 1064 7 7 
 1042 1066 3 3 
 1108 1059 2 2 
 1085 1061 6 7 
 1108 1059 2 2 
 1088 1063 3 3 
 1038 1064 6 5 
 1087 1069 2 1 
 1108 1059 2 2 
 1088 1064 2 4 
 1071 1071 3 2 
 1091 1071 4 3 
 1116 1072 2 1 
 1151 1076 7 4 
 1073 1075 2 1 
 1156 1077 2 3 
 1151 1077 2 1 
 756 1076 5 4 
 691 1076 2 2 
 1156 1078 2 2 
 832 1019 6 4 
 107 463 2 1 
 785 1076 3 3 
 789 1077 4 3 
 107 462 2 2 
 107 461 2 3 
 835 1020 3 3 
 107 461 2 3 
 835 1020 2 1 
 107 461 2 3 
 838 1021 2 1 
 107 461 2 3 
 838 1021 2 1 
 107 461 2 3 
 1001 1028 2 2 
 107 461 2 3 
 1000 1023 2 3 
 789 1076 4 4 
 107 461 2 3 
 107 461 2 2 
 993 1018 8 13 
 89 465 4 3 
 993 1019 5 12 
 994 1019 2 1 
 332 18 2 2 
 993 1019 2 1 
 332 18 2 2 
 881 1011 4 6 
 332 18 2 2 
 880 1013 3 3 
 843 1012 3 3 
 877 1012 6 4 
 89 465 2 3 
 881 1015 2 1 
 994 1019 2 2 
 827 1021 2 3 
 993 1025 2 1 
 524 34 2 1 
 945 1019 3 3 
 524 34 2 1 
 783 1075 3 1 
 827 1014 5 4 
 865 1013 7 6 
 865 1013 7 6 
 833 1012 5 4 
 832 1010 3 3 
 832 1010 3 3 
 833 1009 3 3 
 834 1007 10 7 
 838 1007 3 3 
 841 1010 5 3 
 878 1014 3 3 
 878 1015 5 4 
 516 34 1 2 
 711 1072 1 2 
 516 34 1 2 
 1022 1072 4 3 
 696 1076 2 1 
 516 34 1 2 
 714 1077 3 3 
 516 34 1 2 
 516 34 1 2 
 840 1007 10 7 
 516 34 1 2 
 844 1011 3 3 
 516 34 1 2 
 837 1004 12 10 
 516 34 1 2 
 843 1012 3 3 
 1028 1065 2 1 
 835 1004 12 12 
 835 1003 11 13 
 834 1003 12 13 
