 1118 1051 3 2 
 1064 1061 2 3 
 1067 1061 2 2 
 1117 1061 2 2 
 1089 1052 2 1 
 1089 1052 2 1 
 1121 1053 1 3 
 1121 1053 1 3 
 1129 1054 3 3 
 1128 1053 4 5 
 1127 1053 5 6 
 1121 1054 1 2 
 1118 1055 2 4 
 1127 1053 6 6 
 1118 1055 3 7 
 1073 1059 5 9 
 1127 1053 7 7 
 1118 1055 3 9 
 1083 1057 2 3 
 1073 1058 7 11 
 1065 1064 1 2 
 1129 1053 7 9 
 1083 1057 2 3 
 1120 1057 3 7 
 1073 1058 8 11 
 1065 1064 3 3 
 1105 1064 1 2 
 1060 1066 2 5 
 1083 1057 2 3 
 1072 1058 9 11 
 1060 1067 3 3 
 1060 1065 3 6 
 1066 1065 2 2 
 1084 1070 2 2 
 1070 1065 1 2 
 1090 1065 2 2 
 1131 1054 6 7 
 1074 1059 6 10 
 1105 1064 1 2 
 1045 1071 3 4 
 1040 1074 1 2 
 1045 1072 3 3 
 1136 1059 2 1 
 1136 1059 2 1 
 1111 1061 2 1 
 1077 1062 4 6 
 1133 1056 5 5 
 1078 1065 2 3 
 1131 1055 6 6 
 1131 1055 6 6 
 1130 1054 6 7 
 1129 1054 7 9 
 1129 1054 7 9 
 1128 1053 6 8 
 1129 1054 4 4 
 1128 1054 5 5 
 1129 1054 4 5 
 1129 1054 4 5 
 1129 1053 4 6 
 1131 1053 2 2 
 522 35 3 3 
 1076 1059 2 2 
 522 35 3 3 
 1117 1058 3 4 
 579 625 1 2 
 522 35 3 3 
 1117 1055 2 2 
 579 625 1 2 
 522 35 3 3 
 1118 1058 1 2 
 579 625 1 2 
 523 35 2 3 
 1075 1061 2 2 
 579 625 1 2 
 523 35 2 3 
 1075 1059 4 5 
 579 625 1 2 
 523 35 2 3 
 1120 1056 2 4 
 579 625 1 2 
 523 35 2 3 
 1076 1060 4 6 
 577 629 2 3 
 1065 1065 2 1 
 577 628 2 4 
 577 628 2 4 
 1076 1061 4 4 
 1132 1056 5 5 
 1133 1057 4 4 
 1134 1058 3 3 
 994 1020 2 2 
 994 1018 2 4 
 993 1020 3 4 
 1034 1065 5 2 
 1079 1065 2 3 
 1079 1065 4 4 
 1081 1069 3 3 
 1079 1071 3 3 
 1079 1071 2 3 
 1079 1072 1 2 
 535 35 2 1 
 535 35 2 1 
 1133 1067 1 2 
 535 35 2 1 
 535 35 2 1 
 1043 1066 1 2 
 535 35 2 1 
 535 35 2 1 
 535 35 2 1 
 535 35 2 1 
 1146 1076 1 2 
 1079 1065 2 2 
 1078 1061 2 3 
 1077 1061 4 5 
 1076 1060 4 7 
 1076 1060 4 8 
 1076 1061 3 4 
 1076 1061 3 4 
 1076 1061 2 4 
 1076 1061 2 4 
 1076 1061 4 7 
 1077 1061 3 4 
 997 1020 3 2 
 997 1020 2 2 
 997 1020 3 2 
 997 1020 3 1 
