 55 190 2 2 
 35 263 2 2 
 55 190 2 2 
 35 263 2 2 
 58 286 1 2 
 66 234 2 3 
 35 263 2 2 
 44 266 2 3 
 58 286 1 2 
 62 286 1 2 
 50 299 2 2 
 21 301 2 2 
 59 211 2 2 
 61 218 3 2 
 66 234 2 3 
 35 263 2 2 
 43 266 3 5 
 50 299 2 2 
 21 301 2 2 
 27 383 2 2 
 71 411 4 5 
 53 209 2 2 
 59 211 3 4 
 61 218 3 2 
 66 234 2 3 
 35 263 2 2 
 42 266 4 5 
 57 267 2 2 
 54 274 2 3 
 60 280 2 3 
 62 287 4 3 
 50 299 2 2 
 21 301 2 2 
 27 383 2 2 
 71 411 4 5 
 56 412 1 2 
 73 417 3 4 
 52 209 3 2 
 59 211 2 3 
 61 218 3 2 
 66 234 2 1 
 53 245 2 3 
 50 263 1 2 
 30 264 2 3 
 42 266 4 5 
 53 273 3 4 
 60 280 2 3 
 64 282 2 2 
 62 287 4 3 
 50 299 2 2 
 21 301 2 2 
 27 383 2 2 
 48 403 1 2 
 56 405 1 2 
 73 411 2 3 
 56 412 1 2 
 68 422 2 2 
 53 209 2 2 
 61 218 3 2 
 66 234 2 1 
 53 245 2 3 
 50 263 1 2 
 30 264 2 3 
 42 266 4 4 
 53 273 3 4 
 60 280 2 3 
 64 282 2 2 
 62 287 4 4 
 59 289 3 1 
 50 299 4 5 
 21 301 2 2 
 16 307 2 3 
 30 313 2 1 
 22 316 2 1 
 27 383 2 2 
 34 393 1 2 
 32 397 3 2 
 48 403 1 2 
 56 405 1 2 
 73 411 2 3 
 56 412 1 2 
 74 419 1 2 
 71 420 2 2 
 65 442 2 1 
 74 441 4 6 
 68 422 2 2 
 63 223 1 2 
 53 244 2 4 
 51 249 1 2 
 50 262 1 3 
 30 263 3 4 
 43 267 3 3 
 57 267 2 2 
 53 273 2 3 
 60 279 2 4 
 51 282 1 2 
 64 282 2 2 
 62 287 4 4 
 59 289 3 1 
 55 295 3 2 
 51 301 3 3 
 51 303 3 3 
 50 298 5 9 
 21 301 2 2 
 16 307 2 4 
 20 313 2 2 
 30 313 2 1 
 22 316 2 1 
 21 325 1 3 
 27 383 2 2 
 48 403 1 2 
 73 411 2 3 
 56 412 1 2 
 74 417 3 4 
 71 420 2 2 
 68 422 2 2 
 62 427 3 3 
 65 442 2 1 
 74 443 3 4 
 53 244 2 4 
 51 249 1 2 
 30 264 2 3 
 43 267 3 3 
 57 267 2 2 
 53 273 2 3 
 60 279 2 4 
 51 282 1 2 
 64 282 2 2 
 50 287 1 2 
 62 287 4 4 
 59 289 3 1 
 55 294 3 3 
 51 301 3 3 
 51 303 3 3 
 49 298 6 11 
 20 313 2 2 
 21 325 1 3 
 64 391 1 2 
 48 403 1 2 
 56 412 1 2 
 74 417 3 4 
 71 420 2 2 
 68 422 2 2 
 62 427 3 3 
 65 442 2 1 
 74 443 3 4 
 58 445 3 3 
 55 294 3 3 
 50 298 2 2 
 51 303 3 3 
 50 301 5 8 
 20 313 2 2 
 21 325 1 3 
 64 391 1 2 
 48 403 1 2 
 55 405 2 2 
 56 412 1 2 
 74 417 3 4 
 71 420 2 2 
 68 422 2 2 
 61 439 2 2 
 65 442 2 1 
 74 444 2 3 
 54 454 1 2 
 59 445 2 3 
 64 391 1 2 
 34 393 1 2 
 32 397 2 2 
 48 403 1 2 
 55 405 2 2 
 56 412 1 2 
 74 417 3 4 
 71 420 2 2 
 61 438 2 3 
 65 442 2 1 
 64 456 2 3 
 74 444 3 3 
 58 445 3 3 
 53 452 2 4 
 73 485 1 2 
 49 583 3 4 
 67 625 1 2 
 656 81 2 5 
 76 697 1 2 
 85 702 2 1 
 75 732 4 3 
 82 671 2 1 
 84 702 2 1 
 75 732 4 3 
 76 749 2 3 
 84 702 2 1 
 75 732 4 3 
 77 750 1 2 
 84 702 2 1 
 75 732 3 3 
 77 750 1 2 
 72 754 1 2 
 84 702 2 1 
 75 732 3 3 
 80 735 1 2 
 77 750 1 2 
 72 754 1 2 
 53 784 2 2 
 57 801 4 3 
 84 702 2 1 
 75 732 3 3 
 80 735 1 2 
 77 750 1 2 
 66 802 3 3 
 58 801 3 3 
 72 754 1 2 
 53 784 2 2 
 63 788 4 3 
 80 735 1 2 
 70 752 2 1 
 72 754 1 2 
 70 804 1 2 
 66 802 3 3 
 58 801 3 3 
 53 784 2 2 
 56 799 2 2 
 60 786 3 2 
 63 787 4 4 
 63 809 2 2 
 58 882 3 3 
 71 810 3 2 
 58 882 3 3 
 65 811 1 2 
 58 882 3 3 
 53 196 2 2 
 83 725 2 2 
 649 80 4 3 
 71 810 3 2 
 649 80 4 3 
 71 810 3 2 
 649 80 4 3 
 63 490 1 2 
 649 80 4 3 
 63 490 1 2 
 649 80 4 3 
 63 490 1 2 
 649 80 4 3 
 63 490 1 2 
 1099 1035 2 1 
 1097 1041 2 2 
 1093 1044 2 1 
 1093 1044 2 1 
 1093 1044 2 1 
 1093 1044 2 1 
 1095 1052 2 2 
 1098 1048 1 2 
 1098 1048 1 2 
 1098 1048 1 2 
 1084 1058 1 2 
 1084 1058 1 2 
 1084 1058 1 2 
 72 614 2 1 
 72 614 2 1 
 72 614 2 1 
 72 614 2 1 
 71 634 2 2 
 71 638 1 2 
 70 639 2 3 
 69 639 3 3 
 69 640 2 2 
 656 62 4 2 
 69 640 2 2 
 656 63 4 1 
 1235 849 4 7 
 69 640 2 2 
 656 63 4 1 
 1235 850 4 4 
 69 640 2 2 
 656 63 4 1 
 69 640 2 2 
 656 63 4 1 
 60 684 1 2 
 656 63 4 1 
 63 696 2 1 
 656 63 4 1 
 62 695 4 4 
 656 63 4 1 
 40 705 3 5 
 62 695 4 5 
 57 585 4 5 
 56 585 5 5 
 55 586 6 4 
 56 587 5 3 
 51 587 2 2 
 35 480 2 1 
 78 735 3 2 
 56 587 8 4 
 56 588 8 3 
 56 588 4 2 
 56 587 5 3 
 36 480 3 5 
 64 755 3 1 
 78 612 2 1 
 74 698 4 4 
 74 698 4 4 
 74 698 5 4 
