 491 33 7 14 
 511 33 2 3 
 523 34 2 2 
 523 34 2 2 
 524 38 2 2 
 523 34 2 2 
 524 38 2 2 
 522 40 3 3 
 535 43 1 2 
 535 43 1 2 
 519 52 1 3 
 526 34 2 2 
 519 37 4 3 
 524 39 2 3 
 522 43 2 2 
 533 43 2 1 
 516 44 2 2 
 530 50 1 3 
 527 54 2 2 
 533 55 1 2 
 530 56 2 1 
 583 0 41 47 
 526 34 2 2 
 519 37 4 3 
 524 39 2 3 
 522 43 2 2 
 533 43 2 1 
 516 44 2 2 
 530 50 1 3 
 527 54 2 2 
 533 55 1 2 
 530 56 2 1 
 527 57 2 1 
 526 34 2 2 
 519 37 4 3 
 524 39 2 3 
 522 43 2 2 
 533 43 2 1 
 552 43 34 41 
 516 44 2 2 
 530 50 1 3 
 527 54 2 2 
 533 55 1 2 
 530 56 2 1 
 527 57 2 1 
 521 61 3 3 
 519 37 4 3 
 524 39 2 3 
 522 43 2 2 
 533 43 2 1 
 516 44 2 2 
 530 50 1 3 
 527 54 2 2 
 533 55 1 2 
 530 56 2 1 
 527 57 2 1 
 521 61 3 3 
 521 80 36 36 
 491 111 36 33 
 457 139 39 33 
 411 190 13 8 
 364 196 46 23 
 316 216 51 21 
 266 235 48 21 
 240 255 24 13 
 222 270 15 10 
 216 281 4 3 
 203 284 10 10 
 200 292 2 2 
 188 295 13 12 
 186 304 3 3 
 167 304 24 28 
 156 327 15 28 
 154 351 8 21 
 155 368 9 17 
 158 379 15 11 
 165 380 13 10 
 170 382 11 11 
 171 387 10 16 
 169 397 9 16 
 167 407 9 17 
 165 416 9 15 
 167 422 10 15 
 171 428 13 15 
 178 435 15 15 
 187 442 13 17 
 193 451 9 24 
 184 487 12 31 
 182 539 11 32 
 203 592 21 23 
 234 634 15 24 
 244 652 10 26 
 247 671 9 28 
 248 693 11 27 
 874 1011 5 9 
 252 714 11 21 
 874 1011 5 9 
 524 46 2 2 
 771 1076 2 2 
 524 46 2 2 
 812 1077 2 1 
 524 46 2 1 
 810 1078 2 2 
 524 46 2 1 
 810 1078 3 2 
 524 46 2 1 
 810 1078 3 2 
 524 46 2 1 
 769 1077 4 3 
 532 49 2 2 
 769 1077 4 3 
 532 49 2 2 
 769 1077 4 3 
 769 1077 4 3 
