 189 425 2 3 
 191 453 3 5 
 192 464 3 4 
 193 472 4 7 
 197 494 1 2 
 200 520 3 2 
 202 530 2 3 
 204 550 4 4 
 206 560 2 4 
 211 594 3 3 
 211 596 3 3 
 211 593 3 6 
 212 604 3 3 
 212 604 4 4 
 222 658 2 4 
 225 676 3 7 
 229 695 5 13 
 536 34 2 2 
 236 719 2 4 
 536 34 2 2 
 240 734 5 11 
 536 34 2 2 
 245 749 5 11 
 536 34 2 2 
 250 765 2 2 
 536 34 2 2 
 256 783 7 11 
 536 34 2 2 
 261 796 7 11 
 1037 1067 3 3 
 536 34 2 2 
 266 811 6 9 
 1037 1067 3 3 
 536 34 2 2 
 1035 1067 8 5 
 272 824 2 3 
 278 841 7 10 
 284 853 7 11 
 290 865 8 13 
 295 877 10 14 
 304 893 7 10 
 1552 683 5 12 
 309 904 8 11 
 1552 683 4 13 
 315 915 7 11 
 321 926 2 3 
 327 941 6 11 
 331 954 5 11 
 336 969 4 10 
 339 981 6 13 
 342 994 6 13 
 345 1009 5 11 
 347 1020 5 14 
 349 1033 6 15 
 1023 1050 1 2 
 1023 1050 1 2 
 991 1018 2 2 
 534 36 2 1 
 531 48 3 2 
 531 48 3 2 
 532 48 2 2 
 532 48 2 2 
 532 48 2 2 
 532 48 2 2 
 532 48 2 2 
