 59 581 2 2 
 50 581 2 1 
 59 581 2 2 
 50 611 2 2 
 50 581 2 2 
 59 581 2 1 
 49 611 2 2 
 72 618 2 3 
 50 581 2 3 
 49 611 2 2 
 72 619 2 2 
 50 581 2 3 
 46 584 1 2 
 49 611 2 2 
 63 639 4 5 
 50 581 2 3 
 46 584 1 2 
 63 640 4 4 
 50 581 2 3 
 59 582 2 1 
 46 584 1 2 
 63 640 3 4 
 53 674 3 2 
 63 640 3 4 
 81 691 2 1 
 74 715 1 2 
 41 741 2 2 
 79 719 2 2 
 75 745 3 2 
 78 748 1 2 
 75 745 2 1 
 78 748 1 2 
 0 411 3 5 
 63 817 2 2 
 34 394 1 2 
 1484 973 3 3 
 34 394 1 2 
 34 394 1 2 
 44 215 2 2 
 1484 974 2 2 
 78 734 2 1 
 44 215 2 2 
 1484 974 2 2 
 44 215 2 2 
 44 215 2 2 
 52 196 1 2 
 36 267 2 2 
 57 231 2 1 
 14 786 1 3 
 44 231 2 2 
 14 786 1 3 
 44 231 2 2 
 1633 1009 2 1 
 14 786 1 3 
 44 231 2 2 
 1655 1004 2 2 
 14 786 1 3 
 1655 1004 2 2 
 1633 953 2 1 
 1541 910 2 1 
 7 901 1 2 
 1618 1070 1 2 
 1618 1070 1 2 
 1396 913 2 3 
 1397 913 1 3 
 666 74 4 3 
 1625 1070 2 2 
 666 74 4 3 
 1375 909 2 1 
 666 74 4 3 
 1375 909 2 1 
 666 74 4 3 
 666 74 4 3 
 666 74 4 3 
 602 1010 4 3 
 666 74 4 3 
 666 74 4 3 
 80 690 2 2 
 80 690 2 2 
 76 705 2 1 
 54 677 2 1 
 62 639 2 2 
 69 639 2 1 
 62 640 2 1 
 62 640 2 1 
 62 640 2 1 
 62 640 2 1 
 62 640 2 1 
 55 939 2 2 
 625 69 3 3 
 622 61 7 14 
 622 61 7 14 
 622 61 7 14 
 622 61 7 14 
 622 61 7 14 
 720 1047 2 2 
 622 61 7 14 
 713 1045 1 2 
 622 61 7 14 
 720 1048 2 2 
 36 479 2 3 
 720 1048 2 2 
 35 479 4 3 
 35 479 3 3 
 720 1048 2 2 
 35 479 3 3 
 720 1048 2 2 
 35 479 3 3 
 720 1048 2 2 
 35 479 3 3 
 720 1048 2 2 
 35 479 3 3 
 721 1048 1 2 
 35 479 3 3 
 709 1040 2 3 
 1680 906 2 2 
 1680 906 2 2 
 56 882 2 2 
 1685 916 3 6 
 1686 918 2 4 
 1686 919 2 2 
 1631 882 2 2 
 1631 882 2 2 
 44 736 1 2 
 1661 940 2 3 
 44 736 1 2 
 1670 937 2 2 
 652 64 3 1 
 44 736 1 2 
 90 962 4 3 
 652 64 3 1 
 1641 970 4 3 
 44 736 1 2 
 652 64 3 1 
 91 963 2 2 
 652 64 3 1 
 91 964 3 1 
 58 397 1 2 
 652 64 3 1 
 1642 970 3 3 
 58 397 1 2 
