 61 664 2 2 
 69 737 2 2 
 59 776 3 3 
 64 816 2 1 
 68 839 2 2 
 53 847 2 2 
 65 894 2 3 
 62 664 1 2 
 69 737 2 2 
 64 816 2 1 
 68 839 2 2 
 54 847 1 2 
 65 894 2 3 
 67 898 2 2 
 62 664 2 2 
 69 737 2 2 
 59 776 2 1 
 68 838 3 3 
 68 898 1 2 
 74 920 3 4 
 69 737 2 2 
 59 776 2 1 
 68 838 3 3 
 68 898 1 2 
 74 920 3 4 
 78 925 2 1 
 59 776 2 1 
 67 838 4 4 
 65 894 2 3 
 68 898 1 2 
 71 917 2 2 
 74 920 3 4 
 78 925 2 1 
 80 942 2 2 
 59 776 2 1 
 69 838 2 3 
 68 898 1 3 
 74 920 3 1 
 76 922 1 2 
 78 924 2 2 
 80 942 2 2 
 57 946 2 1 
 59 776 2 1 
 69 838 2 3 
 76 922 1 2 
 78 925 2 1 
 80 942 2 2 
 64 953 1 2 
 67 832 2 1 
 69 840 2 1 
 78 925 2 1 
 52 951 2 2 
 52 964 2 3 
 64 953 1 2 
 74 923 3 3 
 93 967 1 2 
 82 967 1 2 
 80 967 1 2 
 52 965 3 3 
 51 944 1 2 
 52 951 2 2 
 97 979 2 2 
 80 967 3 2 
 52 951 2 2 
 91 986 2 2 
 72 985 1 2 
 71 434 2 2 
 40 918 2 1 
 68 635 3 5 
 81 622 1 2 
 81 622 1 3 
 665 63 5 4 
 81 622 1 2 
 665 63 4 3 
 92 968 2 2 
 665 64 4 2 
 75 609 1 2 
 665 64 4 2 
 71 634 2 4 
 665 64 4 2 
 70 634 3 4 
 665 64 4 2 
 68 632 5 6 
 665 64 4 2 
 67 629 6 10 
 14 314 2 1 
 665 64 4 2 
 67 629 6 10 
 14 314 2 1 
 67 631 6 7 
 96 982 1 2 
 61 217 2 1 
 61 217 2 1 
 61 217 2 1 
 64 983 2 2 
 71 609 3 2 
 102 981 2 3 
 69 641 3 2 
 102 981 3 4 
 70 641 2 2 
 100 981 4 4 
 100 982 4 3 
 100 982 3 3 
 102 982 2 2 
 52 714 2 2 
 72 408 2 2 
 39 957 2 1 
 52 714 2 2 
 74 993 2 3 
 74 993 2 3 
 69 599 3 3 
 98 969 2 2 
 61 547 2 2 
 90 984 2 1 
 74 993 3 3 
 74 993 3 3 
 74 993 3 3 
 74 993 3 4 
 41 417 2 1 
 74 993 3 4 
 41 415 3 4 
 74 993 3 4 
 41 415 3 4 
 75 994 2 3 
 41 415 3 4 
 88 984 2 3 
 41 415 3 4 
 86 995 2 2 
 61 413 2 2 
 88 986 2 1 
 1 398 1 3 
 86 996 2 1 
 0 398 2 3 
 0 398 2 3 
 72 599 1 2 
 67 568 3 3 
 0 398 2 3 
 67 568 3 3 
 73 572 4 3 
 73 573 4 2 
 68 569 2 2 
 67 568 3 3 
 67 568 3 3 
 102 982 2 2 
 57 576 2 1 
 102 982 3 2 
 57 582 2 3 
 102 982 3 2 
 58 582 2 3 
 57 576 2 1 
 102 982 3 2 
 102 982 3 2 
 57 576 2 1 
 96 983 2 3 
 96 983 3 3 
 96 983 3 3 
 97 983 1 2 
 58 888 2 2 
 58 888 2 2 
 58 888 2 2 
 88 968 2 1 
