 1032 1062 2 2 
 993 1030 3 3 
 1015 1035 3 3 
 994 1018 5 9 
 994 1018 5 9 
 993 1030 3 3 
 995 1018 5 9 
 993 1030 3 3 
 1002 1040 4 3 
 995 1018 5 9 
 993 1030 3 3 
 1016 1038 1 2 
 1003 1040 3 5 
 1011 1046 2 2 
 1014 1046 3 2 
 995 1018 5 5 
 994 1026 2 1 
 1016 1038 1 2 
 1003 1040 3 4 
 1011 1046 2 2 
 1014 1046 3 2 
 1019 1047 2 3 
 995 1018 4 5 
 997 1023 2 2 
 993 1024 2 3 
 993 1032 2 2 
 1003 1041 3 3 
 1019 1049 2 1 
 1031 1052 2 1 
 1028 1053 4 3 
 995 1020 3 3 
 995 1020 4 5 
 993 1024 2 3 
 1003 1041 3 3 
 1031 1052 2 1 
 1028 1053 4 3 
 1011 1055 2 2 
 993 1025 2 2 
 1003 1041 3 3 
 1031 1052 2 1 
 1020 1057 1 2 
 1039 1067 2 1 
 1027 1068 1 2 
 995 1022 2 3 
 844 1012 1 2 
 844 1012 1 2 
 844 1012 1 2 
 844 1012 1 2 
 523 52 1 2 
 523 52 1 2 
 523 52 1 2 
 523 52 1 2 
 523 52 1 2 
 523 52 1 2 
 1082 1060 4 3 
 997 1023 3 2 
 998 1023 2 2 
 1084 1058 3 3 
 1095 1055 1 2 
 1095 1055 1 2 
 1095 1054 2 3 
 1095 1054 2 3 
 1095 1054 2 3 
 1095 1054 2 2 
 1095 1054 2 2 
 1082 1064 2 2 
 1082 1064 2 2 
 883 1017 2 3 
 883 1017 2 3 
 1514 1021 3 4 
 1514 1021 3 4 
 1514 1021 3 4 
 1514 1021 3 4 
 1514 1021 3 3 
 778 1075 2 2 
 778 1074 6 3 
 778 1074 6 3 
 778 1074 6 3 
