 70 675 1 2 
 36 704 2 2 
 65 714 2 3 
 83 714 2 1 
 42 719 2 3 
 77 723 5 5 
 50 725 2 3 
 73 727 1 2 
 61 734 2 2 
 70 740 3 2 
 65 743 2 3 
 56 745 2 2 
 70 740 3 2 
 64 821 2 1 
 68 836 3 3 
 79 724 2 3 
 61 858 3 2 
 68 863 2 2 
 63 876 1 2 
 65 881 2 3 
 66 835 6 4 
 66 836 4 3 
 67 918 2 2 
 65 821 2 2 
 60 848 2 1 
 65 821 2 2 
 60 848 2 1 
 62 858 2 2 
 65 821 2 2 
 62 858 2 2 
 65 917 4 3 
 65 821 2 2 
 67 836 3 3 
 62 858 2 2 
 65 917 4 3 
 75 924 2 1 
 58 945 5 2 
 80 936 3 3 
 65 951 2 2 
 70 960 1 2 
 95 974 1 2 
 80 971 2 2 
 89 963 3 2 
 75 973 1 2 
 79 969 1 2 
 75 973 1 2 
 1537 886 2 3 
 1537 886 2 3 
 1537 886 2 3 
 1547 868 3 3 
 1482 868 1 2 
 1546 868 3 2 
 1443 848 1 2 
 1527 856 3 2 
 1517 855 2 2 
 1527 856 3 2 
 1391 1075 2 2 
 650 75 3 2 
 1527 856 3 2 
 650 75 3 2 
 1425 1003 4 6 
 650 75 3 2 
 1423 1006 5 4 
 650 75 3 2 
 1423 1006 5 4 
 650 75 3 2 
 1423 1006 5 4 
 650 75 3 2 
 1423 1006 5 4 
 650 75 3 2 
 1422 1006 6 6 
 326 1078 2 2 
 650 75 3 2 
 1426 1016 3 1 
 1443 848 1 2 
 1327 1010 2 2 
 1443 848 1 2 
 1478 860 2 2 
 1468 868 2 3 
 1464 1029 3 2 
 1468 867 2 3 
 1468 867 2 3 
 1468 867 2 3 
 1468 867 2 3 
 1468 868 2 2 
 1376 901 3 5 
 1459 915 3 3 
 1630 904 2 4 
 1459 915 3 3 
 1327 1025 5 5 
 1398 912 2 1 
 1445 940 2 2 
 1445 940 2 2 
 1552 1075 3 2 
 1552 1075 1 2 
 1474 1051 4 6 
 1443 941 2 2 
 1466 1056 2 3 
 1466 1056 2 3 
 1473 1052 4 6 
 16 781 2 2 
 1473 1052 4 5 
 1449 938 3 3 
 39 894 2 1 
 29 882 2 2 
 1473 1055 1 2 
 29 882 2 2 
 658 64 2 3 
 1366 1026 3 3 
 457 1069 4 5 
 658 64 2 3 
 658 64 2 2 
 1345 1020 3 2 
 658 64 2 1 
 1345 1020 3 2 
 658 64 2 1 
 457 1069 4 5 
 658 64 2 1 
 457 1069 4 5 
 658 64 2 1 
 429 1071 2 2 
 658 64 2 1 
 1329 1029 3 2 
 1335 1025 2 3 
 63 880 1 2 
 59 855 2 1 
 458 1073 5 3 
 66 840 2 2 
 1465 1047 2 2 
 66 840 3 2 
