 37 320 2 1 
 50 418 3 2 
 0 361 2 1 
 60 413 1 2 
 50 417 2 3 
 42 420 3 3 
 0 361 2 1 
 51 411 4 4 
 49 417 3 3 
 42 420 4 3 
 59 431 3 2 
 12 344 2 3 
 0 361 2 1 
 51 411 4 5 
 60 414 2 2 
 47 417 1 2 
 49 417 3 3 
 42 420 4 3 
 71 421 2 1 
 59 431 2 2 
 53 438 2 2 
 36 475 2 2 
 15 268 2 1 
 25 333 2 2 
 12 345 2 2 
 8 356 1 2 
 0 361 2 1 
 0 400 1 2 
 51 411 4 5 
 60 414 2 2 
 47 417 1 2 
 49 417 3 3 
 43 420 3 3 
 41 422 1 2 
 39 424 1 2 
 35 425 3 3 
 59 431 2 2 
 53 438 2 2 
 35 474 3 3 
 64 511 2 1 
 51 482 1 2 
 15 268 2 1 
 12 345 2 2 
 8 356 1 2 
 0 361 2 1 
 30 382 1 2 
 0 400 1 2 
 19 401 2 1 
 49 411 7 5 
 60 414 3 3 
 57 415 2 1 
 47 417 1 2 
 49 417 3 3 
 40 420 6 3 
 50 423 2 2 
 35 424 5 4 
 59 431 2 2 
 53 438 2 2 
 35 474 3 3 
 55 476 3 3 
 48 486 1 2 
 57 510 2 1 
 63 513 1 2 
 64 511 2 2 
 15 268 2 1 
 36 272 2 2 
 12 345 2 2 
 8 355 2 3 
 0 361 2 1 
 23 381 2 3 
 30 382 1 2 
 0 400 1 2 
 19 400 3 2 
 48 407 1 2 
 49 411 7 5 
 67 412 1 2 
 60 413 3 4 
 57 415 2 1 
 47 417 1 2 
 49 417 3 3 
 40 420 6 4 
 42 530 2 2 
 50 423 2 2 
 35 424 5 4 
 59 431 2 4 
 72 517 2 2 
 63 513 1 2 
 53 438 2 2 
 68 511 1 2 
 76 448 2 1 
 49 461 2 2 
 35 474 3 3 
 55 476 3 3 
 48 486 1 2 
 12 345 2 2 
 8 355 2 3 
 0 361 2 1 
 23 381 2 3 
 30 382 1 2 
 1 399 1 2 
 19 400 3 2 
 48 407 1 2 
 49 411 2 2 
 52 412 7 4 
 67 412 1 2 
 61 415 2 2 
 47 417 1 2 
 49 417 3 2 
 48 533 2 2 
 42 419 4 4 
 42 530 2 2 
 40 421 1 2 
 50 423 2 2 
 35 424 5 4 
 59 431 2 4 
 72 517 2 2 
 63 513 1 2 
 53 438 2 2 
 68 511 1 2 
 76 448 2 1 
 65 508 2 2 
 28 451 1 2 
 51 508 2 2 
 56 458 2 1 
 49 461 2 2 
 35 474 2 2 
 48 486 1 2 
 56 476 2 3 
 49 625 4 2 
 48 533 2 2 
 58 531 2 2 
 42 530 2 2 
 72 517 2 2 
 63 513 1 2 
 68 511 1 2 
 75 509 1 2 
 65 508 2 2 
 47 500 3 3 
 58 431 3 4 
 53 438 2 2 
 48 486 1 2 
 28 451 1 2 
 72 456 3 1 
 56 458 2 1 
 49 461 2 2 
 35 474 2 2 
 56 476 2 3 
 65 632 2 2 
 49 625 4 2 
 48 533 2 2 
 42 530 2 2 
 66 667 2 2 
 35 667 3 3 
 63 633 1 2 
 65 632 3 2 
 49 625 4 2 
 76 689 1 3 
 66 667 2 2 
 35 667 3 3 
 55 735 1 2 
 82 699 2 4 
 1 399 2 2 
 39 782 2 2 
 46 776 2 2 
 82 752 2 2 
 39 782 2 2 
 46 776 2 2 
 82 752 2 2 
 45 310 2 2 
 30 329 2 2 
 82 752 2 2 
 30 329 2 2 
 75 762 1 2 
 46 310 1 2 
 75 762 1 2 
 46 310 1 2 
 75 762 1 2 
 77 448 2 2 
 39 782 3 2 
 75 447 2 1 
 34 783 1 2 
 23 430 2 1 
 64 633 2 2 
 75 446 3 2 
 46 775 2 1 
 64 632 3 3 
 65 724 2 1 
 58 459 1 2 
 43 425 2 1 
 43 425 2 2 
 43 425 2 2 
 48 416 2 1 
 48 416 2 1 
 649 72 2 2 
 48 416 2 1 
 649 72 2 2 
 48 416 2 1 
 649 72 2 2 
 48 416 2 1 
 60 444 3 2 
 76 448 2 1 
 72 450 2 1 
 72 450 2 1 
 75 464 2 1 
 112 1001 3 4 
 75 464 2 1 
 75 464 2 1 
 112 1001 3 4 
 75 464 2 1 
 75 464 2 1 
 112 1001 3 4 
 75 464 2 1 
 70 753 1 2 
 63 797 3 4 
 64 797 2 3 
 85 750 2 1 
 668 74 1 2 
 33 797 2 2 
 668 74 1 2 
 33 797 2 2 
 668 74 1 2 
 32 797 3 2 
 668 74 1 2 
 32 797 3 2 
 32 797 3 2 
 668 74 1 2 
 668 74 1 2 
 65 798 2 5 
 668 74 1 2 
 74 735 4 3 
 668 74 1 2 
 74 735 4 3 
 31 797 3 2 
 75 735 3 3 
 75 735 3 3 
 75 736 2 2 
 56 771 2 2 
 56 771 2 2 
 40 298 1 2 
 73 685 2 1 
 73 685 2 1 
 624 60 3 3 
 624 60 3 3 
 624 60 3 3 
 624 60 3 3 
 624 60 3 3 
 624 60 3 3 
 624 60 3 3 
 624 60 3 3 
 624 60 3 3 
