 951 978 4 2 
 977 952 5 3 
 953 973 3 3 
 951 965 3 3 
 965 959 3 3 
 953 955 7 9 
 954 950 4 4 
 979 933 3 2 
 974 922 3 3 
 974 922 3 3 
 961 934 3 3 
 962 933 3 3 
 960 932 3 3 
 949 931 6 4 
 999 1031 1 2 
 1018 1045 1 2 
 1032 1054 3 3 
 1035 1060 2 2 
 1037 1061 3 3 
 1035 1061 7 8 
 999 1021 1 2 
 1027 1061 2 2 
 1037 1063 6 6 
 1025 1069 2 2 
 1035 1067 2 2 
 1019 1038 2 2 
 986 1045 1 2 
 1018 1045 1 2 
 1016 1040 2 2 
 1033 1056 2 2 
 1037 1062 3 1 
 1028 1062 4 2 
 1025 1067 2 1 
 1032 1066 2 1 
 1036 1064 7 6 
 1013 1072 2 2 
 1025 1067 2 1 
 1032 1066 2 1 
 1015 1049 8 4 
 1032 1057 1 2 
 1013 1072 2 2 
 1025 1067 2 1 
 1013 1072 3 2 
 833 1040 3 1 
 833 1040 3 1 
 824 1029 1 2 
 824 1029 1 2 
 824 1029 1 2 
 823 1029 2 3 
 823 1029 2 3 
 823 1029 2 3 
 823 1029 2 3 
 823 1029 2 3 
 880 1028 2 2 
 823 1033 1 2 
 829 1034 1 3 
 829 1034 1 3 
 1019 1050 4 4 
 1020 1047 1 2 
 1020 1047 3 2 
 829 1035 1 2 
 829 1035 1 2 
 835 1039 1 2 
 518 34 10 6 
 1038 1066 1 2 
 518 34 10 6 
 1038 1066 1 2 
 818 1068 2 5 
 518 34 9 6 
 518 34 9 6 
 795 1068 2 1 
 518 34 9 6 
 795 1068 2 1 
 518 34 9 6 
 818 1069 2 4 
 518 34 9 6 
 818 1070 1 3 
 518 34 9 6 
 823 1031 2 1 
 518 34 9 6 
 831 1033 1 2 
 831 1033 1 2 
 831 1033 1 2 
 831 1033 1 2 
 515 33 2 2 
 515 34 2 1 
 515 34 2 1 
 515 34 2 1 
 515 34 2 1 
 515 34 2 1 
 515 34 2 1 
 515 34 2 1 
 1032 1062 2 2 
 1525 1031 3 6 
 1525 1030 3 7 
 1038 1066 5 2 
 1525 1030 3 7 
 1525 1030 3 4 
 1526 1030 2 4 
 1526 1030 2 4 
 1526 1030 2 4 
 1526 1030 2 4 
 1526 1030 2 3 
