 365 581 6 16 
 372 614 3 6 
 368 598 4 7 
 374 623 9 23 
 380 646 11 25 
 389 673 10 26 
 396 700 14 27 
 407 729 14 27 
 419 756 12 32 
 427 787 11 30 
 446 876 2 3 
 443 856 4 6 
 821 30 3 3 
 822 21 8 12 
 938 1022 1 2 
 822 20 9 13 
 938 1022 1 2 
 820 19 12 14 
 938 1022 1 2 
 824 22 3 5 
 938 1022 1 2 
 826 19 7 12 
 938 1022 1 2 
 826 20 7 7 
 938 1022 1 2 
 826 21 7 5 
 950 1038 2 2 
 826 21 21 5 
 950 1041 1 2 
 827 19 23 10 
 825 19 24 14 
 834 24 3 3 
 817 24 5 5 
 815 22 13 11 
 815 21 13 12 
 824 21 4 7 
 826 21 1 2 
 826 21 1 2 
 826 21 1 2 
 826 20 2 3 
 826 20 2 3 
 826 20 2 2 
 826 20 3 2 
 827 20 2 2 
 827 20 2 2 
 827 20 2 2 
 532 36 2 1 
 824 24 4 3 
 824 24 4 3 
 824 24 4 3 
 824 24 3 3 
 824 25 3 2 
 830 23 2 1 
