 931 1015 6 13 
 938 1016 2 4 
 940 1017 3 2 
 972 1026 2 2 
 974 1029 1 2 
 1001 1046 2 2 
 933 1018 8 5 
 972 1018 1 2 
 972 1018 2 2 
 933 1019 5 7 
 971 1022 4 5 
 932 1017 6 10 
 972 1018 2 2 
 999 1032 2 2 
 971 1021 5 6 
 1006 1058 2 2 
 972 1018 2 2 
 971 1024 2 3 
 999 1032 2 2 
 1017 1069 3 3 
 1017 1072 2 1 
 981 1072 2 2 
 1024 1074 2 2 
 970 1018 3 3 
 832 1014 2 2 
 831 1014 3 3 
 970 1022 1 3 
 869 1013 5 7 
 869 1013 5 7 
 870 1014 4 5 
 870 1017 2 2 
 870 1017 2 2 
 870 1017 2 2 
 938 1017 2 3 
 871 1013 3 3 
 869 1012 5 5 
 869 1012 5 5 
 936 1016 1 2 
 972 1019 2 2 
 832 1011 2 4 
 830 1012 4 3 
 934 1017 5 5 
 1029 1063 2 1 
 936 1017 3 2 
 1017 1069 6 4 
 1017 1070 6 3 
 1031 1063 2 1 
 1031 1063 2 1 
 828 1011 2 1 
 872 1012 3 3 
 1033 1062 2 3 
 1033 1062 2 3 
 1006 1040 1 2 
 1005 1039 2 3 
 1034 1061 2 4 
 1034 1061 2 4 
 1033 1061 3 4 
 1027 1065 2 3 
 518 48 2 2 
 1030 1065 2 2 
 518 48 2 2 
 1031 1059 2 2 
 1072 1071 2 4 
 1034 1062 2 1 
 1005 1039 2 2 
 1005 1040 2 2 
 1005 1040 2 2 
 1071 1062 3 7 
 1072 1062 2 2 
 1072 1061 2 3 
 1072 1061 2 3 
 1072 1061 2 3 
 981 1017 3 3 
 981 1015 1 2 
 981 1015 1 2 
 1074 1058 2 2 
 981 1019 2 1 
 981 1019 2 1 
 981 1019 2 1 
 982 1017 2 3 
 982 1017 4 5 
 992 1022 3 3 
 1029 1077 5 3 
 993 1019 5 7 
 994 1020 3 3 
 993 1020 6 6 
 994 1019 5 7 
 995 1019 4 7 
