 279 967 1 2 
 316 1022 5 5 
 286 984 2 2 
 300 1000 3 1 
 306 1031 3 3 
 247 976 2 2 
 314 1020 5 7 
 265 989 1 3 
 291 980 3 2 
 314 1018 4 3 
 296 989 1 2 
 291 980 3 2 
 315 1019 3 1 
 296 989 1 2 
 293 986 1 2 
 291 979 1 2 
 321 1036 4 2 
 313 1017 5 3 
 296 988 2 3 
 293 986 1 2 
 289 981 2 2 
 317 1040 2 2 
 289 981 2 2 
 315 1021 2 2 
 311 1017 7 4 
 311 1018 3 3 
 292 986 2 2 
 296 988 2 3 
 323 1048 2 2 
 301 1051 2 2 
 297 1050 2 2 
 301 1051 1 2 
 296 1050 3 2 
 52 589 2 1 
 321 1047 3 2 
 52 589 2 1 
 297 1050 2 2 
 73 644 1 4 
 322 1047 2 2 
 332 1045 2 2 
 298 994 3 4 
 298 994 3 4 
 49 593 2 1 
 299 994 2 3 
 49 593 2 1 
 300 994 1 2 
 49 593 2 1 
 310 1003 2 3 
 310 1003 2 3 
 329 1040 4 13 
 290 979 2 1 
 331 1043 2 10 
 310 1003 2 3 
 289 979 2 1 
 299 991 3 3 
 325 1041 2 2 
 650 67 2 2 
 289 978 2 4 
 299 1051 3 2 
 299 1051 3 3 
 333 1049 1 2 
 333 1049 1 2 
 319 1046 3 2 
 329 1040 3 8 
 298 1048 4 6 
 331 1049 3 4 
 288 977 2 3 
 288 976 3 4 
 330 1050 2 1 
 330 1055 1 2 
 331 1050 2 2 
 331 1050 2 2 
 0 398 2 3 
 328 1046 3 3 
 251 969 4 5 
 251 970 3 4 
 251 970 3 4 
 251 970 3 4 
 251 972 2 2 
 287 975 4 4 
 288 982 3 3 
 665 63 3 4 
 297 1056 2 2 
 665 63 3 4 
 290 1060 2 1 
 290 1060 2 1 
 665 63 3 4 
 665 63 3 4 
 289 1060 3 1 
 665 65 3 2 
 281 1073 2 4 
 665 65 3 2 
 1077 1051 2 2 
 665 65 3 2 
 325 1053 3 1 
 665 65 3 2 
 330 1046 1 2 
 1077 1051 1 2 
 272 960 3 4 
 272 961 3 3 
 288 979 3 3 
 274 970 2 1 
 274 970 2 1 
 289 980 2 2 
 330 1046 1 2 
 275 961 2 3 
 276 961 2 1 
 276 961 2 1 
 291 979 1 2 
 253 1010 3 3 
 253 1010 3 3 
 290 979 2 4 
 291 980 1 2 
 291 980 1 2 
 291 978 2 4 
 291 978 3 4 
 55 738 1 2 
 291 979 3 3 
 292 979 2 3 
 292 979 2 3 
 292 979 2 3 
 292 979 3 3 
 72 757 2 1 
 277 961 3 2 
 277 961 3 3 
