 838 1010 3 4 
 889 1028 4 4 
 823 1035 3 6 
 943 1040 2 2 
 930 1048 2 2 
 1035 1067 2 2 
 805 1060 1 2 
 1020 1054 2 2 
 1039 1072 1 2 
 840 1007 6 7 
 881 1008 6 9 
 842 1006 4 3 
 843 1008 3 3 
 838 1006 9 7 
 883 1009 6 7 
 842 1006 4 3 
 843 1008 3 3 
 838 1006 9 7 
 844 1023 1 2 
 841 1007 6 6 
 839 1008 1 2 
 823 1037 3 2 
 840 1009 5 5 
 823 1037 5 3 
 824 1041 2 1 
 819 1043 3 2 
 826 1037 2 3 
 824 1040 3 2 
 819 1042 4 3 
 821 1047 1 2 
 826 1036 3 4 
 825 1041 2 1 
 822 1044 3 3 
 821 1044 4 4 
 824 1049 4 5 
 822 1054 11 9 
 828 1037 3 3 
 820 1035 11 14 
 825 1046 2 2 
 824 1049 4 5 
 824 1057 3 3 
 822 1054 11 9 
 811 1058 3 3 
 826 1034 5 3 
 829 1038 2 2 
 822 1041 6 7 
 824 1049 5 5 
 824 1059 3 3 
 824 1054 9 8 
 823 1055 2 2 
 811 1059 1 2 
 969 1027 2 2 
 1013 1033 3 7 
 829 1039 2 2 
 910 1044 2 2 
 809 1075 2 1 
 1024 1049 4 3 
 1040 1070 2 2 
 788 1077 4 3 
 805 1076 1 2 
 788 1077 4 3 
 800 1079 2 1 
 842 1021 1 2 
 831 1033 2 3 
 884 1011 5 5 
 887 1011 1 2 
 887 1011 1 2 
 883 1012 5 4 
 884 1012 2 2 
 880 1012 2 4 
 879 1009 5 7 
 838 1008 3 3 
 838 1008 3 3 
 838 1008 3 3 
 838 1007 4 6 
 882 1009 3 3 
 877 1011 4 6 
 876 1010 4 2 
 874 1013 3 3 
 874 1013 3 3 
 835 1009 1 2 
 874 1013 3 3 
 835 1009 3 6 
 831 1006 8 9 
 831 1006 3 3 
 491 33 6 13 
 834 1006 3 3 
 491 33 6 12 
 832 1008 3 3 
 491 33 6 12 
 832 1008 3 3 
 491 33 6 12 
 766 1075 6 5 
 491 33 6 12 
 827 1004 12 7 
 491 33 6 12 
 769 1076 2 4 
 491 33 6 12 
 798 1076 1 2 
 798 1076 1 2 
 831 1005 3 3 
 831 1005 6 5 
 831 1005 6 5 
 829 1004 11 8 
 831 1004 1 2 
 834 1006 2 1 
 826 1005 7 6 
 826 1004 8 7 
 830 1003 3 3 
 833 1004 11 11 
 833 1006 3 3 
 840 1008 4 7 
 842 1013 2 2 
 882 1014 5 6 
 523 38 4 4 
 1043 1068 5 6 
 523 38 4 4 
 884 1015 3 3 
 523 38 4 4 
 884 1015 3 3 
 523 38 4 4 
 884 1015 3 3 
 523 38 4 4 
 1039 1066 3 2 
 523 38 4 4 
 884 1010 4 4 
 523 38 4 4 
 1041 1075 5 3 
 523 38 4 4 
 803 1076 3 2 
 803 1076 3 2 
 881 1014 5 3 
 883 1014 2 2 
 995 1023 1 2 
 994 1021 3 4 
 994 1020 4 5 
 995 1018 3 4 
 885 1009 1 2 
 991 1019 3 3 
 880 1008 6 7 
 732 1077 2 2 
 880 1007 5 8 
 884 1008 3 3 
 884 1010 3 3 
