 953 994 1 2 
 953 995 8 4 
 961 996 14 9 
 965 997 3 3 
 970 997 3 3 
 962 996 11 8 
 967 999 9 7 
 970 1001 3 3 
 963 1000 11 7 
 967 1001 7 5 
 965 1002 2 2 
 967 1002 6 5 
 963 1005 3 2 
 973 1006 2 1 
 973 1009 1 2 
 1015 1046 4 3 
 973 1007 6 5 
 985 1014 2 1 
 930 1070 12 7 
 948 1040 2 2 
 1024 1048 2 2 
 823 1063 4 3 
 1007 1053 20 7 
 984 1024 2 1 
 1008 1034 2 2 
 984 1013 3 2 
 986 1012 2 3 
 986 1016 2 1 
 989 1016 3 3 
 989 1015 3 4 
 979 1021 7 4 
 54 880 2 2 
 974 1018 8 2 
 987 1049 2 1 
 1040 1060 3 2 
 940 1070 8 8 
 979 1051 2 2 
 985 1077 3 3 
 924 1074 2 2 
 922 1074 2 3 
 934 1072 11 8 
 974 1071 3 2 
 962 1069 2 2 
 938 1078 9 2 
 914 1071 6 4 
 934 1077 7 3 
 945 1078 2 1 
 491 36 1 2 
 1114 1077 2 3 
 984 377 2 1 
 1128 1078 2 2 
 491 36 1 2 
 984 377 2 1 
 1125 1078 2 2 
 491 36 1 2 
 26 849 3 2 
 1108 1077 7 3 
 815 4 2 1 
 52 831 2 1 
 915 1077 7 3 
 491 36 1 2 
 993 461 2 2 
 1040 0 2 1 
 991 1063 2 2 
 27 810 3 2 
 491 36 1 2 
 227 554 2 4 
 989 1063 2 2 
 29 814 2 2 
 491 36 1 2 
 945 1064 2 2 
 29 817 2 2 
 465 43 1 2 
 988 1062 2 2 
 1166 1073 2 2 
 1302 131 3 1 
 57 844 6 4 
 967 1073 3 2 
 1308 122 1 2 
 1308 122 1 2 
 933 1074 8 6 
 1090 27 2 2 
 923 1076 2 2 
 1088 27 4 6 
 938 1074 7 6 
 1088 27 4 6 
 49 1062 1 2 
 1109 7 3 2 
 944 1075 8 5 
 357 14 4 5 
 993 1076 3 3 
 519 35 2 3 
 1147 1078 1 2 
 1081 2 2 4 
 965 1071 1 3 
 1081 1 3 6 
 919 1077 3 2 
 1081 1 3 4 
 1150 1069 11 6 
 1081 1 3 4 
 931 1071 20 8 
 1082 1 2 1 
 1156 1073 8 5 
 1082 1 2 1 
 1108 1077 2 2 
 24 785 2 1 
 1081 3 3 5 
 1172 1073 1 2 
 981 1020 3 1 
 995 1033 1 2 
