 1251 959 41 17 
 1273 960 3 2 
 1285 960 5 2 
 1268 961 25 7 
 1265 962 27 7 
 1247 963 2 3 
 1252 964 2 3 
 1252 965 2 2 
 1252 965 2 2 
 1298 988 2 1 
 1298 988 2 1 
 1298 990 2 2 
 1494 843 2 3 
 1298 988 2 3 
 1300 991 3 4 
 1279 993 2 1 
 1303 995 3 4 
 1298 988 2 2 
 1300 992 3 2 
 1263 996 2 2 
 1251 1002 2 1 
 1298 989 2 1 
 1300 993 2 1 
 1302 995 11 18 
 1251 1005 1 2 
 1298 989 2 1 
 1300 993 2 1 
 1251 1002 2 2 
 1301 995 5 4 
 1263 997 2 2 
 1249 1007 2 3 
 1249 1002 3 3 
 1249 1000 2 1 
 1263 997 2 3 
 1301 995 12 19 
 1300 993 2 1 
 1298 989 2 1 
 1298 989 2 1 
 1305 1004 5 5 
 1300 993 13 22 
 1274 1008 7 7 
 1248 997 2 2 
 1250 1000 1 2 
 1282 1009 7 3 
 1248 1009 2 2 
 1274 1008 7 5 
 1275 1009 3 3 
 1300 993 3 4 
 1248 1007 2 1 
 1248 997 2 2 
 1249 1004 2 2 
 1305 1004 4 5 
 1291 1001 2 2 
 1307 1007 3 3 
 1303 998 10 17 
 1294 1010 2 1 
 1291 1010 2 3 
 1282 1010 5 6 
 1270 1010 2 3 
 1273 1008 8 10 
 1275 1009 3 3 
 1305 1006 9 10 
 1300 993 3 4 
 1306 1004 2 1 
 1304 999 2 2 
 1291 1002 2 1 
 1288 1012 2 2 
 1300 993 3 5 
 1248 995 1 3 
 1306 1010 8 7 
 1311 1014 3 3 
 1291 1010 1 2 
 1291 1002 2 1 
 1305 1004 3 1 
 1266 1008 21 11 
 1279 1011 6 6 
 1278 1011 3 3 
 1273 1011 6 6 
 1275 1009 3 3 
 1307 1006 3 3 
 1295 1015 2 3 
 1300 993 2 3 
 1301 996 2 2 
 1291 1002 2 1 
 1305 1004 3 1 
 1306 1010 8 9 
 1311 1014 3 3 
 1305 1006 5 3 
 1283 1010 8 8 
 1285 1011 3 3 
 1266 1010 17 9 
 1278 1014 3 3 
 1279 1013 3 3 
 1276 1012 3 3 
 1273 1012 5 5 
 1278 1011 3 4 
 1275 1011 3 3 
 1293 1015 5 3 
 1295 1015 3 3 
 1292 1012 1 2 
 1286 1012 6 6 
 1256 1011 31 10 
 1272 1016 3 3 
 1280 1014 3 3 
 1278 1014 3 3 
 1279 1013 3 3 
 1276 1012 3 3 
 1275 1011 3 3 
 1300 993 2 3 
 1302 997 1 2 
 1306 1009 8 10 
 1311 1014 3 3 
 1306 1010 3 3 
 1291 1002 2 1 
 1305 1007 4 2 
 1305 1004 2 2 
 1295 1015 9 4 
 1295 1015 3 3 
 1300 994 2 2 
 1257 1011 35 10 
 1271 1017 3 3 
 1274 1016 4 3 
 1272 1016 3 3 
 1280 1014 3 3 
 1278 1014 3 3 
 1274 1014 3 3 
 1306 1010 8 9 
 1311 1014 3 3 
 1302 997 1 3 
 1303 1000 2 2 
 1291 1002 2 1 
 1279 1003 2 2 
 1305 1004 2 2 
 1305 1007 4 2 
 1255 1017 12 4 
 1259 1018 3 3 
 1268 1013 35 8 
 1271 1017 3 3 
 1268 1017 3 3 
 1284 1016 3 3 
 1274 1016 4 4 
 1272 1016 3 3 
 1295 1015 3 3 
 1278 1015 4 4 
 1278 1014 3 3 
 1274 1014 3 3 
 1273 1012 2 2 
 1282 1009 5 2 
 1275 1008 2 2 
 1305 1007 9 12 
 1310 1015 3 3 
 1300 994 3 6 
 1303 1000 2 2 
 1291 1002 2 1 
 1305 1002 2 4 
 1251 1019 4 4 
 1255 1017 11 4 
 1259 1018 3 3 
 1292 1015 11 4 
 1300 1016 3 3 
 1266 1014 21 7 
 1268 1017 3 3 
 1274 1016 4 4 
 1272 1016 3 3 
 1267 1016 3 3 
 1278 1015 4 5 
 1287 1013 6 6 
 1280 1009 5 3 
 1281 1009 3 3 
 1276 1009 1 2 
 1280 1005 2 1 
 1250 1023 2 1 
 1304 1017 4 2 
 1282 1010 5 3 
 1249 1043 2 1 
 1246 1041 2 2 
 1249 1042 2 2 
 1249 1043 2 1 
 399 18 2 2 
 1780 225 2 2 
 1244 1038 1 2 
 399 16 3 3 
 1244 1038 3 2 
 1783 221 1 2 
 399 16 3 3 
 1776 222 2 3 
 1251 1023 1 2 
 1776 222 2 3 
 1495 842 3 3 
 1776 222 2 3 
 1495 842 3 3 
 1776 222 2 3 
 1495 843 3 3 
 1244 1038 3 2 
 1776 222 2 3 
 1244 1038 3 2 
 400 16 4 3 
 1776 222 1 2 
 1244 1038 3 2 
 1776 222 1 2 
 1245 1038 2 2 
 400 16 4 3 
 1776 222 1 2 
 1466 837 3 3 
 1767 220 3 3 
 1296 1023 2 1 
 1767 221 2 2 
 1467 833 1 3 
 1767 221 2 2 
 1248 1026 2 1 
 1767 221 2 2 
 1248 1026 2 1 
 660 71 1 3 
 1248 1026 2 1 
 660 71 1 3 
 1253 1024 3 2 
 660 71 1 3 
 1264 1024 1 2 
 660 71 1 3 
 1266 1024 2 2 
 660 71 1 3 
 1266 1024 2 2 
 660 72 1 2 
 1266 1024 2 2 
 660 72 1 2 
 1284 1023 1 2 
 660 72 1 2 
 1281 1020 2 1 
 1247 1024 2 2 
 1472 828 2 1 
 1269 1016 1 2 
 1760 232 2 1 
 1280 1025 3 2 
 1758 228 2 2 
 1254 1025 4 2 
 1758 228 2 2 
 1254 1025 7 2 
 1758 228 2 2 
 1246 1024 4 3 
 1758 228 2 2 
 1276 1027 2 1 
 1251 1040 1 2 
 1758 228 2 2 
 1758 228 2 2 
 1251 1040 1 2 
 1478 838 1 2 
 1758 228 2 2 
 1251 1040 1 2 
 1758 228 2 2 
 1250 1040 2 2 
 1478 838 1 2 
 1753 227 2 2 
 1250 1040 2 2 
 1477 836 2 4 
 1753 227 2 2 
 1250 1040 2 2 
 1472 834 2 3 
 1472 834 2 3 
 1262 1027 2 1 
 1750 231 1 2 
 1750 231 1 2 
 1277 1024 2 2 
 1750 231 1 2 
 1480 830 1 2 
 1273 1024 4 2 
 1273 1024 2 1 
 1273 1024 2 1 
 1267 1022 4 3 
 1748 223 1 2 
 1269 1019 3 2 
 1748 223 1 2 
 1271 1023 2 1 
 1748 223 1 2 
 1269 1019 3 2 
 1748 223 1 2 
 1269 1019 3 2 
 1748 223 1 2 
 1269 1018 2 2 
 1748 223 1 2 
 1269 1018 2 2 
 1480 824 4 4 
 1746 225 1 2 
 1480 824 5 4 
 1743 236 2 2 
 1260 1023 2 1 
 1743 236 2 2 
 1481 824 4 4 
 1743 236 2 2 
 1481 824 4 4 
 1743 236 2 2 
 1482 824 3 3 
 1743 236 2 2 
 1482 824 3 3 
 1743 236 2 2 
 1482 824 3 3 
 1738 232 2 1 
 1245 1041 3 2 
 1482 824 3 3 
 1738 232 2 1 
 1246 1042 2 2 
 1481 824 4 3 
 1246 1042 2 2 
 1483 824 2 3 
 1245 1042 3 2 
 205 272 4 7 
 1484 824 1 2 
 1245 1043 3 2 
 205 274 3 3 
 1481 824 1 3 
 1245 1043 3 2 
 194 265 2 2 
 1481 824 1 3 
 1245 1043 3 2 
 656 61 5 5 
 194 265 2 2 
 1504 833 2 2 
 1246 1043 2 2 
 656 61 5 5 
 194 265 2 5 
 1473 834 2 3 
 656 61 5 5 
 1267 1019 2 1 
 194 265 2 5 
 656 62 5 4 
 1298 1020 5 3 
 200 283 5 3 
 656 62 5 4 
 1255 1021 2 1 
 204 272 4 4 
 656 62 5 4 
 1258 1020 3 1 
 194 265 2 2 
 656 62 5 4 
 1251 1021 2 1 
 205 272 1 3 
 656 62 5 4 
 1268 1018 4 1 
 200 284 2 1 
 1268 1018 4 1 
 206 274 1 2 
 206 274 1 2 
 1281 1011 4 3 
