 1522 842 5 7 
 1521 844 3 3 
 1521 842 4 6 
 1521 844 3 3 
 1520 842 4 6 
 1493 848 5 7 
 1521 844 3 3 
 1519 842 5 6 
 1493 847 5 8 
 1516 849 2 3 
 1432 832 3 2 
 1521 844 3 3 
 1519 842 5 6 
 1494 854 3 3 
 1492 849 6 8 
 1516 849 2 3 
 1519 843 3 3 
 1519 842 4 6 
 1514 848 4 5 
 1434 849 2 2 
 1495 853 3 3 
 1492 849 6 7 
 1500 849 2 1 
 1502 860 2 4 
 1539 864 2 3 
 1519 843 3 3 
 1519 842 4 6 
 1514 849 3 4 
 1514 848 4 5 
 1495 853 3 3 
 1491 849 7 7 
 1449 855 2 1 
 1501 862 3 4 
 1539 864 2 3 
 1551 867 2 6 
 1519 843 3 3 
 1519 842 4 6 
 1433 848 3 5 
 1514 849 3 4 
 1514 848 4 5 
 1492 853 3 3 
 1495 853 3 3 
 1491 850 7 7 
 1500 861 4 5 
 1492 862 2 2 
 1519 868 8 9 
 1519 843 3 3 
 1518 842 5 6 
 1433 848 3 6 
 1513 848 5 5 
 1492 853 3 3 
 1495 853 3 3 
 1491 849 7 8 
 1449 855 2 1 
 1519 856 1 2 
 1500 861 3 5 
 1519 869 7 9 
 1540 869 1 2 
 1542 870 2 2 
 1518 842 3 3 
 1519 843 3 3 
 1513 842 10 12 
 1433 848 2 6 
 1491 852 3 3 
 1492 853 3 3 
 1491 854 3 3 
 1491 849 6 8 
 1447 852 1 2 
 1500 861 3 5 
 1492 862 2 2 
 1522 868 2 2 
 1539 869 2 2 
 1542 869 2 3 
 1518 870 6 7 
 1521 874 3 3 
 1517 843 3 3 
 1516 844 3 3 
 1513 842 7 12 
 1432 849 3 3 
 1432 848 3 6 
 1492 853 3 4 
 1490 850 7 7 
 1447 852 1 2 
 1518 856 2 2 
 1438 857 2 2 
 1500 861 3 5 
 1492 862 2 2 
 1522 868 2 1 
 1539 869 2 2 
 1542 869 2 3 
 1521 874 3 3 
 1516 870 8 7 
 1559 915 2 1 
 1529 832 3 3 
 1516 844 3 3 
 1516 846 3 3 
 1513 842 7 12 
 1432 849 3 4 
 1446 850 2 3 
 1491 852 3 3 
 1492 853 3 4 
 1489 850 8 7 
 1419 851 1 2 
 1437 856 3 3 
 1518 856 2 1 
 1490 862 1 2 
 1492 862 1 2 
 1499 862 3 4 
 1540 869 1 2 
 1542 869 2 3 
 1519 874 3 3 
 1521 874 3 3 
 1516 870 8 7 
 1427 873 3 4 
 1454 918 4 3 
 1527 902 6 6 
 1518 916 5 4 
 1559 915 2 1 
 1529 833 2 2 
 1515 842 3 3 
 1514 846 3 4 
 1516 846 3 3 
 1512 842 7 12 
 1418 850 2 3 
 1446 850 1 2 
 1491 852 3 3 
 1489 850 8 9 
 1518 856 2 1 
 1490 862 1 2 
 1492 862 1 2 
 1499 863 3 3 
 1540 869 1 2 
 1542 869 2 3 
 1516 870 8 9 
 1426 873 4 4 
 1528 904 3 3 
 1527 903 5 6 
 1521 918 3 3 
 1518 916 6 6 
 1454 918 4 3 
 1528 922 3 4 
 1484 949 2 1 
 1528 833 3 3 
 1515 842 3 3 
 1516 844 3 3 
 1512 848 3 3 
 1512 842 7 12 
 1435 846 3 4 
 1418 850 2 3 
 1444 850 3 3 
 1489 851 7 8 
 1516 855 3 3 
 1516 855 3 3 
 1435 857 2 2 
 1489 862 2 2 
 1492 862 1 2 
 1499 863 2 3 
 1516 870 8 8 
 1542 870 2 2 
 1425 873 5 5 
 1503 902 2 1 
 1528 904 3 3 
 1527 902 5 6 
 1521 918 3 3 
 1518 917 6 6 
 1455 918 2 2 
 1536 967 3 4 
 1495 966 1 2 
 1525 921 5 6 
 1484 949 2 1 
 1528 833 2 3 
 1516 844 3 3 
 1516 842 4 7 
 1434 845 4 6 
 1512 848 3 3 
 1512 848 3 5 
 1418 850 2 3 
 1443 850 4 3 
 1489 851 7 8 
 1516 855 3 3 
 1516 854 3 4 
 1433 856 4 4 
 1489 862 2 2 
 1499 863 2 3 
 1516 870 8 8 
 1542 871 2 1 
 1425 873 5 5 
 1528 904 3 3 
 1527 901 5 7 
 1504 902 1 2 
 1455 918 2 2 
 1518 919 3 2 
 1469 970 3 4 
 1534 968 1 2 
 1495 966 1 2 
 1522 920 2 1 
 1484 949 2 1 
 1526 922 4 5 
 1511 927 4 3 
 1485 1001 3 3 
 1461 994 4 3 
 1489 851 6 8 
 1448 855 2 1 
 1516 855 3 3 
 1516 855 3 3 
 1434 857 2 2 
 1469 971 2 3 
 1533 967 2 4 
 1447 857 2 1 
 1489 862 2 2 
 1499 863 2 3 
 1484 949 2 1 
 1516 871 7 7 
 1528 900 5 9 
 1452 919 3 5 
 1481 1012 5 5 
 1485 1001 3 3 
 1461 992 4 5 
 1484 949 2 1 
 1481 951 2 2 
 1448 1039 4 5 
 1496 957 2 2 
 1462 1044 2 2 
 1449 1040 3 4 
 1462 1044 2 2 
 655 82 2 2 
 1448 1040 2 3 
 413 811 5 6 
 602 1054 2 1 
 414 811 1 2 
 414 811 1 2 
 598 1053 6 2 
 414 811 1 2 
 599 1053 4 2 
 1251 127 2 1 
 435 1069 2 3 
 46 374 2 2 
 754 834 2 2 
 427 1071 2 3 
 9 288 2 1 
 770 860 2 2 
 38 489 3 3 
 435 1069 2 2 
 15 294 2 2 
 54 565 1 2 
 6 300 1 3 
 428 1062 8 10 
 54 565 1 2 
 428 1062 9 10 
 71 570 2 3 
 562 1026 4 4 
 770 860 2 2 
 864 912 4 3 
 737 850 1 2 
 750 832 1 2 
 601 1039 2 2 
 750 832 1 2 
 601 1039 3 2 
 600 1052 3 4 
 750 832 1 2 
 68 632 2 2 
 855 857 3 3 
 81 599 2 1 
 681 1029 3 1 
 32 218 2 2 
 81 599 2 1 
 600 1054 3 2 
 54 205 2 2 
 81 598 3 2 
 32 218 2 2 
 82 596 2 3 
 40 181 2 2 
 82 596 2 3 
 46 208 1 2 
 82 596 3 3 
 598 931 4 3 
 40 181 2 2 
 82 596 3 3 
 598 931 4 3 
 40 181 2 2 
 82 596 2 2 
 598 931 4 3 
 40 181 2 2 
 82 596 2 2 
 587 1026 2 2 
 81 594 2 1 
 587 1026 4 4 
 81 594 2 1 
 587 1026 4 4 
 67 570 1 2 
 587 1026 4 4 
 33 161 4 2 
 61 962 2 2 
 33 161 4 2 
 77 929 2 3 
 40 165 1 2 
 77 929 2 3 
 66 490 2 2 
 78 709 2 2 
 84 710 2 2 
 54 959 2 1 
