 36 683 1 2 
 79 706 3 2 
 73 722 2 3 
 34 771 3 3 
 73 722 1 2 
 81 724 2 2 
 31 782 3 2 
 79 732 2 2 
 34 781 2 2 
 44 801 2 1 
 33 781 3 2 
 44 801 2 1 
 45 821 2 3 
 32 781 3 2 
 44 801 2 1 
 45 821 2 2 
 51 833 2 1 
 61 853 2 3 
 66 873 2 4 
 66 875 2 2 
 45 819 1 2 
 54 823 2 1 
 1 409 1 2 
 16 354 2 2 
 16 354 2 2 
 49 797 1 2 
 16 354 2 2 
 16 354 2 2 
 14 392 2 3 
 14 392 2 3 
 64 856 1 2 
 14 392 2 3 
 56 627 2 2 
 5 452 2 2 
 50 654 2 2 
 70 453 2 2 
 6 426 3 4 
 55 633 2 2 
 6 426 3 5 
 55 644 3 3 
 54 633 3 2 
 55 226 3 2 
 620 1029 2 2 
 620 1029 2 2 
 54 633 2 2 
 70 709 2 2 
 620 1029 2 2 
 620 1029 2 2 
 70 709 2 2 
 618 1023 1 2 
 70 709 2 2 
 616 1030 2 2 
 70 709 2 2 
 10 253 1 2 
 618 1023 1 2 
 70 709 2 2 
 616 1030 2 2 
 70 709 2 2 
 10 253 1 2 
 615 1034 3 4 
 72 226 2 1 
 615 1035 2 3 
 0 409 2 3 
 43 219 2 1 
 43 219 2 1 
 3 442 1 2 
 665 63 5 4 
 41 320 2 2 
 665 63 5 4 
 26 326 2 1 
 665 63 5 4 
 26 326 2 1 
 665 63 5 4 
 57 913 2 2 
 26 326 2 1 
 665 63 5 4 
 67 915 1 2 
 26 326 2 1 
 665 63 5 4 
 21 339 1 2 
 665 63 5 4 
 69 270 1 2 
 665 63 5 4 
 68 675 2 3 
 26 326 2 1 
 615 1023 2 2 
 64 253 2 2 
 64 253 2 1 
 614 1021 4 6 
 28 483 2 2 
 69 269 1 2 
 616 1026 2 1 
 28 483 2 2 
 40 253 2 2 
 614 1023 4 4 
 69 687 2 2 
 613 1036 2 3 
 61 208 1 2 
 59 208 4 4 
 613 1023 5 7 
 33 679 2 1 
 612 1037 2 4 
 59 208 3 3 
 32 679 3 1 
 6 417 2 2 
 612 1038 2 4 
 59 208 3 3 
 58 206 2 5 
 1892 688 2 2 
 0 412 2 2 
 58 208 4 3 
 612 1029 2 4 
 1900 696 5 5 
 60 209 2 1 
 612 1029 2 4 
 1892 688 2 2 
 60 208 2 2 
 612 1029 2 4 
 1898 675 2 3 
 60 208 2 2 
 612 1031 2 2 
 1918 665 2 2 
 60 208 4 4 
 612 1031 2 2 
 1909 666 2 2 
 61 209 4 3 
 612 1031 2 2 
 1909 666 2 2 
 61 208 2 4 
 612 1031 2 2 
 61 208 1 2 
 608 1038 2 4 
 18 417 2 2 
 73 223 1 3 
 529 1067 2 2 
 1456 866 2 2 
 37 426 9 8 
 44 210 1 2 
 524 1068 2 2 
 1380 863 2 2 
 3 659 1 2 
 79 455 2 2 
 47 212 2 2 
 524 1068 2 2 
 1380 863 2 1 
 18 417 2 2 
 1918 630 2 5 
 44 218 2 1 
 524 1068 2 2 
 1370 865 4 3 
 1914 626 2 2 
 62 210 1 2 
 610 1031 2 2 
 1918 643 2 5 
 59 207 2 1 
 521 1073 3 2 
 1373 872 2 3 
 1917 645 3 3 
 59 206 3 5 
 609 1031 3 3 
 1914 626 2 2 
 605 1039 2 3 
 58 206 4 5 
 1916 630 4 5 
 58 207 3 4 
 612 1037 1 2 
 1917 630 3 3 
 58 209 3 2 
 612 1037 1 2 
 1917 630 3 2 
 58 209 2 2 
 608 1031 3 3 
 1917 630 3 2 
