 32 169 2 3 
 32 170 2 2 
 43 183 2 1 
 62 189 2 3 
 66 189 5 2 
 62 189 2 3 
 66 189 5 2 
 49 190 2 1 
 68 189 3 2 
 56 204 1 3 
 56 205 1 2 
 41 206 2 3 
 42 207 1 2 
 65 216 2 2 
 42 223 2 2 
 33 249 2 2 
 60 250 4 6 
 56 204 1 2 
 53 205 2 2 
 42 223 2 2 
 60 252 4 4 
 40 289 2 2 
 66 188 2 2 
 49 190 2 1 
 56 204 1 2 
 42 222 2 3 
 61 251 3 3 
 60 250 4 6 
 50 280 1 3 
 29 284 2 2 
 59 286 2 2 
 40 289 2 2 
 41 292 2 4 
 49 190 2 1 
 56 204 1 2 
 42 223 2 2 
 68 230 2 2 
 55 241 4 3 
 61 251 3 3 
 60 250 4 6 
 50 280 1 3 
 29 284 2 2 
 40 289 2 2 
 41 292 2 2 
 51 293 1 2 
 42 223 2 2 
 68 230 2 2 
 55 241 4 3 
 61 251 3 3 
 61 250 3 6 
 50 281 1 2 
 29 284 2 2 
 40 289 2 2 
 41 292 2 2 
 51 293 1 2 
 54 299 1 2 
 42 223 2 2 
 61 251 3 3 
 60 250 4 6 
 50 281 1 2 
 29 284 2 2 
 40 289 2 2 
 41 292 2 2 
 51 293 1 2 
 54 299 1 2 
 25 331 2 1 
 42 223 2 2 
 50 281 1 2 
 28 284 3 2 
 40 289 2 2 
 41 292 2 2 
 51 293 1 2 
 54 300 2 1 
 17 369 2 3 
 0 390 5 4 
 42 223 2 2 
 50 281 1 2 
 28 284 3 2 
 40 289 2 2 
 51 294 2 2 
 54 300 2 1 
 14 362 4 4 
 31 369 2 3 
 26 372 3 3 
 0 390 5 3 
 4 400 2 2 
 50 281 1 2 
 29 284 2 2 
 14 361 4 5 
 31 369 2 3 
 25 371 4 4 
 56 380 3 2 
 0 390 5 3 
 37 390 1 2 
 4 400 2 2 
 70 411 1 2 
 53 465 2 1 
 39 467 1 2 
 27 534 3 4 
 66 538 2 3 
 50 281 1 2 
 29 284 2 2 
 13 361 5 5 
 17 368 2 2 
 25 371 4 4 
 54 380 4 2 
 2 390 4 3 
 4 399 2 2 
 72 409 2 2 
 70 411 1 2 
 75 424 4 7 
 53 464 6 6 
 39 466 1 2 
 45 467 2 1 
 66 537 3 5 
 64 548 4 4 
 14 362 4 4 
 6 364 1 2 
 54 380 3 2 
 37 390 2 2 
 2 391 4 3 
 33 393 2 2 
 4 400 2 1 
 72 409 2 2 
 70 411 1 2 
 75 424 4 7 
 30 466 4 6 
 39 466 1 3 
 55 466 4 4 
 45 467 2 1 
 66 537 3 3 
 64 548 4 4 
 64 563 3 1 
 70 579 2 2 
 41 292 2 2 
 6 364 1 2 
 37 390 2 2 
 2 391 4 3 
 4 400 2 1 
 71 409 2 2 
 70 411 1 2 
 75 424 4 7 
 74 437 2 1 
 30 465 5 7 
 39 466 1 3 
 45 467 2 1 
 65 536 4 4 
 66 547 2 4 
 64 563 3 1 
 70 579 2 2 
 72 581 1 2 
 69 583 2 2 
 75 583 2 2 
 52 291 4 9 
 41 292 2 2 
 55 301 2 1 
 2 332 2 1 
 37 390 2 2 
 64 404 2 2 
 70 411 1 2 
 75 424 4 7 
 60 460 2 2 
 53 464 2 2 
 30 465 4 6 
 39 466 1 3 
 45 467 2 1 
 65 473 2 3 
 65 535 4 5 
 55 546 1 2 
 64 563 4 3 
 70 579 2 2 
 73 587 2 1 
 72 581 1 2 
 69 582 2 3 
 75 583 2 2 
 52 291 4 9 
 55 301 2 1 
 39 338 2 4 
 29 351 3 1 
 37 390 2 2 
 64 403 3 3 
 71 409 2 2 
 70 411 1 2 
 75 424 4 7 
 31 465 3 5 
 54 465 2 1 
 39 466 1 2 
 45 467 2 1 
 55 467 2 1 
 62 474 2 2 
 48 476 3 1 
 56 493 1 2 
 65 536 4 4 
 64 540 2 3 
 79 589 2 2 
 73 587 2 1 
 55 545 2 4 
 64 563 4 3 
 75 583 2 2 
 69 583 2 2 
 70 579 2 2 
 52 293 2 3 
 55 301 2 1 
 39 338 1 3 
 29 347 4 9 
 64 401 3 5 
 71 409 2 2 
 70 411 1 2 
 75 424 3 6 
 31 431 1 2 
 53 464 2 2 
 31 465 3 5 
 39 466 1 2 
 45 467 2 1 
 62 474 2 2 
 65 536 4 4 
 66 547 3 4 
 64 563 4 3 
 70 579 1 2 
 69 583 2 2 
 73 587 2 1 
 79 589 2 2 
 78 592 4 3 
 15 376 2 1 
 54 380 3 2 
 65 390 5 3 
 72 390 4 4 
 42 391 1 3 
 32 393 1 2 
 63 401 4 5 
 70 411 1 2 
 76 422 5 6 
 67 426 1 2 
 31 431 1 2 
 74 439 2 1 
 54 440 2 2 
 31 465 3 3 
 80 598 4 5 
 80 598 3 3 
 39 466 1 2 
 78 592 4 4 
 45 467 2 1 
 79 589 2 2 
 73 587 2 1 
 65 538 3 2 
 64 540 2 2 
 64 548 4 4 
 69 583 2 2 
 70 579 1 2 
 64 563 5 5 
 82 604 1 2 
 81 598 3 5 
 78 592 4 4 
 79 589 2 2 
 73 587 2 1 
 69 583 2 2 
 31 465 2 2 
 70 579 1 2 
 64 563 5 5 
 45 467 2 1 
 65 538 2 2 
 64 548 4 4 
 64 540 2 3 
 78 618 2 1 
 64 563 4 3 
 82 598 2 5 
 79 593 3 3 
 70 579 1 2 
 79 589 2 2 
 69 583 2 2 
 64 563 4 3 
 88 628 2 2 
 79 593 3 3 
 82 598 2 8 
 78 614 2 1 
 65 564 2 1 
 82 598 2 8 
 78 614 2 1 
 71 636 2 8 
 72 639 1 5 
 81 598 3 8 
 85 623 1 2 
 78 614 2 1 
 81 598 3 8 
 71 641 2 3 
 83 601 1 3 
 80 603 2 1 
 79 605 5 8 
 78 621 2 1 
 76 642 1 2 
 68 641 4 5 
 64 555 3 3 
 80 606 5 9 
 75 645 3 7 
 39 645 2 2 
 70 643 2 3 
 77 621 3 2 
 84 629 1 2 
 75 653 2 5 
 75 651 2 1 
 75 659 2 3 
 74 654 2 2 
 43 181 2 1 
 81 611 2 2 
 32 168 2 3 
 67 543 2 2 
 32 168 2 3 
 62 554 6 6 
 812 902 5 2 
 32 168 2 3 
 64 556 3 3 
 32 168 2 3 
 63 556 4 4 
 32 168 2 2 
 78 436 2 3 
 34 233 2 2 
 64 460 4 5 
 88 958 4 3 
 88 958 4 3 
 88 957 4 4 
 88 957 4 4 
 88 957 4 4 
 444 1072 5 3 
 90 958 2 3 
 87 954 2 2 
 474 1062 1 2 
 442 1068 5 6 
 442 1067 5 7 
 471 1061 4 4 
 898 915 3 4 
 441 1068 4 6 
 440 1069 4 5 
 440 1071 3 3 
 656 62 2 3 
 441 1070 2 2 
 656 62 2 3 
 656 62 2 3 
 466 1061 9 8 
 440 1072 2 3 
 656 62 2 3 
 656 62 2 3 
 898 914 2 3 
 656 62 2 3 
 468 1062 6 7 
 656 62 2 2 
 656 62 2 2 
 465 1052 1 2 
 465 1052 1 2 
 656 62 2 2 
 465 1052 1 2 
 23 318 2 2 
 23 318 2 2 
 487 668 1 2 
 23 318 2 2 
 59 581 2 1 
 23 318 2 2 
 7 329 1 2 
 73 596 1 2 
 59 299 2 2 
 53 310 2 2 
 57 389 2 2 
 41 395 2 2 
 41 395 2 2 
 474 1058 2 2 
 955 469 3 7 
 955 469 3 7 
 474 1058 2 2 
 955 469 3 7 
 472 1062 3 3 
 472 1062 3 3 
 955 469 3 5 
 650 63 4 4 
 955 469 3 5 
 955 469 3 5 
 956 469 2 4 
 41 395 2 2 
 41 395 2 2 
 61 873 2 2 
 41 395 2 2 
 41 395 2 2 
 1153 89 6 6 
 1138 86 2 1 
 659 81 2 1 
 659 81 2 1 
 659 81 2 1 
 657 83 2 1 
 657 83 2 1 
 2 332 2 1 
 657 83 2 1 
 12 370 5 3 
 657 83 2 1 
 21 308 2 1 
 657 83 2 1 
 441 1069 4 4 
 471 1062 4 4 
 472 1062 5 3 
 442 1068 5 4 
 443 1069 5 3 
 444 1069 4 2 
