 1006 1028 3 4 
 1006 1029 3 3 
 1025 1045 4 2 
 1023 1053 2 2 
 1006 1029 3 2 
 1025 1045 3 2 
 1026 1046 3 2 
 1021 1044 6 4 
 1025 1051 1 3 
 1022 1043 3 3 
 1021 1043 8 5 
 1022 1052 2 2 
 1024 1051 2 3 
 993 1045 2 2 
 1033 1056 2 2 
 1022 1051 5 3 
 1026 1045 3 3 
 1021 1044 8 4 
 1026 1059 1 2 
 1034 1078 5 2 
 1042 1068 6 4 
 1030 1067 4 7 
 1035 1064 3 3 
 1041 1063 3 3 
 1038 1063 2 2 
 1034 1078 5 2 
 1043 1069 5 3 
 1031 1068 3 6 
 1041 1064 3 1 
 1035 1064 4 3 
 1034 1079 2 1 
 1031 1072 2 2 
 1044 1068 3 4 
 1036 1066 3 1 
 332 873 3 3 
 369 881 4 2 
 1037 1064 2 1 
 1037 1064 2 1 
 851 887 2 2 
 851 886 2 3 
 852 887 2 2 
 852 887 2 2 
 852 887 2 2 
 1021 1044 2 3 
 1021 1044 2 3 
 728 866 14 6 
 1039 1069 2 2 
 1039 1069 6 3 
 1039 1069 6 3 
 1007 1023 4 2 
 1007 1022 4 4 
 1007 1022 4 4 
 920 862 4 2 
 1040 1068 6 3 
 935 861 10 5 
 1040 1068 6 4 
 964 863 28 8 
 1036 1069 1 2 
 992 866 28 8 
 1037 1078 2 2 
 1037 1078 2 1 
 1050 870 21 6 
 1075 873 13 3 
 1035 1078 4 2 
 1035 1078 4 2 
 1035 1078 4 2 
 907 1041 2 2 
 1035 1078 3 2 
 907 1041 2 2 
 1233 871 7 5 
 1034 1076 1 2 
 1127 1076 2 2 
 874 1026 3 2 
 874 1026 3 2 
 873 1026 4 3 
 873 1026 4 3 
 873 1025 3 3 
 873 1025 3 4 
 1404 876 6 4 
 873 1025 3 3 
 873 1025 4 4 
 1481 884 2 2 
 534 36 1 2 
 823 1066 3 5 
 534 36 1 2 
 802 1064 2 1 
 523 51 2 1 
 808 1053 3 4 
 523 51 2 1 
 1085 1057 5 4 
 523 51 2 1 
 1085 1057 5 4 
 523 51 2 1 
 1085 1057 7 4 
 523 51 2 1 
 873 1028 3 1 
 523 51 2 1 
 1090 1060 2 1 
 873 1025 2 2 
 873 1025 2 2 
 956 1028 2 2 
 1086 1062 1 3 
 963 1026 1 2 
 963 1026 1 2 
 963 1026 1 2 
 873 1025 2 2 
 873 1025 2 2 
