 53 207 2 2 
 40 221 3 2 
 22 262 2 2 
 84 615 1 3 
 68 188 2 3 
 62 232 2 1 
 25 294 2 2 
 5 389 1 2 
 66 189 3 2 
 59 284 2 2 
 67 579 2 1 
 66 195 2 1 
 62 280 2 1 
 62 280 2 1 
 23 362 2 1 
 15 374 2 2 
 0 376 2 3 
 0 377 2 2 
 60 685 2 2 
 60 685 2 2 
 761 799 3 6 
 70 737 1 2 
 761 799 3 6 
 70 737 1 2 
 70 737 1 2 
 754 797 3 8 
 754 797 3 8 
 68 579 3 3 
 753 797 3 7 
 74 610 3 3 
 58 219 2 1 
 97 977 2 2 
 58 219 2 1 
 96 984 2 3 
 45 234 2 2 
 75 644 1 2 
 58 219 2 1 
 74 644 2 2 
 74 645 2 1 
 74 645 2 2 
 59 284 1 2 
 654 63 3 2 
 654 63 3 2 
 654 63 3 2 
 72 433 2 3 
 654 63 3 2 
 654 63 3 2 
 654 63 3 2 
 654 63 3 2 
 654 63 3 2 
 67 639 2 3 
 75 629 2 2 
 70 633 1 2 
 70 636 2 3 
 41 719 1 2 
 41 719 1 2 
 659 70 4 3 
 84 720 2 2 
 659 70 4 3 
 84 720 2 2 
