 993 1016 3 3 
 1025 1057 2 2 
 982 1023 4 3 
 943 1014 10 7 
 950 1015 3 3 
 947 1014 7 7 
 950 1015 3 3 
 949 1016 3 4 
 947 1014 9 8 
 946 1016 1 2 
 948 1017 3 3 
 951 1017 3 3 
 948 1016 7 5 
 992 1020 4 6 
 1008 1022 3 3 
 1006 1022 6 3 
 997 1021 1 2 
 1007 1023 2 3 
 1093 1054 2 3 
 997 1021 2 2 
 1092 1054 3 3 
 1095 1056 1 2 
 1035 1060 2 1 
 1092 1054 3 3 
 1095 1056 1 2 
 1079 1061 2 2 
 1036 1064 4 3 
 1081 1069 2 3 
 1081 1071 2 1 
 1033 1070 1 2 
 1129 1075 2 1 
 1034 1059 3 3 
 1131 1078 2 2 
 1006 1018 4 4 
 1004 1017 6 4 
 1004 1017 3 2 
 1002 1017 2 4 
 1095 1055 2 3 
 1078 1063 2 1 
 1000 1016 1 2 
 992 1014 11 11 
 1125 1070 5 5 
 1127 1070 3 4 
 992 1013 5 3 
 992 1013 5 3 
 991 1013 5 7 
 991 1016 3 3 
 990 1015 3 3 
 823 1026 1 2 
 824 1048 1 3 
 504 44 3 2 
 1092 1057 3 2 
 504 44 3 2 
 984 1041 2 1 
 504 44 3 2 
 1031 1058 1 2 
 504 44 3 2 
 1033 1061 3 3 
 504 44 3 2 
 1012 1044 1 2 
 504 44 3 2 
 1137 1073 2 1 
 504 44 3 2 
 1136 1075 2 2 
 1136 1075 3 2 
 995 1020 3 4 
 1140 1077 2 1 
 1140 1077 2 1 
 993 1014 12 10 
 995 1020 3 4 
 996 1016 4 3 
 993 1012 10 9 
 993 1012 10 9 
 993 1012 10 9 
 1126 1069 4 4 
 996 1018 3 3 
 1004 1016 3 3 
 1004 1017 1 2 
 998 1019 1 2 
 1006 1019 4 3 
 1007 1021 3 3 
 1137 1076 2 1 
 522 35 2 2 
 522 35 2 2 
 738 1077 1 2 
 522 35 2 2 
 1137 1076 2 1 
 522 35 2 2 
 1137 1076 2 1 
 522 35 2 2 
 1137 1076 2 1 
 522 35 2 2 
 782 1077 2 2 
 522 35 2 2 
 782 1078 2 2 
 522 35 2 2 
 721 1075 4 5 
 761 1075 3 3 
 1035 1060 3 4 
 726 1067 2 3 
 726 1067 2 3 
 726 1067 2 3 
 725 1067 3 3 
 725 1067 3 3 
 725 1067 3 3 
 1015 1039 2 3 
 745 1078 2 2 
 1017 1039 2 3 
 717 1068 3 2 
 717 1068 2 2 
 1008 1031 3 2 
 991 1023 1 2 
 991 1023 3 3 
 991 1023 3 3 
 528 43 2 1 
 715 1074 2 2 
 528 43 2 1 
 1122 1076 2 2 
 528 43 2 1 
 1122 1076 2 2 
 528 43 2 1 
 1108 1070 3 3 
 528 43 2 1 
 744 1073 1 2 
 528 43 2 1 
 993 1019 3 4 
 528 43 2 1 
 994 1019 2 3 
 528 43 2 1 
 994 1019 2 3 
