 996 1020 2 3 
 1036 1059 4 2 
 1018 1034 2 2 
 1016 1040 2 2 
 1012 1045 5 3 
 991 1018 6 6 
 992 1019 3 3 
 990 1017 5 9 
 992 1019 3 3 
 990 1021 3 3 
 990 1017 5 9 
 992 1019 3 3 
 990 1017 5 9 
 963 1026 3 2 
 990 1017 5 9 
 963 1026 3 2 
 990 1034 3 2 
 991 1019 3 3 
 990 1017 5 9 
 963 1026 3 2 
 990 1034 2 2 
 1012 1045 5 3 
 990 1017 6 9 
 990 1034 2 2 
 1014 1045 3 2 
 1019 1055 2 3 
 1033 1059 2 2 
 1031 1063 2 2 
 1037 1067 2 2 
 1032 1065 3 2 
 1032 1065 3 2 
 1040 1066 2 3 
 1032 1065 3 2 
 1033 1065 2 1 
 998 1024 3 2 
 998 1024 3 1 
 998 1024 2 1 
 999 1020 2 1 
 999 1019 2 2 
 999 1019 2 2 
 999 1019 2 2 
 958 1024 1 3 
 1042 1067 2 2 
 494 34 3 3 
 494 34 3 3 
 494 34 3 3 
 494 34 3 3 
 494 34 3 3 
 494 34 3 3 
 494 34 3 3 
 494 34 3 3 
 519 36 5 4 
 519 36 5 4 
 519 36 5 4 
 1041 1062 2 2 
 519 36 5 4 
 1041 1062 2 2 
 519 36 5 4 
 1037 1066 3 2 
 519 36 5 4 
 1041 1062 2 2 
 519 36 5 4 
 519 36 5 4 
 999 1019 2 2 
 1016 1040 2 2 
 1013 1040 2 1 
 1043 1068 2 3 
