 81 642 1 2 
 75 646 4 3 
 82 652 5 6 
 75 657 1 2 
 79 658 2 2 
 86 678 2 4 
 88 681 3 3 
 92 685 2 3 
 78 689 1 3 
 44 705 4 4 
 46 716 3 1 
 84 716 3 5 
 62 718 3 1 
 66 719 1 2 
 56 720 2 3 
 63 720 2 1 
 73 721 2 2 
 42 722 2 4 
 56 725 1 3 
 86 725 1 2 
 67 727 4 6 
 44 729 2 4 
 62 729 3 3 
 51 730 1 2 
 47 734 3 3 
 83 735 1 2 
 74 736 1 2 
 81 642 1 2 
 76 646 3 3 
 82 653 4 6 
 75 657 1 2 
 66 686 3 2 
 92 686 2 2 
 93 688 2 2 
 78 690 1 2 
 45 708 3 3 
 44 706 5 5 
 53 713 1 2 
 83 713 1 2 
 47 716 3 3 
 84 716 2 4 
 66 719 1 2 
 77 719 2 3 
 63 720 2 1 
 56 721 2 1 
 41 722 3 4 
 72 722 3 1 
 86 722 1 2 
 56 725 1 2 
 68 728 3 6 
 44 729 2 4 
 62 729 3 3 
 48 730 5 6 
 64 733 2 1 
 83 734 3 4 
 57 739 3 1 
 81 642 1 2 
 77 646 2 3 
 82 654 3 2 
 80 657 2 2 
 67 686 2 3 
 93 688 2 2 
 45 708 3 3 
 44 706 5 6 
 52 713 2 2 
 82 714 2 1 
 47 716 3 3 
 84 716 2 4 
 63 719 4 3 
 56 721 2 1 
 72 722 3 1 
 85 722 2 1 
 41 724 3 2 
 56 725 1 2 
 67 727 4 7 
 44 729 2 4 
 48 730 5 6 
 62 730 2 2 
 64 733 2 1 
 83 735 3 3 
 59 738 1 4 
 76 744 1 2 
 77 646 2 2 
 79 654 4 6 
 74 657 2 2 
 84 659 2 2 
 74 683 1 2 
 67 686 2 3 
 78 691 2 4 
 45 708 3 3 
 45 707 4 5 
 52 713 2 2 
 82 714 2 1 
 48 716 2 2 
 83 716 3 4 
 63 720 4 2 
 72 722 2 1 
 85 722 2 1 
 41 724 2 2 
 56 725 1 2 
 67 727 4 7 
 45 729 1 2 
 62 730 2 2 
 48 731 5 5 
 64 733 2 1 
 83 735 1 2 
 59 738 2 3 
 76 744 1 2 
 70 746 4 3 
 77 646 2 2 
 79 655 4 5 
 74 656 2 3 
 77 673 2 2 
 74 683 2 3 
 76 686 1 2 
 67 687 2 2 
 78 691 2 4 
 45 708 3 3 
 45 707 4 5 
 52 713 2 2 
 48 716 1 3 
 83 716 2 4 
 63 720 3 2 
 72 722 2 1 
 62 730 2 2 
 48 731 3 5 
 68 731 3 3 
 83 735 1 2 
 59 738 2 2 
 63 746 4 5 
 72 747 2 2 
 84 716 1 4 
 62 730 2 2 
 17 783 1 2 
 77 641 2 2 
 79 653 4 7 
 73 656 4 4 
 84 659 1 2 
 65 668 2 2 
 77 673 2 2 
 74 683 3 5 
 67 687 2 2 
 78 691 2 4 
 46 708 2 3 
 52 713 2 2 
 84 716 1 5 
 48 717 1 2 
 63 720 2 1 
 72 722 2 1 
 42 724 2 2 
 62 730 2 2 
 68 731 3 3 
 49 733 3 3 
 57 735 2 2 
 63 746 4 3 
 72 747 1 2 
 65 750 2 1 
 61 774 4 4 
 63 776 4 3 
 65 777 3 3 
 64 778 3 3 
 57 773 15 16 
 77 641 2 2 
 82 653 3 3 
 82 653 3 3 
 74 657 3 3 
 79 657 3 3 
 84 657 2 1 
 84 659 2 2 
 65 668 2 2 
 77 673 2 2 
 74 684 1 2 
 67 687 2 2 
 78 692 2 3 
 52 713 2 2 
 84 716 1 3 
 48 717 1 2 
 42 724 2 2 
 62 730 1 2 
 68 731 3 3 
 49 733 3 3 
 57 735 2 2 
 52 737 1 2 
 63 747 2 2 
 78 747 1 2 
 52 750 1 2 
 65 750 2 1 
 62 774 3 4 
 63 776 4 3 
 65 777 3 3 
 67 777 3 3 
 66 782 3 3 
 57 773 15 16 
 67 621 2 1 
 77 641 3 3 
 82 653 3 3 
 82 653 3 3 
 84 656 2 5 
 74 657 2 3 
 65 667 2 3 
 74 684 1 2 
 78 692 2 3 
 52 713 2 2 
 84 717 1 2 
 68 732 3 2 
 49 733 3 3 
 52 737 1 2 
 63 747 1 2 
 52 749 2 3 
 65 750 2 2 
 64 776 3 3 
 64 778 3 3 
 57 773 15 16 
 17 783 1 2 
 67 621 2 2 
 68 624 2 1 
 77 641 3 3 
 82 653 3 3 
 82 653 3 3 
 84 656 2 2 
 75 658 1 2 
 65 668 2 2 
 78 692 2 3 
 48 711 1 2 
 84 717 1 2 
 68 732 3 2 
 49 733 4 5 
 58 738 2 2 
 65 750 2 2 
 63 772 3 3 
 64 776 3 3 
 67 779 3 3 
 67 782 3 3 
 68 783 3 3 
 57 775 16 15 
 17 783 1 2 
 55 785 4 4 
 67 621 2 2 
 77 641 3 3 
 82 654 3 2 
 74 657 2 3 
 85 657 1 3 
 78 692 1 2 
 47 710 3 3 
 41 721 2 2 
 43 724 1 2 
 50 731 2 2 
 51 735 2 3 
 58 738 2 2 
 65 750 2 2 
 50 759 1 3 
 55 768 1 3 
 63 772 3 3 
 64 776 3 3 
 67 782 4 4 
 57 775 15 14 
 17 783 1 2 
 57 788 2 1 
 60 789 3 3 
 60 789 4 5 
 67 621 2 2 
 75 658 1 2 
 84 659 2 2 
 78 692 1 2 
 48 711 1 2 
 41 721 2 2 
 43 724 1 2 
 50 731 1 2 
 40 732 3 3 
 51 735 2 3 
 58 738 2 2 
 62 747 3 3 
 46 758 2 2 
 50 758 1 4 
 55 768 2 4 
 63 772 3 3 
 64 776 3 3 
 60 777 3 3 
 67 782 4 4 
 57 775 16 14 
 17 783 1 2 
 55 785 2 1 
 57 788 2 1 
 60 789 4 4 
 73 790 3 3 
 84 659 2 2 
 46 710 3 2 
 50 731 3 3 
 40 732 3 3 
 51 735 2 3 
 58 738 2 2 
 51 747 2 2 
 62 747 2 1 
 46 758 2 2 
 50 759 1 2 
 60 763 1 2 
 55 767 2 5 
 63 772 3 3 
 64 776 3 3 
 65 777 3 3 
 64 778 3 3 
 58 775 15 15 
 67 785 3 4 
 60 789 3 3 
 73 790 4 5 
 69 794 3 5 
 50 731 2 3 
 40 732 3 3 
 51 735 1 2 
 51 747 3 2 
 46 758 2 2 
 60 763 1 2 
 48 764 1 2 
 55 767 2 5 
 63 772 3 2 
 58 776 3 2 
 65 777 3 3 
 64 778 3 3 
 63 777 5 5 
 68 778 3 5 
 70 783 2 2 
 61 790 2 1 
 74 790 3 5 
 69 796 3 3 
 46 758 2 2 
 65 881 1 2 
 29 888 1 2 
 52 916 2 2 
 57 913 3 2 
 54 894 2 1 
 51 766 2 1 
 23 891 1 2 
 51 913 4 6 
 62 902 1 2 
 51 913 4 5 
 46 920 2 1 
 63 917 3 2 
 45 916 3 3 
 42 914 2 2 
 45 916 2 2 
 52 914 3 3 
 42 914 3 2 
 85 656 1 4 
 1576 1064 6 3 
 67 624 2 1 
 1576 1064 6 3 
 1640 844 3 2 
 67 624 2 2 
 1576 1064 5 3 
 753 847 2 2 
 67 624 2 3 
 1578 1074 4 3 
 789 849 2 1 
 67 624 2 3 
 1578 1074 4 3 
 754 836 2 1 
 1639 1074 2 1 
 67 624 2 3 
 754 836 2 1 
 1578 1074 4 2 
 67 624 2 3 
 754 835 4 2 
 1578 1074 4 2 
 67 624 2 3 
 753 835 4 2 
 67 624 2 3 
 1640 1072 2 1 
 1601 830 2 1 
 31 485 2 3 
 72 714 1 2 
 1535 1067 3 2 
 31 485 2 3 
 72 715 1 2 
 1558 1065 4 1 
 37 478 2 2 
 72 715 1 2 
 1558 1065 4 1 
 37 478 2 2 
 64 749 1 2 
 1558 1064 4 2 
 36 478 3 2 
 0 815 2 3 
 1532 1021 3 3 
 36 478 3 4 
 77 693 2 2 
 1496 1052 3 2 
 36 477 4 3 
 0 815 2 3 
 659 70 2 2 
 1433 1013 3 3 
 36 477 4 3 
 659 70 2 2 
 1541 1019 2 2 
 36 477 4 3 
 64 749 2 2 
 659 70 2 2 
 36 477 4 3 
 738 1017 2 1 
 77 746 1 2 
 659 70 2 2 
 36 477 3 3 
 738 1017 2 1 
 77 746 1 2 
 659 70 2 2 
 1540 1019 2 1 
 36 479 2 1 
 77 746 1 2 
 659 70 2 2 
 1532 1024 2 2 
 21 445 1 2 
 61 683 1 2 
 659 70 2 2 
 20 445 2 2 
 750 1014 1 2 
 61 683 1 2 
 659 70 2 2 
 20 445 3 2 
 61 683 1 2 
 715 1013 2 2 
 20 445 3 2 
 1541 1024 2 2 
 61 683 1 2 
 32 396 2 2 
 1919 611 1 3 
 1541 1025 2 2 
 32 396 2 2 
 1919 611 1 4 
 1531 1027 1 2 
 1587 825 3 3 
 32 396 2 2 
 1919 611 1 4 
 737 1030 2 2 
 1586 824 3 3 
 32 396 2 2 
 1500 1064 2 3 
 1919 611 1 4 
 1586 824 3 3 
 32 396 2 2 
 737 1030 2 2 
 1919 611 1 4 
 1586 824 3 3 
 32 396 2 2 
 1494 1056 2 2 
 1915 597 2 1 
 70 806 2 2 
 32 396 2 2 
 1494 1056 2 2 
 60 787 2 2 
 19 678 2 3 
 1494 1061 8 4 
 1511 1060 3 2 
 19 679 2 2 
 19 678 2 3 
 1496 1060 6 3 
 1512 1059 2 2 
 33 482 2 1 
 60 757 2 1 
 33 481 2 3 
 1511 1059 3 3 
 60 757 2 1 
 1498 1060 2 1 
 33 481 2 3 
 70 809 2 2 
 1500 1067 3 3 
 21 443 1 2 
 48 776 2 2 
 1500 1067 3 3 
 21 443 1 2 
 49 776 1 2 
 1499 1068 3 3 
 20 442 2 2 
 46 726 1 2 
 1498 1068 4 4 
 653 75 2 3 
 20 442 2 2 
 46 726 1 2 
 1499 1063 1 2 
 20 442 3 2 
 672 804 1 2 
 1498 1069 4 5 
 20 442 3 2 
 672 804 1 2 
 1498 1071 4 4 
 20 443 3 1 
 65 752 2 1 
 21 443 2 1 
 1494 1065 5 5 
 65 752 2 1 
 21 443 2 1 
 1495 1066 4 4 
 472 785 3 4 
 39 464 2 2 
 1496 1066 3 4 
 79 700 1 2 
 1511 1066 1 2 
 52 550 2 2 
 472 786 3 3 
 1499 1063 1 2 
 70 752 2 2 
 27 644 2 2 
 734 1019 3 3 
 27 644 2 2 
 734 1019 3 3 
 28 644 1 2 
 634 1029 2 3 
 67 186 3 3 
 28 644 1 2 
 683 1009 2 3 
 67 186 3 3 
 28 644 1 2 
 683 1009 2 3 
 67 186 3 3 
 1704 1018 2 2 
 28 644 1 2 
 66 185 6 4 
 1584 1022 4 3 
 28 644 1 2 
