 992 1028 2 3 
 1016 1041 2 2 
 1002 1057 2 2 
 1030 1064 3 3 
 1016 1041 3 4 
 1017 1051 2 1 
 996 1022 3 3 
 996 1021 3 4 
 963 1024 2 2 
 994 1028 2 2 
 1016 1043 3 2 
 996 1021 3 4 
 994 1028 2 2 
 1035 1064 8 9 
 1020 1049 2 2 
 1034 1069 4 3 
 1031 1079 2 1 
 1016 1050 2 1 
 1035 1068 6 4 
 1034 1069 4 3 
 1041 1066 1 2 
 1040 1066 1 2 
 1040 1066 1 2 
 1040 1066 1 2 
 1040 1066 1 2 
 1040 1066 1 2 
 825 1049 2 2 
 825 1049 2 2 
 827 1045 2 2 
 795 1065 2 3 
 1039 1064 4 2 
 826 1050 1 2 
 826 1050 1 2 
 967 1028 2 3 
 830 1035 3 2 
 831 1035 2 1 
 834 1023 2 1 
 834 1023 2 1 
 505 44 2 2 
 1135 1075 2 1 
 505 44 2 2 
 1135 1075 2 1 
 505 43 2 3 
 1069 1074 1 2 
 505 43 2 3 
 1083 1065 3 2 
 505 43 2 3 
 1083 1065 3 2 
 505 43 2 3 
 999 1028 2 2 
 505 43 2 3 
 999 1028 2 2 
 505 43 2 3 
 999 1028 2 2 
 999 1028 2 2 
 995 1029 2 1 
 997 1025 2 1 
 997 1025 2 1 
 997 1025 2 1 
 997 1025 2 1 
 997 1025 2 1 
 1035 1069 2 2 
 522 36 1 2 
 522 36 1 2 
 522 36 1 2 
 522 36 1 2 
 1033 1069 1 2 
 522 36 1 2 
 1035 1070 2 2 
 522 36 1 2 
 522 36 1 2 
 522 36 1 2 
 1038 1069 1 2 
