 65 232 3 2 
 65 232 2 2 
 66 235 2 1 
 54 236 2 2 
 59 281 2 1 
 55 241 1 2 
 54 236 2 2 
 23 306 2 2 
 20 300 2 2 
 58 215 1 2 
 59 281 2 1 
 52 224 2 3 
 44 278 2 1 
 62 229 1 2 
 26 349 2 2 
 5 330 1 2 
 16 318 4 4 
 63 188 2 2 
 20 300 2 2 
 34 289 1 2 
 58 280 4 2 
 36 280 2 1 
 44 278 2 1 
 58 214 1 3 
 61 276 2 1 
 50 216 2 1 
 35 276 2 1 
 40 220 2 2 
 33 263 3 2 
 42 260 2 2 
 52 224 2 3 
 58 255 3 2 
 56 227 2 1 
 52 241 1 2 
 62 229 3 2 
 48 239 4 2 
 27 356 2 3 
 22 356 3 5 
 26 349 2 2 
 21 330 3 2 
 3 330 3 2 
 16 321 2 1 
 20 300 2 2 
 34 289 1 2 
 34 275 3 2 
 58 280 4 2 
 36 280 2 1 
 44 278 4 1 
 61 276 5 2 
 27 364 2 1 
 12 390 2 2 
 0 390 1 3 
 14 362 3 2 
 25 356 3 3 
 54 199 2 2 
 54 199 2 2 
 54 199 2 2 
 54 199 2 1 
 54 199 2 1 
 54 199 2 1 
 91 966 1 2 
 90 966 5 2 
 55 380 2 2 
 52 535 3 2 
 90 966 3 2 
 55 380 2 2 
 91 965 2 3 
 55 380 2 2 
 55 380 2 2 
 55 380 2 2 
 58 215 1 2 
 92 965 1 2 
 58 215 1 2 
 58 215 1 2 
 75 865 5 6 
 33 290 2 1 
 79 867 5 6 
 13 371 1 2 
 58 216 2 1 
 84 869 5 5 
 0 392 2 1 
 91 870 6 7 
 96 873 6 5 
 101 874 5 5 
 106 875 4 5 
 110 876 5 5 
 123 877 4 5 
 131 878 3 4 
 142 879 4 6 
 144 881 5 5 
 658 62 2 2 
 146 883 7 5 
 658 62 2 2 
 150 885 5 5 
 658 62 2 2 
 153 887 3 4 
 658 62 2 2 
 153 889 4 4 
 66 668 2 2 
 658 62 2 2 
 66 668 2 2 
 658 62 2 2 
 45 711 2 2 
 658 62 2 2 
 154 894 4 5 
 66 668 2 2 
 658 62 2 2 
 153 897 4 4 
 66 668 2 2 
 151 900 7 4 
 66 668 2 2 
 70 595 1 2 
 151 902 4 4 
 79 656 2 2 
 150 904 3 3 
 57 588 2 1 
 147 905 4 3 
 56 587 2 2 
 56 587 3 2 
 142 905 4 4 
 56 587 3 2 
 56 587 3 2 
 65 717 2 2 
 56 587 3 2 
 57 781 2 2 
 39 781 2 3 
 71 728 2 2 
 71 728 2 2 
 71 728 2 2 
 71 728 2 2 
 39 781 2 3 
 648 63 3 3 
 39 781 2 3 
 648 63 3 3 
 648 63 3 3 
 648 63 3 3 
 648 63 3 3 
 648 63 3 3 
 648 63 3 3 
 648 63 3 3 
