 828 1025 3 3 
 967 1049 4 3 
 877 1054 2 1 
 800 1061 2 3 
 818 1072 1 2 
 850 1032 2 2 
 831 1037 3 2 
 830 1042 3 2 
 843 1011 2 2 
 827 1025 2 3 
 827 1025 2 2 
 830 1043 2 1 
 827 1048 2 2 
 827 1051 1 3 
 830 1056 1 2 
 530 47 3 2 
 797 1070 2 2 
 1064 1077 2 3 
 1117 1063 2 2 
 1119 1057 2 2 
 1119 1057 2 2 
 1117 1063 3 3 
 1140 1072 1 2 
 1116 1057 3 3 
 1116 1057 2 3 
 1116 1057 2 3 
 1116 1057 2 4 
 1116 1057 2 3 
 1115 1057 3 4 
 1115 1057 3 3 
 1115 1057 3 3 
 1006 1030 2 2 
 1021 1045 2 1 
 533 42 3 2 
 1111 1076 3 2 
 533 42 3 2 
 1111 1076 2 1 
 533 42 3 2 
 1111 1076 2 1 
 533 42 3 2 
 1111 1076 2 1 
 533 42 3 2 
 1063 1076 2 4 
 533 42 3 2 
 1063 1076 2 4 
 533 42 3 2 
 1095 1077 2 3 
 533 42 3 2 
 1102 1069 3 3 
 1102 1069 3 3 
 1102 1069 3 3 
 1102 1069 3 2 
 1068 1068 2 1 
 1068 1068 2 1 
 1068 1068 2 1 
 1068 1068 2 1 
 1068 1068 2 1 
 1063 1070 2 2 
 1063 1070 2 2 
 1077 1070 2 1 
 1077 1070 2 1 
 1077 1070 2 1 
 1077 1070 2 1 
 1077 1070 2 1 
 1077 1070 2 1 
 1077 1070 2 1 
 527 57 2 2 
 527 57 2 2 
 527 57 2 2 
 527 57 2 2 
 527 57 2 2 
 524 34 3 3 
