 1050 932 9 15 
 1052 943 4 4 
 1052 949 4 5 
 1053 953 2 2 
 1049 957 7 9 
 1048 959 8 15 
 1045 965 12 18 
 1045 973 10 15 
 1044 983 9 14 
 1044 999 6 7 
 1044 1003 5 14 
 1041 1009 11 16 
 1041 1027 3 3 
 1041 1018 9 12 
 1041 1030 9 10 
 1042 1038 4 10 
 1040 1072 6 5 
 1041 1072 3 4 
 1110 1067 2 3 
 1109 1067 3 5 
 1084 1066 2 1 
 1084 1066 2 1 
 1084 1066 2 1 
 1143 1066 6 4 
 1143 1066 6 4 
 1147 1066 2 3 
 1147 1066 2 3 
 1444 430 3 3 
 524 37 3 3 
 1452 434 4 3 
 524 37 3 3 
 1450 435 2 2 
 524 37 3 3 
 1443 427 17 12 
 524 37 3 3 
 1455 432 1 2 
 524 37 3 3 
 1455 432 1 2 
 524 37 3 3 
 1455 432 1 2 
 524 37 3 3 
 1455 432 1 2 
 524 37 3 3 
 728 1076 2 2 
 1445 433 13 6 
 728 1076 2 2 
 1449 431 3 3 
 1446 428 3 2 
 728 1076 2 2 
 1446 428 2 2 
 760 1076 2 2 
 830 1051 2 1 
 830 1051 2 1 
 830 1051 2 1 
 830 1051 2 1 
 830 1051 2 1 
 743 1077 2 3 
 759 1077 2 3 
 759 1077 2 3 
 751 1072 2 2 
 751 1072 2 2 
 751 1072 2 2 
 790 1078 2 2 
 820 1054 2 1 
 528 42 2 2 
 528 42 2 2 
 528 42 2 2 
 528 42 2 2 
 523 50 2 2 
 523 50 2 2 
 523 50 2 2 
 523 50 2 2 
