 1246 1043 9 5 
 1259 1016 20 5 
 1305 1007 10 12 
 1257 1021 2 1 
 1243 1039 2 2 
 1250 1021 1 2 
 1304 1001 1 2 
 1274 1008 2 1 
 1280 1011 3 2 
 1283 1010 2 3 
 1278 1011 5 2 
 1306 1012 2 2 
 1278 1016 4 1 
 1305 1012 3 2 
 1274 1008 1 2 
 1289 1011 2 1 
 1284 1011 1 2 
 1278 1011 5 3 
 1274 1008 1 2 
 1280 1011 3 2 
 1268 1017 5 1 
 1284 1011 1 2 
 1275 1016 2 1 
 1289 1011 2 1 
 1283 1015 3 1 
 1305 1012 3 2 
 1259 1019 2 1 
 1262 1018 2 1 
 1269 1017 2 1 
 1266 1017 2 1 
 1279 1015 3 1 
 1272 1015 6 2 
 1278 1011 5 2 
 1289 1011 2 1 
 1284 1011 1 2 
 1242 1042 2 1 
 1254 1020 2 1 
 1275 1015 3 1 
 1247 1045 7 4 
 1244 1044 2 2 
 1251 1048 1 2 
 1254 1017 4 3 
 1243 1044 10 6 
 1474 832 3 3 
 1245 1045 8 5 
 1484 825 1 2 
 1246 1046 2 1 
 1481 825 4 3 
 1256 327 2 2 
 1282 1013 2 1 
 404 16 4 2 
 1259 1015 3 2 
 403 16 5 3 
 1259 1015 3 2 
 404 16 4 3 
 1308 1017 4 3 
 1300 1017 2 1 
 1178 649 5 5 
 1274 1014 6 2 
 1306 1017 6 4 
 1178 649 4 2 
 1178 649 2 2 
 1264 1015 2 2 
 1264 1015 2 2 
 1295 1016 3 2 
 404 17 2 1 
 1306 1017 6 4 
 403 17 3 2 
 1294 1016 4 2 
 403 17 3 2 
 1306 1018 3 3 
 403 17 3 2 
 1256 1018 2 1 
 1267 1016 1 2 
 1269 1016 2 2 
 1269 1016 5 2 
 1305 1019 2 1 
 1253 318 4 2 
 1255 319 2 1 
 1293 1017 2 1 
 1255 319 2 1 
 1293 1016 2 2 
 1248 1044 3 4 
 1247 1044 3 2 
 1255 319 2 1 
 1255 319 2 1 
 1255 1019 1 2 
 656 73 1 2 
 1254 1020 2 1 
 656 73 1 2 
 656 73 1 2 
 1268 1018 2 1 
 656 73 1 2 
 1268 1018 2 1 
 1256 1020 2 1 
 656 73 1 2 
 1173 649 4 5 
 656 73 1 2 
 1268 1018 4 1 
 1173 650 3 4 
 656 73 1 2 
 1266 1018 1 2 
 1173 651 3 3 
 656 73 1 2 
 1261 1019 1 2 
 1268 1019 2 1 
 1268 1019 2 1 
 1284 1016 3 2 
 1284 1016 3 2 
 1284 1016 3 2 
 1265 325 1 2 
 1265 326 3 3 
 1294 1017 2 2 
 1264 326 4 3 
 1175 646 5 6 
 1294 1017 2 2 
 1263 324 4 5 
 1175 647 6 6 
 1311 1018 2 1 
 1261 322 6 7 
 1172 650 7 6 
 1293 1017 2 2 
 1260 321 4 2 
 1293 1017 2 2 
 1173 652 5 5 
 1260 321 4 2 
 1289 1017 2 2 
 1260 321 4 2 
 1293 1017 2 2 
 1260 321 4 3 
 1260 321 4 2 
 399 17 6 5 
 585 245 1 2 
 1287 1014 2 1 
 585 245 1 2 
 1261 1015 3 1 
 585 245 2 2 
 1175 650 5 6 
 1274 1013 3 1 
 1175 652 6 4 
 1275 1013 2 1 
 1295 1018 4 2 
 1176 653 3 3 
 1286 1013 3 3 
 582 248 3 3 
 1286 1013 3 2 
 1286 1013 3 2 
 1179 649 2 1 
 1286 1013 3 2 
 1286 1013 2 1 
 1291 1017 3 3 
 1176 649 7 5 
 1175 650 8 4 
 1293 1017 5 4 
 1175 650 6 4 
 1293 1017 5 4 
 1293 1018 5 3 
 1174 650 7 4 
 1293 1018 5 3 
 1175 651 3 3 
 1293 1018 5 3 
 1179 651 2 3 
 1288 1018 2 2 
 1300 1019 2 2 
 1179 651 3 4 
 1300 1019 2 2 
 1274 328 2 2 
 1300 1019 2 2 
 1274 328 2 2 
 1300 1019 2 2 
 1274 328 2 2 
 1178 652 4 5 
