 7 332 1 2 
 95 995 1 2 
 28 359 3 2 
 74 982 2 2 
 63 966 2 3 
 4 899 3 3 
 4 899 3 3 
 46 909 1 2 
 68 912 2 2 
 44 909 3 2 
 72 914 2 2 
 68 912 3 2 
 46 909 2 2 
 42 908 3 2 
 70 674 1 2 
 85 675 1 2 
 64 719 3 3 
 70 674 1 2 
 85 675 1 2 
 64 719 3 3 
 51 945 2 2 
 59 943 2 2 
 18 778 3 3 
 72 937 1 2 
 49 937 3 2 
 43 908 2 2 
 46 908 1 3 
 68 911 1 2 
 70 912 1 2 
 85 675 1 2 
 64 719 3 3 
 68 736 1 2 
 17 778 4 2 
 10 804 2 4 
 61 946 4 3 
 51 945 2 2 
 59 943 2 2 
 56 941 1 2 
 44 908 1 2 
 72 937 1 2 
 49 937 3 2 
 46 908 1 3 
 68 911 3 3 
 59 668 3 2 
 85 675 1 2 
 64 719 2 2 
 44 722 2 2 
 17 777 2 3 
 61 799 2 3 
 10 804 2 3 
 70 840 2 2 
 29 880 1 2 
 44 907 1 3 
 46 908 1 2 
 72 953 3 2 
 68 911 1 2 
 62 945 3 4 
 51 945 2 2 
 59 943 2 2 
 56 941 2 2 
 70 912 1 2 
 71 915 3 1 
 50 936 3 3 
 66 625 1 2 
 59 668 3 2 
 85 675 1 2 
 64 719 2 2 
 68 736 1 2 
 10 804 2 3 
 80 962 2 1 
 63 962 2 2 
 58 875 2 2 
 44 907 1 3 
 46 907 2 3 
 74 953 2 2 
 72 952 1 2 
 51 945 2 2 
 60 944 5 5 
 63 911 2 3 
 68 911 1 2 
 70 912 4 4 
 50 936 3 3 
 66 625 1 2 
 80 649 2 2 
 75 650 2 2 
 88 975 2 2 
 85 675 1 2 
 68 736 1 2 
 66 776 3 4 
 70 777 1 3 
 70 840 2 2 
 58 875 2 2 
 46 907 2 3 
 80 962 2 1 
 63 962 2 2 
 63 911 2 3 
 70 911 2 2 
 71 912 3 4 
 76 955 2 1 
 75 914 2 2 
 78 930 2 2 
 50 936 3 2 
 51 945 3 2 
 61 944 5 5 
 63 946 3 3 
 72 936 2 2 
 56 940 3 2 
 66 625 1 2 
 80 649 2 2 
 75 650 2 2 
 59 668 3 1 
 70 674 1 2 
 85 675 1 2 
 60 767 1 2 
 80 976 2 1 
 88 975 2 1 
 66 776 3 4 
 70 777 1 2 
 64 805 2 3 
 63 875 1 2 
 80 962 2 1 
 63 892 2 2 
 47 907 2 2 
 70 909 4 7 
 53 959 2 2 
 76 955 2 1 
 67 911 2 2 
 72 951 2 3 
 64 947 2 2 
 63 912 2 2 
 51 945 3 2 
 62 944 2 3 
 75 914 2 2 
 50 936 3 2 
 57 940 2 2 
 72 936 2 2 
 66 625 1 2 
 80 647 2 1 
 80 649 2 2 
 75 650 2 2 
 59 667 4 3 
 94 977 14 12 
 85 675 1 2 
 60 768 2 1 
 67 776 3 3 
 66 776 5 4 
 64 805 2 1 
 28 878 2 3 
 47 907 2 2 
 80 962 2 1 
 70 909 4 7 
 67 911 2 2 
 63 912 2 2 
 53 959 2 2 
 76 955 2 1 
 75 913 2 3 
 72 952 2 2 
 64 947 2 2 
 69 946 2 2 
 62 944 2 3 
 52 944 2 3 
 50 936 3 2 
 72 936 2 2 
 56 940 4 2 
 96 979 1 2 
 94 977 15 12 
 71 721 2 2 
 69 774 3 2 
 66 777 2 2 
 69 777 2 2 
 65 807 2 1 
 53 836 1 2 
 28 878 3 3 
 80 962 2 1 
 28 878 3 3 
 47 907 2 2 
 70 909 4 3 
 53 959 2 2 
 76 955 2 1 
 67 911 2 2 
 72 951 2 3 
 64 947 2 2 
 69 946 2 2 
 63 912 2 2 
 62 944 2 1 
 52 944 2 3 
 71 913 3 3 
 61 942 2 1 
 56 939 5 3 
 75 913 2 3 
 50 936 3 2 
 78 929 3 3 
 68 981 2 1 
 94 977 15 13 
 98 981 4 4 
 103 979 3 3 
 63 805 2 1 
 65 807 2 1 
 66 831 2 2 
 28 878 3 3 
 28 878 3 3 
 80 962 2 1 
 57 898 1 2 
 69 909 3 3 
 67 909 6 4 
 53 959 2 2 
 76 955 2 1 
 63 912 2 2 
 71 913 3 3 
 64 947 2 2 
 69 946 2 2 
 75 913 2 3 
 62 944 2 1 
 52 944 2 3 
 78 929 3 3 
 61 942 2 1 
 56 939 3 3 
 50 936 3 2 
 77 984 3 4 
 68 981 2 1 
 94 980 15 7 
 99 984 3 3 
 97 984 3 3 
 101 977 2 2 
 67 890 2 2 
 53 959 2 2 
 76 955 2 1 
 69 909 3 3 
 73 953 3 2 
 64 947 2 2 
 69 946 2 2 
 69 909 4 3 
 63 912 2 2 
 71 913 3 3 
 75 913 2 3 
 79 929 2 3 
 56 939 4 3 
 100 988 2 2 
 68 981 2 1 
 91 997 2 2 
 96 993 2 4 
 92 998 2 1 
 54 574 2 1 
 95 993 3 5 
 53 574 3 4 
 94 994 3 4 
 53 574 3 4 
 94 996 3 2 
 40 394 2 1 
 99 982 3 4 
 67 614 3 3 
 56 374 3 2 
 95 981 3 2 
 56 374 1 2 
 96 981 6 5 
 56 374 1 2 
 96 981 6 5 
 56 374 1 2 
 96 981 1 2 
 52 375 4 3 
 96 981 1 2 
 52 375 5 3 
 96 981 1 2 
 62 281 2 1 
 101 979 2 2 
 34 504 2 2 
 61 280 5 2 
 96 981 1 2 
 34 504 2 2 
 64 279 3 3 
 6 898 2 2 
 34 504 2 2 
 65 191 3 2 
 95 978 2 1 
 30 393 2 1 
 65 192 2 2 
 97 982 2 2 
 30 393 2 1 
 65 192 2 2 
 3 896 4 4 
 30 393 2 1 
 42 226 2 1 
 6 898 1 2 
 75 682 3 3 
 42 226 2 1 
 75 682 3 3 
 4 434 3 4 
 67 193 2 2 
 40 395 2 3 
 65 193 4 2 
 39 909 3 3 
 65 197 3 2 
 39 909 3 3 
 68 197 2 2 
 39 909 3 3 
