 76 686 2 4 
 76 687 2 3 
 44 742 1 2 
 69 857 2 1 
 67 819 2 1 
 67 819 2 1 
 69 857 2 1 
 69 874 2 1 
 63 845 3 2 
 73 870 2 3 
 69 874 2 1 
 49 883 1 3 
 63 845 3 2 
 73 870 2 3 
 69 874 2 1 
 68 884 2 3 
 63 845 3 2 
 64 856 2 2 
 70 862 2 2 
 73 871 1 2 
 75 872 1 3 
 69 874 2 1 
 68 884 2 3 
 67 895 2 1 
 63 845 3 2 
 64 856 2 2 
 71 862 1 2 
 73 871 1 2 
 69 873 2 2 
 68 884 2 3 
 64 889 1 2 
 67 894 2 2 
 62 933 2 2 
 61 902 2 2 
 63 845 3 2 
 64 856 2 2 
 71 862 1 2 
 72 872 2 2 
 75 872 2 3 
 69 873 2 3 
 62 935 3 1 
 49 884 3 2 
 68 884 2 3 
 62 889 3 3 
 61 902 2 2 
 67 894 2 2 
 63 845 3 2 
 64 856 2 2 
 71 862 1 3 
 72 872 2 2 
 75 872 2 3 
 69 873 2 3 
 49 884 3 2 
 68 884 2 3 
 62 889 3 3 
 67 894 2 2 
 68 936 4 2 
 62 935 3 1 
 63 845 3 2 
 64 856 2 2 
 70 862 3 4 
 75 872 2 3 
 69 873 2 3 
 49 883 3 3 
 68 937 2 1 
 71 936 1 2 
 68 884 2 3 
 62 934 3 3 
 62 889 3 3 
 67 894 2 2 
 64 856 2 2 
 70 862 3 4 
 75 872 2 3 
 69 873 2 3 
 49 883 3 3 
 68 885 2 2 
 62 889 3 3 
 67 894 3 3 
 63 948 1 2 
 76 947 1 3 
 68 936 5 2 
 62 934 3 3 
 64 856 2 2 
 70 862 3 4 
 75 872 2 3 
 49 883 3 3 
 68 885 2 2 
 79 949 2 2 
 76 948 2 2 
 62 948 2 2 
 68 936 5 2 
 62 935 3 2 
 62 889 3 3 
 67 894 3 2 
 70 862 3 4 
 75 872 2 3 
 49 883 3 3 
 68 885 2 2 
 62 889 3 3 
 67 894 3 2 
 55 906 4 4 
 66 920 3 4 
 52 955 1 2 
 80 950 2 1 
 76 948 2 2 
 62 948 2 2 
 68 936 5 3 
 62 935 3 2 
 81 959 2 1 
 52 955 1 2 
 78 964 2 4 
 55 963 2 2 
 84 999 2 2 
 77 985 1 2 
 78 965 2 3 
 78 965 2 3 
 54 906 5 4 
 54 906 5 4 
 648 74 4 3 
 41 724 2 2 
 39 721 3 6 
 36 494 1 2 
 35 494 2 2 
 39 720 3 6 
 107 984 2 1 
 107 984 2 1 
 39 720 3 6 
 107 984 2 1 
 107 984 2 1 
 35 531 3 3 
 107 984 2 1 
 36 531 2 2 
 107 984 2 2 
 36 531 2 2 
 67 819 2 1 
 36 531 2 2 
 67 819 2 1 
 37 531 1 2 
 68 808 1 2 
 37 531 1 2 
 88 970 6 3 
 37 531 1 2 
 96 975 2 2 
 37 531 1 2 
 88 970 5 2 
 37 531 1 2 
 98 978 2 1 
 96 984 3 3 
 92 988 3 5 
 35 791 3 3 
 36 791 2 3 
 36 791 2 3 
 36 791 2 3 
 50 767 1 2 
 104 981 3 2 
 50 767 1 2 
 104 980 3 3 
 35 506 2 1 
 38 489 1 2 
 21 452 1 2 
 34 506 3 4 
 63 815 2 1 
 21 452 1 2 
 68 658 2 3 
 37 488 2 2 
 76 736 2 2 
 37 488 2 2 
 75 689 2 2 
 654 62 2 2 
 62 895 1 2 
 34 506 3 3 
 654 62 2 2 
 62 895 1 2 
 34 507 2 2 
 654 62 2 2 
 79 942 2 3 
 35 506 2 2 
 654 62 2 2 
 55 935 1 2 
 81 716 2 2 
 654 62 2 2 
 62 894 1 3 
 654 62 2 2 
 55 935 1 2 
 81 716 2 2 
 654 62 2 2 
 55 935 1 2 
 654 62 2 2 
 55 935 1 2 
 72 857 1 2 
 76 675 1 3 
 76 675 1 3 
 69 659 1 2 
 39 737 2 1 
 66 632 1 3 
 66 632 1 3 
 64 497 1 2 
 46 501 3 2 
 77 708 2 2 
 46 501 3 2 
 74 761 2 2 
 46 501 3 2 
 74 761 2 2 
 46 501 3 2 
 77 708 2 2 
 46 501 3 2 
 72 859 2 2 
 46 501 3 2 
 72 859 2 2 
 46 501 3 2 
 72 859 2 2 
 46 501 2 1 
 73 758 3 3 
 70 882 1 2 
 659 70 2 2 
 659 70 2 2 
 46 761 1 2 
