 769 915 3 3 
 583 1045 3 2 
 764 921 3 1 
 760 926 3 3 
 756 926 4 3 
 790 905 1 2 
 774 906 3 3 
 772 910 1 2 
 770 912 1 2 
 789 905 2 2 
 773 906 2 1 
 769 908 3 3 
 761 905 16 17 
 761 905 16 18 
 769 915 3 3 
 769 908 3 3 
 786 902 2 1 
 790 898 3 3 
 757 905 19 22 
 764 917 3 3 
 767 914 3 3 
 769 908 3 3 
 778 899 4 5 
 783 897 9 3 
 754 928 2 3 
 765 914 3 3 
 786 1011 2 3 
 785 939 2 3 
 769 895 8 6 
 795 895 2 1 
 795 895 2 1 
 795 895 2 1 
 795 895 2 1 
 795 895 2 1 
 795 895 2 1 
 784 899 3 3 
 790 898 3 1 
 747 913 7 5 
 747 914 9 6 
 799 1005 1 3 
 799 1005 7 5 
 799 1004 14 6 
 799 1004 14 5 
 788 896 2 2 
 788 896 2 2 
 785 932 5 6 
 781 935 7 4 
 757 898 3 3 
 593 1047 1 2 
 593 1047 1 2 
 593 1047 1 2 
 1233 138 1 2 
 593 1047 1 2 
 593 1047 1 2 
 593 1047 1 2 
 593 1047 1 2 
 593 1047 1 2 
 786 905 2 2 
 770 908 2 2 
 770 908 2 2 
 770 907 2 2 
 785 902 1 2 
 785 902 1 2 
 771 906 3 3 
 785 902 1 2 
 765 907 2 2 
 770 902 3 3 
 776 947 4 3 
 769 902 4 3 
 1208 153 4 3 
 767 902 3 3 
 1208 154 3 2 
 749 910 4 4 
 1208 155 2 1 
 766 900 7 3 
 764 900 9 3 
 788 900 2 1 
 790 898 2 1 
 790 897 2 1 
 783 898 3 3 
 782 898 4 3 
 783 898 3 2 
 782 898 4 3 
 782 898 4 3 
 790 897 2 1 
 786 898 2 2 
 783 899 1 2 
 792 898 2 2 
 788 899 3 3 
 782 902 2 2 
 756 928 2 2 
 770 907 2 2 
 771 906 3 3 
 771 906 3 3 
 786 905 2 2 
 771 906 3 2 
 766 912 1 3 
 778 905 5 3 
 778 906 2 2 
 770 906 2 2 
 764 908 4 3 
 587 1043 2 2 
 584 1040 2 4 
