 47 604 3 3 
 76 607 1 3 
 67 626 2 2 
 74 695 2 3 
 84 696 1 2 
 51 586 2 1 
 56 586 2 2 
 56 594 2 2 
 47 604 3 3 
 76 607 1 3 
 67 626 2 2 
 74 695 2 3 
 76 699 1 2 
 51 586 2 1 
 56 586 2 2 
 56 594 2 3 
 47 605 4 3 
 76 607 2 2 
 67 626 2 2 
 81 638 1 2 
 46 645 2 1 
 74 695 2 4 
 75 699 2 2 
 76 702 2 2 
 51 586 2 1 
 56 586 2 2 
 56 594 2 3 
 47 605 4 3 
 76 607 1 2 
 67 626 2 2 
 83 636 2 2 
 81 638 1 2 
 45 643 3 3 
 74 695 2 4 
 75 699 3 5 
 77 714 2 3 
 51 586 2 2 
 53 586 4 4 
 73 592 1 2 
 56 595 2 2 
 47 605 4 4 
 69 606 3 4 
 67 627 2 1 
 83 639 2 2 
 45 643 3 4 
 71 650 2 2 
 74 695 2 4 
 75 699 2 2 
 76 702 2 2 
 77 715 2 2 
 80 719 2 2 
 50 586 3 3 
 53 586 3 4 
 72 592 2 3 
 56 595 2 2 
 47 605 4 4 
 69 606 3 4 
 77 611 3 1 
 67 627 2 1 
 79 636 2 4 
 83 639 2 2 
 83 642 3 1 
 45 644 2 2 
 76 702 2 2 
 77 715 2 2 
 80 719 2 2 
 80 732 1 2 
 76 702 2 2 
 77 715 2 2 
 76 736 3 2 
 76 702 2 2 
 77 715 2 1 
 79 733 2 2 
 75 734 4 4 
 66 742 4 5 
 77 742 5 8 
 58 747 3 2 
 60 752 3 3 
 59 750 6 11 
 74 751 3 8 
 49 753 1 2 
 61 756 5 5 
 69 756 3 4 
 76 759 3 2 
 49 800 2 2 
 49 799 2 3 
 76 759 3 2 
 75 757 1 2 
 69 757 2 3 
 49 799 1 2 
 1918 177 1 3 
 42 615 1 2 
 1918 177 1 3 
 42 615 1 2 
 1917 247 3 4 
 67 627 2 1 
 1918 177 1 3 
 67 627 2 1 
 1918 177 1 3 
 67 627 2 1 
 1918 177 1 3 
 67 627 2 1 
 1918 177 1 3 
 67 627 2 1 
 1918 256 1 2 
 78 643 4 2 
 83 1000 3 2 
 14 321 1 2 
 55 793 2 2 
 14 321 1 2 
 83 1000 3 2 
 42 699 2 1 
 46 494 3 2 
 83 1000 3 2 
 14 301 2 2 
 82 1000 5 3 
 49 762 2 2 
 14 300 2 2 
 308 999 2 3 
 68 590 2 4 
 1 318 2 1 
 315 1021 4 7 
 51 583 2 1 
 42 240 2 3 
 316 1022 3 6 
 68 590 3 4 
 329 1035 4 2 
 11 322 2 2 
 56 571 2 5 
