 313 116 5 4 
 314 122 4 3 
 316 126 4 4 
 318 130 4 4 
 318 136 5 4 
 319 141 4 4 
 322 145 4 4 
 324 150 4 4 
 324 155 5 4 
 326 160 4 4 
 328 164 4 4 
 330 169 5 4 
 331 174 5 4 
 333 179 4 3 
 336 183 3 3 
 337 187 5 4 
 338 193 4 3 
 341 197 3 3 
 343 201 4 3 
 346 210 4 4 
 348 215 3 3 
 351 218 3 4 
 624 1024 1 2 
 351 223 6 4 
 624 1024 1 2 
 353 228 4 3 
 356 232 3 3 
 633 1016 2 2 
 634 1016 1 2 
 359 236 3 3 
 624 1024 1 2 
 359 240 5 4 
 624 1024 1 2 
 361 245 4 4 
 625 1027 2 4 
 364 249 3 3 
 625 1028 2 3 
 366 252 4 4 
 367 257 5 4 
 369 262 4 3 
 634 1016 2 3 
 372 265 4 4 
 374 269 5 4 
 376 274 4 3 
 378 278 4 3 
 381 281 4 3 
 383 285 4 4 
 384 289 4 4 
 387 293 3 3 
 390 296 4 4 
 392 300 4 4 
 397 308 3 3 
 399 311 4 3 
 1215 41 3 1 
 400 315 5 4 
 403 319 3 3 
 406 322 4 3 
 408 325 5 4 
 76 979 2 4 
 410 329 4 4 
 413 333 3 2 
 416 335 4 3 
 418 339 4 3 
 420 343 3 3 
 423 346 3 3 
 426 348 4 4 
 427 352 5 4 
 44 805 2 2 
 430 356 3 3 
 433 359 3 2 
 44 806 3 1 
 667 62 2 2 
 45 806 2 1 
 436 361 3 4 
 667 62 2 2 
 45 806 2 1 
 437 365 4 4 
 667 62 2 2 
 45 806 2 1 
 440 369 3 2 
 667 62 2 2 
 45 806 2 1 
 443 371 3 3 
 667 62 2 2 
 45 806 2 1 
 445 374 4 4 
 667 62 2 2 
 447 378 3 3 
 667 62 2 2 
 38 273 1 2 
 667 62 2 2 
 453 384 3 2 
 455 387 4 3 
 57 261 2 2 
 57 261 2 2 
 467 403 2 2 
 622 902 3 5 
