 75 437 1 2 
 57 491 2 2 
 64 494 2 1 
 64 542 1 2 
 51 571 2 3 
 54 595 2 1 
 75 438 2 2 
 56 596 2 2 
 58 599 2 1 
 59 614 2 1 
 67 622 2 1 
 46 506 1 2 
 64 543 1 2 
 56 596 2 2 
 59 614 2 2 
 67 622 2 1 
 48 632 2 2 
 49 395 1 2 
 56 596 2 2 
 59 614 1 2 
 66 622 3 1 
 48 632 2 2 
 59 705 1 2 
 46 394 2 2 
 0 418 2 1 
 71 439 2 1 
 64 543 1 2 
 54 595 4 3 
 58 614 2 2 
 66 622 3 1 
 59 705 1 2 
 68 710 2 2 
 71 785 2 2 
 66 810 1 2 
 69 521 2 2 
 55 597 2 2 
 67 622 2 1 
 59 705 1 2 
 68 710 2 2 
 57 719 3 2 
 79 719 2 2 
 72 728 2 4 
 75 767 3 3 
 75 767 3 3 
 68 711 2 1 
 57 720 3 1 
 72 727 2 5 
 73 734 2 1 
 56 718 2 3 
 72 730 1 2 
 69 777 2 2 
 76 767 2 2 
 66 808 1 3 
 76 767 2 2 
 70 829 2 2 
 33 904 2 1 
 26 890 2 2 
 27 315 2 2 
 10 404 2 1 
 10 404 2 1 
 10 404 2 1 
 72 729 2 1 
 10 404 2 1 
 668 63 2 2 
 25 377 1 2 
 55 596 3 2 
 656 74 2 3 
 25 377 1 2 
 80 720 2 2 
 656 74 2 3 
 80 720 2 2 
 656 74 2 3 
 96 977 3 2 
 657 74 1 3 
 96 978 2 1 
 657 74 1 3 
 96 978 2 1 
 657 74 1 3 
 96 978 2 1 
 657 74 1 3 
 96 977 3 2 
 96 977 3 2 
 9 410 2 2 
 57 428 2 2 
 81 959 2 2 
 839 943 1 2 
 41 404 2 2 
 838 943 6 4 
 838 943 2 2 
 55 593 2 2 
 841 943 3 4 
 838 943 2 2 
 75 427 2 2 
 838 943 2 2 
 793 1068 2 2 
 46 394 3 2 
 75 427 2 2 
 75 427 2 2 
 74 427 3 3 
 43 416 2 1 
 43 416 2 1 
 793 1068 2 3 
 841 943 5 4 
 842 943 4 4 
 842 944 2 3 
 41 404 2 2 
 73 437 3 2 
 75 437 1 2 
 74 438 2 2 
 39 487 3 1 
 39 487 3 1 
 39 487 3 1 
 39 487 3 1 
 9 411 2 2 
 36 498 1 2 
 36 498 2 3 
 900 929 2 3 
 36 498 2 4 
 66 478 2 2 
 900 930 2 2 
 33 427 1 2 
 106 987 1 2 
 69 652 3 1 
 48 397 2 2 
 106 987 1 2 
 74 665 3 2 
 665 74 2 2 
 106 987 1 2 
 48 396 2 3 
 74 665 3 2 
 665 74 2 2 
 845 948 2 3 
 48 396 3 3 
 74 665 3 2 
 665 74 2 2 
 48 396 1 2 
 901 931 2 2 
 74 665 3 2 
 665 73 4 3 
 48 396 3 3 
 845 948 2 3 
 665 73 4 3 
 48 396 3 3 
 845 948 2 3 
 665 73 4 3 
 48 396 3 3 
 845 948 2 3 
 667 73 2 3 
 48 396 3 3 
 845 948 2 3 
 667 73 2 3 
 886 930 2 2 
 48 396 3 3 
 48 396 3 3 
 779 929 1 2 
 28 377 2 1 
 28 377 2 1 
 57 430 2 2 
 784 846 2 2 
 784 846 2 2 
 723 1068 1 2 
 784 845 1 2 
 723 1068 1 2 
 784 845 1 2 
