 34 715 3 3 
 34 715 3 3 
 36 717 4 6 
 38 721 2 2 
 53 783 2 2 
 67 930 3 3 
 64 794 4 4 
 51 735 2 2 
 28 521 3 3 
 67 536 1 2 
 68 640 2 6 
 49 716 2 2 
 61 771 1 2 
 28 521 3 2 
 65 526 8 13 
 57 543 3 3 
 69 575 2 2 
 75 580 2 2 
 78 607 2 2 
 85 612 2 2 
 84 615 3 2 
 74 640 2 2 
 67 642 2 3 
 49 716 2 2 
 53 783 2 2 
 62 423 1 2 
 28 518 4 5 
 65 523 8 16 
 57 537 4 11 
 79 605 3 1 
 74 640 2 2 
 49 716 2 2 
 55 779 3 3 
 53 778 6 4 
 62 804 2 2 
 57 848 9 19 
 28 518 4 3 
 64 524 9 15 
 57 537 2 3 
 71 569 4 3 
 79 605 3 1 
 85 610 3 3 
 85 609 4 5 
 49 716 2 2 
 53 777 6 5 
 50 850 1 2 
 55 846 11 21 
 61 848 3 3 
 58 848 3 3 
 59 846 3 3 
 65 793 1 2 
 67 794 3 2 
 29 518 3 3 
 64 524 8 12 
 58 549 2 2 
 70 565 2 1 
 76 572 2 2 
 79 602 2 2 
 79 605 4 2 
 86 609 3 3 
 85 610 3 3 
 85 607 4 9 
 70 631 4 9 
 55 846 11 21 
 60 863 3 3 
 61 848 3 3 
 59 846 3 3 
 73 639 1 2 
 49 716 2 2 
 54 775 3 5 
 55 779 3 3 
 52 772 7 10 
 67 524 2 1 
 66 526 5 9 
 58 549 3 3 
 70 565 2 1 
 76 572 2 2 
 79 602 2 2 
 79 605 4 2 
 86 609 3 3 
 85 610 3 3 
 85 607 4 9 
 70 633 4 7 
 54 937 2 3 
 73 639 1 2 
 55 846 11 21 
 61 848 3 3 
 59 846 3 3 
 47 706 2 2 
 49 716 2 2 
 51 771 8 8 
 55 780 2 2 
 86 609 3 3 
 85 610 3 3 
 57 938 8 6 
 71 623 2 3 
 73 634 1 3 
 70 637 2 3 
 73 639 1 2 
 55 846 11 17 
 61 856 3 3 
 59 853 3 3 
 61 848 3 3 
 59 846 3 3 
 48 707 1 3 
 50 708 1 2 
 49 716 2 2 
 52 769 3 3 
 50 769 9 10 
 63 951 10 12 
 57 937 7 7 
 48 708 1 2 
 50 708 1 2 
 55 846 11 16 
 61 856 3 3 
 59 846 3 3 
 49 716 2 2 
 53 774 3 3 
 55 780 2 2 
 50 769 9 10 
 73 954 2 2 
 63 953 10 10 
 40 952 3 6 
 64 951 2 3 
 45 948 3 3 
 45 948 3 3 
 63 942 2 2 
 56 938 8 6 
 59 859 2 2 
 63 849 2 3 
 55 849 2 2 
 55 846 11 14 
 56 851 3 3 
 58 848 3 3 
 52 769 3 3 
 55 780 2 2 
 50 769 9 10 
 74 956 3 4 
 63 955 10 8 
 68 956 3 3 
 66 956 3 3 
 63 955 3 3 
 42 955 1 2 
 37 954 1 2 
 34 953 2 1 
 64 951 2 3 
 45 948 2 3 
 63 942 1 2 
 57 938 6 5 
 59 859 2 2 
 62 855 4 4 
 63 849 2 3 
 55 848 7 8 
 57 852 3 3 
 60 961 6 10 
 74 956 3 4 
 63 955 10 6 
 68 956 3 3 
 73 954 2 2 
 57 944 2 1 
 58 939 4 4 
 54 938 2 2 
 60 962 6 9 
 73 954 4 6 
 57 859 6 9 
 58 860 3 3 
 62 968 4 3 
 71 967 1 2 
 36 1052 2 2 
 51 1057 2 3 
 50 1059 2 1 
 664 76 2 2 
 6 303 3 4 
 78 583 2 3 
 1466 851 2 1 
 70 203 3 1 
 828 1026 3 5 
 936 551 2 1 
 829 1026 2 3 
 936 557 2 2 
 936 557 2 2 
 828 1027 3 2 
 936 557 2 2 
 853 1000 4 4 
 1835 590 3 3 
 624 1001 1 2 
 629 61 1 2 
 1252 988 2 3 
 916 558 3 3 
 629 61 1 2 
 1252 988 2 2 
 929 558 2 2 
 629 61 1 2 
 1252 988 2 2 
 74 610 2 3 
 629 61 1 2 
 1252 988 2 2 
 926 555 5 7 
 629 61 1 2 
 829 1029 2 3 
 926 555 5 7 
 629 61 1 2 
 829 1029 3 3 
 69 643 2 2 
 629 61 1 2 
 830 1029 2 2 
 31 286 5 6 
 72 631 3 3 
 653 64 2 2 
 832 1029 1 2 
 63 269 1 2 
 653 64 2 2 
 332 982 5 3 
 653 64 2 2 
 1084 1049 2 3 
 1462 848 3 3 
 653 64 2 2 
 1463 847 3 3 
 653 64 2 2 
 1463 847 3 3 
 653 64 2 2 
 83 987 2 1 
 83 987 2 1 
 77 986 3 4 
 0 241 2 2 
 77 986 3 4 
 86 619 4 6 
 1473 988 2 2 
 927 557 4 1 
 1437 848 3 6 
 41 187 3 4 
 1472 988 2 2 
 85 619 7 6 
 41 187 3 3 
 1504 995 3 4 
 88 621 3 3 
 30 172 2 2 
 81 988 6 5 
 30 172 2 2 
 1504 995 3 4 
 85 619 5 6 
 649 80 2 3 
 601 1025 2 2 
 85 619 2 2 
 1504 995 3 4 
 649 80 2 3 
 665 71 2 1 
 1504 995 4 4 
 977 689 3 3 
 1492 1040 4 3 
 665 71 2 1 
 649 82 2 1 
 1260 982 3 2 
 1506 997 3 4 
 73 919 2 1 
 73 919 2 1 
 67 392 4 5 
 84 958 4 4 
 84 958 4 4 
 84 958 3 4 
 47 192 2 1 
 337 1044 2 3 
 50 187 2 1 
 592 1030 5 4 
