 61 806 3 4 
 70 851 2 1 
 62 872 1 2 
 59 776 2 4 
 69 789 1 2 
 56 878 2 1 
 63 824 2 1 
 28 883 2 1 
 84 622 1 2 
 30 887 1 2 
 71 849 2 2 
 61 956 2 2 
 72 935 2 1 
 52 1036 2 3 
 72 958 1 2 
 63 953 1 2 
 71 958 2 3 
 54 575 2 4 
 18 786 5 4 
 54 575 2 5 
 28 885 3 5 
 54 575 2 4 
 27 885 4 5 
 54 575 2 5 
 28 885 6 10 
 54 576 1 3 
 28 885 2 2 
 54 576 2 2 
 9 818 2 1 
 68 577 3 3 
 37 897 2 2 
 68 577 3 2 
 37 896 2 3 
 665 70 2 3 
 69 966 2 2 
 1897 629 1 2 
 665 70 2 3 
 69 966 2 2 
 36 723 2 3 
 665 70 2 3 
 73 936 3 2 
 47 713 3 2 
 665 70 2 3 
 73 580 2 1 
 37 898 2 1 
 665 70 2 3 
 73 580 2 1 
 20 788 2 1 
 665 70 2 3 
 84 603 4 3 
 58 864 1 2 
 665 70 2 3 
 69 627 3 3 
 665 70 2 3 
 27 896 2 2 
 69 627 3 3 
 73 929 1 2 
 68 625 2 2 
 27 887 3 3 
 27 887 3 3 
 57 782 2 1 
 58 862 2 2 
 59 964 2 2 
 68 625 2 1 
 62 800 2 2 
 62 800 2 2 
 68 967 2 3 
 48 731 2 1 
 78 967 3 2 
 61 797 2 2 
 47 731 3 2 
 78 967 4 2 
 74 708 2 2 
 333 979 4 2 
 1918 695 2 4 
 68 650 2 2 
 68 650 2 2 
 85 604 2 1 
 56 968 1 3 
 88 619 2 2 
 823 911 2 2 
 85 685 3 4 
 823 911 2 2 
 75 644 2 1 
 823 911 2 2 
 75 644 2 1 
 608 1001 2 3 
 85 685 2 2 
 54 890 2 2 
 63 972 1 2 
 81 705 3 3 
 81 705 3 3 
 81 705 3 6 
 81 705 3 6 
 34 480 3 2 
 71 959 2 3 
 34 480 2 2 
 81 705 2 1 
 34 480 2 1 
 72 969 2 2 
 61 549 2 1 
 25 892 2 4 
 61 549 2 1 
 12 775 2 2 
 61 549 2 1 
 11 774 3 4 
 62 551 1 2 
 10 774 4 4 
 62 551 1 2 
 10 774 4 4 
 62 551 1 2 
 11 774 2 2 
 656 61 5 3 
 74 953 3 2 
 656 61 5 3 
 75 953 2 2 
 656 61 5 3 
 75 953 2 2 
 656 61 5 3 
 58 950 3 2 
 656 61 5 3 
 40 701 2 2 
 656 61 5 3 
 31 887 3 4 
 656 61 5 3 
 31 887 3 5 
 70 598 2 1 
 656 61 5 3 
 861 911 3 2 
 76 691 1 2 
 860 910 3 2 
 56 589 2 1 
 63 582 2 2 
 860 910 3 2 
 63 582 2 2 
 860 909 3 3 
 59 260 2 2 
 31 635 3 3 
 860 909 3 3 
 63 288 2 1 
 860 909 2 3 
 31 635 3 4 
 52 224 2 2 
 14 559 2 2 
 807 872 4 2 
 50 238 1 2 
 14 559 2 2 
 807 872 4 2 
 68 197 3 2 
 807 872 4 2 
 14 559 2 2 
 68 197 3 2 
 757 865 2 4 
 14 559 2 2 
