 834 1006 10 10 
 836 1007 3 3 
 832 1006 10 10 
 835 1008 3 4 
 832 1007 9 6 
 832 1009 5 4 
 832 1010 6 4 
 839 1010 2 2 
 834 1011 1 2 
 826 1042 2 2 
 824 1044 1 2 
 821 1023 3 4 
 825 1023 3 2 
 874 1021 2 2 
 817 1029 2 5 
 818 1030 2 1 
 817 1033 2 1 
 827 1040 1 2 
 824 1044 1 2 
 825 1040 3 4 
 836 1010 3 2 
 818 1039 1 3 
 834 1011 1 2 
 874 1019 2 1 
 818 1030 2 1 
 788 1066 3 6 
 824 1044 1 2 
 817 1039 2 3 
 817 1032 2 4 
 818 1030 2 1 
 774 1073 2 2 
 810 1071 2 3 
 783 1077 2 1 
 774 1076 7 4 
 776 1078 1 2 
 778 1077 3 2 
 832 1009 4 3 
 877 1017 2 2 
 864 1023 3 3 
 817 1030 2 2 
 1080 1068 2 2 
 736 1078 1 2 
 834 1006 3 3 
 832 1007 2 1 
 832 1006 3 2 
 524 38 5 2 
 772 1075 3 3 
 524 38 5 2 
 772 1075 3 3 
 524 38 5 2 
 828 1006 5 6 
 524 38 5 2 
 837 1010 1 2 
 524 38 5 2 
 1022 1075 3 2 
 1014 1069 3 2 
 828 1010 3 3 
 828 1010 2 3 
 828 1010 2 3 
 935 1017 2 2 
 831 1009 2 2 
 828 1010 1 2 
 828 1010 1 2 
 930 1018 7 4 
 827 1010 2 1 
 825 1010 10 8 
 824 1010 11 8 
 823 1012 3 3 
 823 1012 3 3 
 824 1011 3 3 
 825 1012 10 6 
 826 1005 3 3 
 826 1005 3 3 
 826 1008 2 1 
 824 1014 3 3 
 824 1014 3 3 
 824 1014 3 3 
 824 1014 3 3 
 768 1077 3 3 
 825 1010 5 5 
 827 1010 1 2 
 866 1013 5 4 
