 0 417 1 2 
 0 480 2 4 
 45 541 3 2 
 45 559 2 2 
 0 370 1 2 
 0 417 1 3 
 0 481 2 1 
 5 420 2 1 
 0 484 2 1 
 0 484 2 1 
 46 541 3 3 
 46 541 3 3 
 45 559 2 2 
 54 637 2 4 
 63 702 2 2 
 68 729 2 2 
 1 375 2 2 
 9 258 1 2 
 9 258 1 2 
 9 258 1 3 
 46 543 1 2 
 9 258 1 3 
 46 543 1 2 
 9 258 1 2 
 46 543 1 2 
 9 258 1 3 
 46 543 1 2 
 9 259 1 2 
 46 543 1 2 
 9 259 1 2 
 9 259 1 2 
 3 275 2 1 
 1914 740 1 3 
 1918 715 2 1 
 1918 715 2 1 
 1763 993 6 3 
 1756 957 3 2 
 1756 957 3 3 
 1756 956 3 4 
 1756 956 3 4 
 657 64 4 3 
 1756 956 3 4 
 657 64 4 3 
 1766 993 5 3 
 67 778 2 1 
 657 64 4 3 
 1756 956 4 4 
 657 64 4 3 
 1756 956 4 4 
 657 64 2 3 
 1757 956 3 3 
 657 64 2 3 
 1757 956 3 2 
 657 64 2 3 
 69 802 1 2 
 1770 993 2 4 
 657 64 2 3 
 66 775 2 2 
 1759 959 2 1 
 1918 631 2 1 
 1759 959 2 1 
 1918 631 2 1 
 1759 959 2 1 
 1918 630 2 2 
 1918 630 2 2 
 1918 602 2 2 
 1759 959 2 1 
 1918 602 2 2 
 1772 994 1 3 
 1806 1041 1 2 
 1918 602 2 2 
 1806 1041 1 2 
 1918 602 2 2 
 1830 1072 1 2 
 1918 602 2 2 
 0 271 1 3 
 1918 602 2 5 
 1806 1041 1 3 
 1918 602 2 5 
 1804 1041 3 4 
 1918 602 2 3 
 1804 1041 3 4 
 1827 1073 4 3 
 1806 1041 1 2 
 0 374 1 2 
 1768 993 3 1 
 0 291 1 2 
 39 312 2 2 
 659 70 3 3 
 0 291 1 2 
 659 70 3 4 
 0 291 1 2 
 659 70 3 4 
 17 418 2 3 
 659 70 3 4 
 1769 991 4 3 
 0 291 1 2 
 659 70 3 4 
 0 291 1 2 
 659 70 3 4 
 1768 991 5 3 
 0 329 4 3 
 659 70 3 4 
 0 329 4 3 
 659 70 3 4 
 0 329 1 3 
