 68 783 2 2 
 67 865 2 1 
 21 817 2 1 
 54 773 2 2 
 56 907 2 1 
 67 865 2 1 
 21 817 2 1 
 60 924 2 3 
 28 902 2 2 
 55 931 2 3 
 60 924 2 2 
 22 907 1 2 
 64 891 3 2 
 67 888 2 1 
 68 865 2 1 
 55 932 3 3 
 64 889 2 4 
 67 888 2 1 
 57 951 2 3 
 55 932 3 3 
 37 924 2 2 
 65 891 2 1 
 72 953 2 3 
 57 951 2 3 
 55 929 3 6 
 60 924 2 2 
 36 924 3 2 
 66 896 2 2 
 64 891 3 1 
 67 888 2 1 
 71 956 2 2 
 58 960 2 2 
 71 959 3 4 
 14 262 2 2 
 41 296 2 3 
 3 356 2 3 
 29 447 2 2 
 58 960 2 2 
 83 996 3 1 
 58 961 2 1 
 83 996 3 1 
 69 970 1 2 
 71 980 1 2 
 98 977 2 1 
 95 992 2 3 
 80 988 2 1 
 95 991 2 4 
 90 995 1 2 
 68 215 2 1 
 20 819 4 4 
 55 216 2 1 
 20 819 4 4 
 54 214 4 3 
 25 902 1 2 
 80 696 2 3 
 56 215 3 1 
 21 487 2 1 
 74 967 2 2 
 47 250 2 2 
 10 608 2 2 
 59 214 2 2 
 660 819 2 2 
 3 433 2 2 
 59 214 2 2 
 3 433 2 2 
 69 967 2 1 
 12 283 3 4 
 38 530 1 2 
 69 967 2 1 
 11 282 4 5 
 38 530 2 1 
 60 261 3 2 
 660 819 2 2 
 61 261 2 2 
 660 819 2 2 
 35 471 2 1 
 58 250 2 1 
 13 464 2 1 
 660 819 2 2 
 56 214 2 1 
 5 426 2 1 
 14 262 2 2 
 74 967 2 1 
 60 260 3 3 
 13 464 2 1 
 60 260 3 3 
 13 464 2 1 
 46 425 2 1 
 77 655 3 3 
 47 413 2 1 
 74 952 2 2 
 3 430 2 2 
 73 672 4 5 
 3 430 2 2 
 78 656 1 2 
 60 950 2 2 
 53 405 2 1 
 67 681 4 3 
 53 405 2 1 
 46 424 2 1 
 82 737 1 2 
 66 680 3 3 
 67 681 3 3 
 68 214 2 1 
 68 214 2 1 
 68 214 2 1 
 37 414 1 3 
 68 840 2 2 
 37 415 1 2 
 69 639 2 2 
 38 411 2 1 
 68 840 2 2 
 38 411 2 1 
 64 759 3 4 
 54 403 3 2 
 3 606 1 2 
 54 403 2 2 
 3 606 1 3 
 22 324 1 2 
 58 896 2 2 
 22 324 1 2 
 61 902 2 1 
 22 324 1 2 
 61 902 2 1 
 22 324 1 2 
 54 621 2 4 
 36 414 2 1 
 66 622 4 2 
 84 994 2 3 
 656 63 4 3 
 22 325 2 1 
 58 788 2 1 
 656 63 4 3 
 60 928 3 3 
 32 450 1 2 
 656 63 4 3 
 78 966 1 2 
 37 413 1 2 
 656 63 4 3 
 78 966 1 2 
 37 413 1 2 
 656 63 4 3 
 78 966 1 3 
 37 413 1 2 
 656 63 4 3 
 72 991 2 1 
 33 787 1 2 
 656 63 4 3 
 77 966 2 3 
 33 747 1 2 
 656 63 4 3 
 81 971 1 2 
 47 744 2 2 
 656 63 4 3 
 77 966 2 5 
 46 611 2 2 
 67 680 2 2 
 39 918 3 3 
 75 433 1 2 
 49 779 2 2 
 34 365 2 1 
 67 680 2 3 
 34 365 2 1 
 78 654 3 4 
 34 365 2 1 
 76 640 2 2 
 72 434 4 2 
 38 747 3 3 
 36 414 2 2 
 79 972 4 2 
 36 414 2 2 
 78 654 3 4 
 34 365 2 1 
 78 654 3 4 
