 968 1043 3 3 
 963 1025 1 2 
 962 1024 2 3 
 998 1028 2 4 
 962 1024 2 3 
 971 1030 2 3 
 1005 1047 2 2 
 975 1053 1 2 
 962 1024 2 3 
 971 1031 2 2 
 968 1043 2 2 
 990 1057 3 4 
 975 1053 1 2 
 962 1024 3 3 
 971 1031 2 2 
 968 1043 5 4 
 990 1058 3 4 
 975 1052 2 3 
 963 1024 3 4 
 968 1043 5 4 
 990 1057 4 5 
 972 1061 1 2 
 963 1024 3 4 
 1028 1064 1 2 
 984 1064 6 7 
 971 1061 2 2 
 990 1059 2 3 
 967 1043 5 4 
 985 1065 5 5 
 1028 1064 2 2 
 990 1059 2 3 
 1032 1072 6 6 
 525 54 4 3 
 846 1013 2 2 
 1022 1074 2 2 
 1035 1076 3 3 
 824 1055 1 2 
 1001 1029 1 2 
 1033 1075 2 1 
 1033 1075 2 1 
 1033 1075 2 1 
 986 1065 2 2 
 709 1077 3 3 
 1104 1063 2 2 
 1104 1063 2 2 
 1104 1062 2 3 
 1104 1062 2 3 
 1104 1062 2 3 
 1104 1062 2 3 
 1113 1066 3 3 
 1113 1066 3 3 
 1113 1066 3 2 
 1080 1077 2 3 
 1080 1077 2 3 
 1080 1077 2 3 
 1125 1076 2 1 
 1112 1067 2 3 
 1112 1066 1 4 
 1096 1050 2 2 
 1096 1050 2 2 
 1096 1050 2 2 
 1112 1067 2 4 
 1112 1067 2 4 
 1112 1066 2 5 
 1112 1066 2 5 
 1099 1068 4 5 
 1099 1068 4 5 
 1121 1068 1 2 
 1099 1069 3 2 
 1100 1069 2 2 
 1100 1069 2 2 
 1100 1069 2 2 
 1099 1070 2 1 
 1119 1070 1 2 
 1079 1069 2 2 
