 60 875 2 2 
 34 345 2 2 
 61 216 2 2 
 60 242 2 1 
 37 266 2 1 
 61 216 2 2 
 60 242 2 1 
 37 266 2 1 
 51 283 1 2 
 61 216 2 2 
 60 242 2 1 
 50 283 2 2 
 60 284 2 2 
 60 242 2 1 
 50 283 2 1 
 50 294 2 2 
 50 294 2 2 
 57 381 1 2 
 35 388 2 3 
 38 464 2 3 
 55 493 2 2 
 74 423 1 2 
 59 423 2 2 
 62 820 2 2 
 71 853 3 3 
 71 853 3 3 
 71 853 3 3 
 71 854 1 2 
 1917 580 2 2 
 1917 580 2 2 
 71 854 1 2 
 1917 580 2 2 
 72 853 2 1 
 656 62 2 2 
 1348 882 2 3 
 656 62 2 2 
 656 62 2 2 
 656 62 2 2 
 656 62 2 2 
 656 62 2 2 
 656 62 2 2 
 656 62 2 2 
 95 983 2 2 
 666 70 2 2 
 666 70 2 2 
 666 70 2 2 
 666 70 2 2 
 666 70 2 2 
 666 70 2 2 
 666 70 2 2 
 666 70 2 2 
 621 1015 2 2 
 621 1015 2 2 
 621 1014 3 3 
