 665 73 1 2 
 655 78 3 3 
 47 801 3 4 
 33 786 2 1 
 74 470 1 4 
 58 812 3 3 
 57 847 4 3 
 33 785 2 2 
 36 785 2 3 
 33 785 2 2 
 36 786 2 2 
 33 785 2 2 
 36 786 2 2 
 47 803 3 2 
 56 808 2 3 
 36 786 2 2 
 47 804 2 1 
 56 809 1 2 
 36 786 2 2 
 47 804 2 1 
 56 809 1 2 
 50 844 2 1 
 36 786 2 2 
 47 804 2 1 
 56 808 1 3 
 52 845 2 3 
 58 812 2 2 
 37 771 2 2 
 36 786 2 2 
 56 808 1 3 
 58 812 2 2 
 52 844 2 4 
 57 847 5 4 
 56 809 1 2 
 58 812 2 2 
 52 844 2 4 
 61 847 1 3 
 57 848 3 3 
 49 797 2 1 
 56 808 1 3 
 58 812 2 2 
 62 854 3 3 
 66 852 2 3 
 52 844 2 4 
 61 847 1 3 
 58 848 2 3 
 66 866 4 4 
 53 931 2 1 
 653 75 2 1 
 69 776 2 1 
 653 75 2 1 
 52 778 2 2 
 653 75 2 1 
 52 778 2 2 
 653 75 2 1 
 52 778 2 2 
 653 75 2 1 
 53 778 1 2 
 70 760 2 2 
 70 760 2 2 
 70 760 2 2 
 78 729 2 3 
 83 709 2 1 
 78 729 2 3 
 52 629 2 1 
 77 704 1 2 
 52 629 2 1 
 52 629 2 1 
 52 629 2 1 
 52 629 2 1 
 52 629 2 1 
 52 629 2 1 
 52 629 2 1 
 56 632 2 3 
 56 632 3 3 
 659 61 2 3 
 235 974 1 2 
 73 770 2 2 
 659 61 2 3 
 235 974 1 2 
 68 542 1 2 
 42 769 1 2 
 659 61 2 3 
 235 974 1 2 
 73 770 2 2 
 659 61 2 3 
 62 793 2 2 
 659 61 2 3 
 51 790 2 1 
 659 61 2 3 
 75 908 2 2 
 659 61 2 3 
 76 911 2 1 
 659 61 2 3 
 49 916 2 2 
 62 935 1 2 
 75 895 3 3 
 78 731 2 1 
 78 731 2 1 
 78 731 2 1 
 78 731 2 1 
 75 745 2 2 
 75 745 2 2 
 75 745 2 2 
 47 766 3 3 
 47 766 3 3 
 79 972 2 3 
 79 973 3 2 
 47 766 3 3 
 28 502 2 1 
 76 967 1 2 
 28 502 2 1 
 75 967 2 3 
 78 449 1 2 
 47 766 3 3 
 47 766 2 3 
 71 460 2 1 
 45 824 2 1 
 667 62 3 3 
 44 474 2 2 
 512 860 2 3 
 667 62 3 3 
 73 967 5 4 
 667 62 3 3 
 62 751 2 2 
 667 62 3 3 
 50 412 1 2 
 76 760 1 3 
 667 62 3 3 
 73 967 3 3 
 44 422 2 1 
 667 62 3 3 
 423 940 2 1 
 667 62 3 3 
 62 751 2 2 
 667 62 3 3 
 435 950 2 3 
 74 982 3 2 
 0 444 2 2 
 0 444 2 2 
 75 982 2 2 
 0 444 2 2 
 486 815 2 2 
 55 600 2 3 
 498 810 2 2 
 55 599 2 4 
 472 806 1 2 
 55 599 2 4 
 92 978 3 2 
 66 680 1 2 
 93 978 2 2 
 466 774 1 2 
 466 772 2 4 
 88 994 1 2 
 55 600 1 2 
 92 998 2 2 
 55 600 2 2 
 92 998 2 2 
 55 600 2 2 
 87 994 2 2 
 55 600 2 2 
 88 994 1 2 
 55 600 2 1 
 87 994 2 2 
 65 680 2 2 
 106 990 2 2 
 47 766 2 1 
 87 994 2 2 
 467 772 3 7 
 329 976 2 1 
 71 691 2 2 
 335 974 4 2 
