 836 1008 3 3 
 824 1020 8 6 
 832 1004 12 10 
 841 1014 2 2 
 838 1005 6 8 
 838 1006 6 7 
 840 1006 3 6 
 832 1008 2 1 
 836 1008 1 2 
 836 1007 6 5 
 828 1020 4 6 
 831 1007 2 3 
 836 1007 4 3 
 834 1010 2 2 
 829 1020 3 5 
 825 1021 2 2 
 832 1005 3 1 
 837 1006 1 2 
 831 1007 7 5 
 839 1008 2 3 
 824 1020 5 3 
 845 1023 1 2 
 801 1052 2 1 
 789 1068 2 2 
 834 1004 7 5 
 838 1008 3 3 
 835 1004 6 5 
 835 1004 4 5 
 832 1006 2 1 
 1028 1074 2 1 
 834 1005 1 2 
 1030 1075 2 2 
 834 1005 1 2 
 834 1005 1 2 
 835 1004 4 4 
 829 1006 5 8 
 829 1005 6 6 
 831 1005 3 5 
 833 1004 3 3 
 833 1004 3 3 
 833 1004 3 3 
 832 1005 2 5 
 835 1006 2 2 
 783 1070 2 3 
 783 1067 3 7 
 806 1072 2 5 
 830 1010 3 2 
 830 1008 6 4 
 832 1008 4 2 
 832 1008 2 1 
 837 1009 2 1 
 873 1014 2 2 
 872 1014 2 3 
 833 1008 1 2 
 838 1008 2 3 
 837 1009 2 1 
 829 1008 5 8 
 827 1008 7 8 
 833 1008 2 1 
 827 1008 7 7 
 829 1008 3 5 
