 1068 1072 2 1 
 1106 1064 2 2 
 1093 1053 4 4 
 1123 1058 2 4 
 1093 1052 3 4 
 1068 1066 2 2 
 1091 1045 3 2 
 1093 1052 3 3 
 1061 1070 1 2 
 1094 1053 1 2 
 1066 1075 2 3 
 1128 1060 3 5 
 1087 1078 1 2 
 1085 1078 1 2 
 1012 1045 4 3 
 1011 1045 5 3 
 826 1045 2 2 
 1013 1045 3 3 
 1012 1045 4 4 
 962 1026 2 3 
 1144 1075 5 5 
 962 1026 3 4 
 962 1027 2 2 
 1144 1078 3 2 
 1144 1078 4 2 
 962 1027 3 3 
 962 1027 3 3 
 962 1026 3 4 
 963 1027 3 3 
 1147 1077 2 3 
 830 1042 1 2 
 830 1042 1 2 
 827 1043 2 2 
 827 1044 4 3 
 871 1034 2 2 
 454 91 2 2 
 1102 1076 2 1 
 454 91 2 2 
 827 1045 3 2 
 454 91 2 2 
 827 1045 2 2 
 1070 1078 1 2 
 454 91 2 2 
 454 91 2 2 
 855 1020 1 2 
 454 91 2 2 
 886 1044 1 3 
 454 91 2 2 
 825 1050 1 2 
 454 91 2 2 
 825 1050 1 2 
 454 91 2 2 
 825 1050 1 2 
 825 1050 1 2 
 1065 1070 2 2 
 968 1044 2 1 
 968 1044 2 1 
 968 1044 2 1 
 967 1044 3 1 
 888 1058 3 2 
 809 1052 1 2 
 525 34 2 2 
 1024 1078 1 2 
 525 34 2 2 
 1101 1076 2 4 
 525 34 2 2 
 829 1044 2 2 
 525 34 2 2 
 1062 1071 2 2 
 525 34 2 2 
 1101 1077 2 3 
 525 34 2 2 
 1101 1077 2 3 
 525 34 2 2 
 1101 1077 2 3 
 525 34 2 2 
 1101 1077 2 3 
 1101 1077 2 3 
 1015 1046 1 2 
 1074 1078 2 2 
 1074 1078 1 2 
 844 1013 2 2 
 1157 209 4 6 
 965 1044 4 2 
 1157 211 3 3 
 961 1042 9 6 
 1159 209 2 4 
 961 1042 9 6 
 1159 209 2 4 
 961 1042 3 3 
 965 1043 4 3 
 824 1047 2 2 
 1022 1076 2 3 
 1073 1078 2 2 
 1073 1078 3 2 
 965 1043 4 3 
 1100 1077 2 3 
 961 1043 2 2 
 961 1043 2 2 
 965 1043 2 2 
 877 1052 4 4 
 877 1052 4 4 
 823 1050 1 3 
 961 1043 2 2 
 961 1043 2 2 
 961 1043 2 2 
 965 1044 3 3 
 854 1045 1 2 
 854 1045 1 2 
