 1463 742 2 1 
 1458 743 3 2 
 1461 746 2 1 
 1458 743 2 2 
 1458 744 3 1 
 1453 745 2 2 
 1461 746 6 3 
 1459 749 2 2 
 1459 749 2 2 
 1454 750 2 2 
 1466 751 6 1 
 1459 749 2 3 
 1454 750 2 2 
 1471 752 3 1 
 1462 752 4 1 
 1440 751 3 2 
 1458 749 3 3 
 1454 750 2 3 
 1440 751 2 1 
 1473 753 2 1 
 1460 753 2 1 
 1452 752 1 2 
 1467 752 4 1 
 1464 752 2 1 
 1458 749 4 4 
 1454 750 3 3 
 1452 752 1 2 
 1462 753 11 1 
 1458 754 2 1 
 1448 754 1 2 
 1458 749 8 4 
 1454 750 3 5 
 1440 751 2 2 
 1471 751 2 2 
 1456 755 2 1 
 1471 754 4 1 
 1462 754 2 1 
 1452 752 1 3 
 1448 754 1 2 
 1458 749 8 4 
 1477 756 2 1 
 1454 750 3 5 
 1471 751 3 2 
 1473 755 3 1 
 1458 755 2 1 
 1440 752 2 1 
 1465 754 2 1 
 1458 749 3 4 
 1453 757 2 2 
 1454 750 3 5 
 1475 756 2 1 
 1456 756 2 1 
 1450 756 3 2 
 1460 755 13 1 
 1463 751 3 3 
 1440 752 2 2 
 1472 752 2 1 
 1450 750 10 8 
 1459 750 2 1 
 1441 763 7 6 
 1463 751 3 3 
 1440 752 3 3 
 1471 752 2 2 
 1473 754 2 1 
 1459 756 14 1 
 1443 764 5 4 
 1478 758 2 1 
 1492 767 2 1 
 1491 765 2 1 
 1452 767 2 1 
 1444 766 2 1 
 1452 767 2 1 
 1452 767 2 1 
 1452 767 2 1 
 600 262 4 3 
 1468 755 2 2 
 1464 757 3 2 
 1464 757 3 2 
 659 62 1 2 
 1451 764 2 1 
 659 62 1 2 
 1446 765 2 1 
 659 62 1 2 
 1446 765 2 1 
 659 62 1 2 
 1446 765 2 1 
 659 62 1 2 
 1446 765 2 1 
 1446 765 2 1 
 659 62 1 2 
 659 62 1 2 
 1451 764 2 1 
 1448 766 2 3 
 659 62 1 2 
 1455 763 2 2 
 1493 765 3 3 
 1493 763 2 3 
 1494 764 2 1 
 1495 763 1 2 
 597 260 2 3 
 1473 761 2 1 
 1480 760 2 1 
 1490 758 1 2 
 1490 758 1 2 
 1473 760 2 1 
 1473 760 2 1 
 649 61 2 4 
 1464 761 2 1 
 1468 760 3 1 
 649 61 2 4 
 649 61 2 4 
 649 61 2 4 
 1468 759 4 1 
 1465 759 3 1 
 649 61 2 4 
 649 61 2 4 
 1480 757 2 1 
 649 61 2 4 
 1480 757 2 1 
 649 61 2 4 
 1464 758 2 1 
 1468 757 3 1 
 1473 755 5 1 
 1440 752 2 2 
 1440 752 2 2 
 1440 752 2 2 
 1440 752 2 2 
 1440 752 2 2 
 1440 752 2 2 
 1440 752 2 2 
 1469 754 7 1 
 1468 754 8 1 
 1465 754 2 1 
 1465 754 2 1 
 1465 754 2 1 
 1465 754 2 1 
 1459 755 2 1 
 1459 755 2 1 
 1461 755 4 1 
 1465 755 3 1 
 1466 755 2 1 
 1459 756 2 1 
 1471 755 2 1 
 1472 755 4 1 
 1473 755 3 1 
 1466 756 2 1 
 1469 756 4 1 
 1477 756 2 1 
 1478 756 2 1 
 1469 757 3 1 
 1489 758 4 2 
 1493 760 4 4 
 1492 761 5 4 
 1671 726 3 1 
 1672 726 2 1 
