 1900 725 3 3 
 1899 719 4 11 
 1898 737 4 9 
 1897 749 4 7 
 1894 759 5 6 
 1891 772 5 6 
 1887 780 5 7 
 1881 789 6 6 
 1877 794 6 6 
 1873 797 7 8 
 1869 800 7 7 
 1866 801 8 8 
 1863 803 7 7 
 1862 805 7 8 
 1859 808 7 7 
 1856 810 7 7 
 1845 816 8 7 
 1832 825 8 7 
 1820 834 8 8 
 1805 849 11 9 
 1796 856 10 8 
 533 40 2 2 
 819 1076 2 2 
 1788 863 10 8 
 533 40 2 2 
 819 1076 2 2 
 1778 869 11 11 
 533 40 2 2 
 818 1071 4 4 
 533 40 2 2 
 799 1072 5 6 
 1058 1073 3 3 
 811 1075 2 2 
 819 1073 4 3 
 1733 973 8 13 
 1726 983 8 12 
 1717 992 11 12 
 1709 999 11 12 
 1701 1008 11 7 
 803 1072 2 2 
 1682 1011 13 7 
 820 1071 3 4 
 821 1076 1 2 
 857 1013 1 3 
 801 1077 1 3 
 1600 1025 16 10 
 1588 1032 14 10 
 1021 1029 2 1 
 1565 1044 12 11 
 1558 1052 11 12 
 1552 1060 11 11 
 1547 1068 9 12 
 824 1059 2 2 
 1054 1069 1 2 
 1054 1069 1 2 
 1027 1046 2 1 
