 79 610 2 1 
 71 606 1 2 
 79 609 2 2 
 82 613 3 2 
 74 615 5 4 
 73 588 2 2 
 71 606 1 2 
 79 608 2 2 
 82 613 4 2 
 74 615 4 4 
 86 625 1 2 
 5 554 2 4 
 73 586 2 4 
 71 606 1 2 
 80 612 6 4 
 74 614 4 4 
 86 625 1 2 
 71 638 2 6 
 5 554 2 4 
 73 586 2 4 
 76 595 2 1 
 71 606 1 2 
 80 613 6 3 
 74 614 4 4 
 37 638 1 2 
 71 641 3 3 
 71 638 3 6 
 5 554 2 4 
 73 586 3 4 
 73 592 1 2 
 71 606 2 2 
 80 613 6 3 
 74 614 4 4 
 37 637 2 3 
 71 641 3 3 
 71 638 3 6 
 39 641 2 1 
 59 684 2 1 
 16 539 2 2 
 5 554 2 4 
 73 586 3 4 
 73 592 1 2 
 76 595 2 1 
 71 606 2 2 
 73 614 3 3 
 73 613 5 5 
 80 613 6 3 
 38 639 3 3 
 37 637 4 5 
 71 639 3 5 
 44 710 2 2 
 15 538 3 3 
 5 554 2 4 
 65 580 3 2 
 73 586 3 4 
 73 592 1 2 
 75 593 3 3 
 71 606 2 2 
 78 609 2 1 
 81 612 2 1 
 80 612 6 4 
 73 613 5 5 
 38 639 3 3 
 37 637 4 5 
 71 639 3 4 
 59 644 1 2 
 78 722 2 3 
 38 639 3 3 
 37 637 4 5 
 71 639 3 4 
 84 692 3 4 
 85 725 1 2 
 70 719 1 2 
 78 722 2 3 
 76 732 4 3 
 60 741 1 2 
 52 735 1 2 
 47 735 3 3 
 71 734 2 3 
 68 733 2 2 
 64 752 2 2 
 69 749 4 3 
 47 735 3 2 
 70 734 3 3 
 38 734 3 2 
 66 840 3 2 
 64 751 3 4 
 69 748 4 4 
 76 746 2 3 
 58 738 4 5 
 65 868 3 2 
 66 840 3 2 
 64 830 2 1 
 64 750 3 5 
 69 748 3 3 
 75 746 3 3 
 61 744 1 2 
 65 868 3 2 
 66 840 3 2 
 64 830 2 1 
 64 750 3 5 
 76 748 2 1 
 69 748 3 3 
 65 867 3 4 
 66 840 3 2 
 64 750 3 4 
 77 749 2 2 
 63 877 2 3 
 65 868 3 4 
 65 752 2 2 
 66 785 2 2 
 51 758 1 2 
 63 879 1 2 
 52 850 2 2 
 53 787 4 2 
 66 784 3 3 
 52 850 2 2 
 63 836 2 2 
 64 818 2 3 
 63 807 1 2 
 64 797 2 2 
 54 787 3 2 
 52 850 2 3 
 63 836 2 2 
 64 818 2 3 
 63 807 1 2 
 64 797 2 2 
 52 850 2 3 
 63 836 2 2 
 64 818 1 2 
 63 807 1 2 
 52 850 2 3 
 64 818 1 2 
 56 932 2 2 
 53 851 1 2 
 66 977 2 4 
 56 932 2 2 
 64 923 2 2 
 60 891 2 2 
 66 977 2 2 
 56 933 2 1 
 69 189 2 2 
 34 390 2 1 
 69 189 2 2 
 1498 858 2 1 
 30 393 4 5 
 0 200 2 2 
 1546 909 1 2 
 50 402 2 3 
 78 606 2 4 
 0 200 2 2 
 1532 840 2 4 
 49 404 2 2 
 78 606 2 4 
 0 200 2 1 
 1532 841 2 3 
 71 410 1 2 
 38 637 3 2 
 0 269 2 2 
 1525 844 1 2 
 62 551 2 4 
 0 269 2 2 
 1518 867 2 2 
 33 474 3 1 
 71 192 1 2 
 30 398 2 2 
 1517 868 2 1 
 71 192 1 2 
 1470 933 2 3 
 71 192 1 2 
 1542 911 2 2 
 71 192 1 2 
 1497 856 2 2 
 71 192 1 2 
 33 393 2 2 
 1533 861 2 2 
 71 192 1 2 
 1507 946 3 3 
 33 393 2 2 
 71 192 1 2 
 33 393 2 2 
 1508 947 2 2 
 65 219 2 2 
 1508 947 2 2 
 654 63 2 1 
 1508 947 2 2 
 33 393 2 2 
 76 744 2 1 
 654 63 2 1 
 1508 947 2 2 
 33 393 2 2 
 76 744 2 1 
 654 63 2 1 
 1508 947 2 2 
 60 570 2 1 
 654 63 2 1 
 69 581 2 2 
 654 63 2 1 
 1434 855 2 3 
 69 581 2 2 
 654 63 2 1 
 1457 854 2 1 
 69 581 3 3 
 654 63 2 1 
 70 800 1 2 
 30 397 2 3 
 654 63 2 1 
 70 800 1 2 
 30 398 1 2 
 63 796 3 3 
 27 363 2 1 
 28 362 1 3 
 82 610 1 2 
 63 279 2 2 
 28 505 2 3 
 69 189 2 2 
 29 398 2 2 
 53 244 2 1 
 81 609 3 2 
 65 189 2 2 
 30 395 2 3 
 52 207 2 2 
 78 942 2 2 
 18 413 1 2 
 52 207 2 2 
 78 942 2 2 
 18 413 1 2 
 63 190 2 2 
 33 889 2 2 
 65 187 4 3 
 34 388 3 3 
 64 187 6 3 
 1433 859 3 1 
 35 389 2 2 
 65 187 5 3 
 1386 860 2 2 
 32 391 1 2 
 65 187 5 3 
 6 902 2 1 
 32 391 1 2 
