 46 344 2 1 
 7 359 4 3 
 7 359 2 2 
 10 361 1 2 
 10 361 1 2 
 9 369 2 2 
 10 361 1 2 
 9 369 2 2 
 19 372 2 1 
 10 361 1 2 
 19 371 2 2 
 1 382 2 1 
 10 361 1 2 
 19 371 2 2 
 1 382 2 1 
 2 421 2 1 
 6 441 2 2 
 0 462 4 3 
 3 375 2 2 
 9 368 1 2 
 9 368 1 2 
 9 368 1 2 
 63 692 2 3 
 47 446 2 1 
 56 436 2 2 
 63 460 2 1 
 44 448 2 2 
 44 448 2 2 
 52 442 2 2 
 52 442 2 2 
 77 479 2 2 
 77 479 2 2 
 108 987 3 4 
 108 987 3 4 
 109 989 2 1 
 653 62 4 4 
 653 62 4 4 
 653 62 4 4 
 653 62 4 4 
 653 62 4 4 
 653 62 4 4 
 653 62 4 4 
 653 62 4 4 
 660 70 4 5 
 660 70 4 5 
 660 70 4 5 
 660 70 4 5 
 660 70 4 5 
 660 70 4 5 
 660 70 4 5 
 660 70 4 5 
