 794 902 3 4 
 794 903 3 2 
 795 903 2 2 
 791 906 2 2 
 794 907 1 2 
 768 911 2 2 
 757 921 3 5 
 757 924 17 11 
 756 926 19 12 
 771 927 4 4 
 773 927 3 3 
 755 926 22 11 
 793 906 1 2 
 790 911 2 2 
 795 911 2 2 
 780 920 2 3 
 762 928 13 10 
 798 903 2 3 
 780 921 2 2 
 770 930 2 2 
 764 931 7 7 
 765 933 5 8 
 766 940 2 2 
 773 947 3 5 
 796 991 2 2 
 777 955 3 1 
 796 1010 2 1 
 796 936 3 5 
 764 928 3 2 
 782 1014 2 1 
 796 919 2 1 
 801 916 2 2 
 787 902 2 2 
 800 910 7 8 
 802 913 3 3 
 801 910 7 9 
 801 910 7 8 
 1123 515 2 2 
 805 912 2 4 
 768 935 2 2 
 1525 522 3 3 
 807 896 2 2 
 1231 184 2 2 
 786 936 3 3 
 785 934 8 6 
 1231 184 2 2 
 1225 143 2 2 
 781 936 5 6 
 1225 143 2 2 
 785 934 4 4 
 1228 145 1 2 
 780 935 6 6 
 1221 142 2 2 
 785 934 2 3 
 1230 140 2 2 
 785 934 2 3 
 784 934 3 3 
 1230 139 3 3 
 1225 143 2 3 
 784 934 2 1 
 1232 139 1 2 
 782 936 2 2 
 1232 139 1 2 
 781 937 4 2 
 1226 143 2 3 
 780 937 5 3 
 1221 148 2 2 
 780 937 6 3 
 1132 504 4 6 
 812 913 1 2 
 1130 504 6 8 
 803 928 4 2 
 1130 505 6 7 
 798 922 1 2 
 1130 505 7 8 
 807 896 2 2 
 1132 504 6 9 
 786 990 11 5 
 1133 507 3 3 
 786 990 9 5 
 1133 507 3 3 
 786 956 3 3 
 1131 503 7 14 
 807 896 2 2 
 1131 503 7 14 
 788 954 1 2 
 1131 503 8 14 
 807 896 2 2 
 1131 503 9 14 
 805 937 2 4 
 1131 503 9 14 
 783 927 3 5 
 1135 505 3 3 
 768 907 2 3 
 1130 503 10 14 
 797 934 2 1 
 797 934 2 1 
 1136 510 3 3 
 1137 503 3 6 
 797 934 2 1 
 1135 503 5 13 
 797 934 2 1 
 1133 503 2 2 
 796 936 3 2 
 1133 503 2 2 
 773 1012 3 2 
 1133 503 2 2 
 590 1046 3 3 
 1138 510 3 3 
 590 1046 4 4 
 1136 504 6 12 
 590 1046 4 4 
 1138 512 3 3 
 590 1046 4 4 
 1133 506 2 2 
 590 1046 4 4 
 1132 506 4 5 
 590 1046 3 3 
 1133 506 3 4 
 590 1046 3 3 
 1137 506 2 1 
 590 1046 3 3 
 1134 506 2 3 
 781 939 11 15 
 781 943 11 12 
 1135 508 8 9 
 1138 510 3 3 
 781 944 9 12 
 1138 510 3 3 
 783 948 6 9 
 1135 508 7 10 
 786 940 5 5 
 1136 507 2 2 
 786 939 5 10 
 1138 510 3 3 
 792 916 8 12 
 1136 507 2 2 
 785 946 4 5 
 1136 507 2 2 
 785 947 4 6 
 1136 507 2 5 
 789 940 11 11 
 1136 507 2 5 
 784 946 2 2 
