 37 206 2 3 
 32 288 2 1 
 46 339 2 6 
 35 283 1 2 
 42 284 2 3 
 43 285 2 2 
 43 285 2 3 
 46 340 2 3 
 47 341 1 2 
 25 386 5 9 
 27 388 2 1 
 26 390 4 5 
 65 424 4 3 
 77 471 1 2 
 52 435 3 3 
 54 437 2 2 
 75 498 2 1 
 42 558 2 3 
 57 537 2 2 
 64 528 2 2 
 53 523 2 1 
 68 512 2 2 
 56 650 2 2 
 52 635 2 2 
 34 560 2 2 
 42 558 6 4 
 53 555 2 1 
 55 552 2 1 
 45 539 2 3 
 57 537 3 3 
 57 537 3 3 
 67 527 3 2 
 64 526 3 4 
 50 523 4 2 
 52 636 2 1 
 34 560 2 2 
 42 558 5 4 
 76 540 2 2 
 45 540 2 2 
 68 527 2 1 
 43 560 4 2 
 34 560 2 3 
 45 541 2 1 
 76 540 2 2 
 57 537 2 2 
 43 560 4 2 
 34 560 2 2 
 45 541 2 1 
 76 540 2 2 
 61 250 2 1 
 32 453 2 2 
 1438 753 3 4 
 1438 753 3 4 
 1438 753 3 4 
 1438 753 3 4 
 1438 753 3 4 
 1438 753 3 4 
 1438 753 3 2 
 1449 754 2 2 
 1445 756 2 3 
 1449 754 2 2 
 1445 757 2 2 
 1449 754 2 2 
 1449 754 2 2 
 669 64 1 2 
 1449 754 2 2 
 669 64 1 2 
 669 64 1 2 
 669 64 1 2 
 669 64 1 2 
 669 64 1 2 
 38 310 2 2 
 669 64 1 2 
 38 310 2 2 
 669 64 1 2 
 19 273 2 1 
 38 310 1 2 
 19 273 2 1 
 19 273 2 1 
