 23 339 3 3 
 73 410 2 1 
 39 479 1 3 
 64 549 1 2 
 78 607 4 4 
 67 592 2 3 
 78 608 4 3 
 78 608 4 3 
 76 627 4 5 
 67 591 3 5 
 78 608 4 3 
 76 627 4 5 
 77 639 8 8 
 67 592 2 4 
 78 608 4 3 
 76 627 4 5 
 79 638 6 9 
 77 643 1 2 
 84 646 2 1 
 81 641 3 3 
 75 643 3 3 
 73 647 3 6 
 84 646 2 1 
 54 740 3 7 
 67 668 1 2 
 53 742 3 3 
 54 745 3 3 
 50 742 2 2 
 78 760 1 2 
 64 760 4 2 
 54 745 3 3 
 53 744 3 3 
 1538 1067 4 5 
 77 643 1 2 
 30 168 2 2 
 71 938 2 2 
 98 975 2 2 
 30 168 2 2 
 64 761 1 2 
 95 976 2 4 
 39 179 1 2 
 67 759 3 2 
 39 179 1 2 
 98 975 2 2 
 39 179 1 2 
 98 975 2 2 
 39 179 1 2 
 95 977 2 3 
 69 197 4 4 
 98 975 2 2 
 60 790 4 3 
 24 345 1 2 
 24 345 1 2 
 24 345 1 2 
 82 618 3 4 
 24 345 1 2 
 81 614 1 2 
 0 330 3 2 
 80 597 2 1 
 1 330 4 3 
 79 596 3 2 
 67 188 2 2 
 67 188 2 2 
 55 178 2 1 
 82 617 4 5 
 55 178 2 1 
 82 617 4 5 
 39 170 2 2 
 79 611 5 5 
 55 178 2 1 
 81 613 3 3 
 55 177 2 2 
 81 617 5 3 
 39 170 2 2 
 84 618 2 2 
 39 170 2 2 
 86 623 2 1 
 39 170 2 2 
 86 622 2 2 
 2 382 2 3 
 39 170 2 2 
 87 625 2 3 
 39 170 2 2 
 67 647 2 2 
 39 170 2 2 
 67 647 2 2 
 51 187 2 3 
 655 970 2 1 
 86 623 2 1 
 1 391 2 3 
 51 187 2 3 
 655 970 2 1 
 85 617 1 2 
 1 391 2 2 
 51 187 2 1 
 655 970 2 1 
 1 391 2 2 
 80 610 2 2 
 52 187 3 3 
 0 389 3 3 
 56 178 2 2 
 93 985 2 6 
 1 389 3 1 
 53 187 1 2 
 1 391 3 4 
 100 978 3 3 
 70 598 3 2 
 29 195 2 1 
 62 185 7 4 
 99 978 4 3 
 33 386 3 3 
 39 169 2 2 
 104 979 2 2 
 70 599 2 1 
 4 371 2 2 
 39 169 2 2 
 104 979 2 2 
 5 371 1 2 
 39 169 2 2 
 39 169 2 2 
 39 169 2 2 
 54 177 2 2 
 54 177 2 2 
