 784 902 4 3 
 764 906 6 5 
 784 902 4 3 
 766 907 1 2 
 784 902 4 2 
 763 915 4 4 
 764 918 2 3 
 778 932 1 2 
 780 932 4 6 
 778 937 5 7 
 791 926 2 3 
 791 927 2 3 
 772 927 1 2 
 792 928 1 2 
 793 915 2 3 
 791 919 2 2 
 789 931 3 2 
 793 915 4 3 
 764 917 2 2 
 791 919 2 2 
 789 921 2 2 
 763 923 2 1 
 785 937 1 3 
 763 927 7 3 
 789 931 3 2 
 788 946 4 6 
 786 995 6 4 
 1220 151 4 4 
 788 952 2 2 
 1220 151 4 4 
 786 995 7 4 
 1220 151 4 4 
 788 952 2 2 
 1220 151 4 4 
 761 908 6 5 
 791 946 2 3 
 1221 151 3 3 
 791 947 2 2 
 768 938 3 2 
 1221 151 3 3 
 789 902 2 1 
 787 908 4 6 
 788 908 2 2 
 787 909 3 4 
 787 911 2 2 
 787 931 5 5 
 787 931 5 5 
 787 934 2 1 
 787 934 2 1 
 780 948 4 5 
 781 949 3 3 
 786 933 3 3 
 786 934 2 2 
 767 924 3 2 
 770 914 2 1 
 769 911 3 2 
 768 910 3 3 
 770 908 2 1 
 763 909 5 6 
 1217 151 1 2 
 768 906 2 2 
 757 912 3 4 
 1216 153 3 2 
 766 905 3 3 
 760 906 10 5 
 779 935 4 12 
 762 910 2 3 
 807 911 3 3 
 806 911 4 5 
 806 911 4 5 
 806 911 4 6 
 781 951 2 5 
 806 911 3 4 
 806 911 3 4 
 807 909 3 3 
 808 907 3 3 
 799 903 2 2 
 800 903 2 1 
 800 903 2 1 
 800 903 2 2 
 800 903 2 2 
 769 909 3 3 
 799 903 3 2 
 800 903 2 2 
 763 907 3 3 
 763 907 3 3 
 756 906 9 7 
 791 942 3 2 
 793 936 4 5 
 787 902 2 2 
 789 945 2 2 
 788 902 2 2 
 1223 152 1 2 
 798 999 2 2 
 1223 152 1 2 
 798 999 2 2 
 1223 152 1 2 
 788 908 2 5 
 778 1011 13 5 
 778 1011 11 5 
 791 951 4 4 
 792 934 2 3 
 792 933 3 5 
 792 932 4 6 
 792 932 4 3 
 782 929 3 2 
 1231 141 2 3 
 798 932 2 2 
 784 938 8 14 
 1231 139 2 4 
 1231 142 2 2 
 783 938 8 14 
 1231 142 2 2 
 783 938 8 13 
 1231 142 2 2 
 788 928 6 8 
 1233 138 2 1 
 785 930 7 5 
 1233 138 2 1 
 785 931 5 5 
 1233 138 2 2 
 785 932 4 4 
