 1095 1074 4 6 
 327 1045 3 1 
 0 361 3 2 
 1095 1063 1 2 
 16 386 2 1 
 29 292 3 1 
 51 332 1 2 
 29 292 3 1 
 23 338 3 2 
 35 354 1 2 
 29 292 2 1 
 51 332 1 2 
 23 338 3 2 
 35 354 1 2 
 2 360 1 2 
 1077 1068 2 1 
 18 429 3 3 
 48 482 3 3 
 7 258 2 2 
 51 332 1 2 
 23 338 3 2 
 2 381 3 2 
 17 388 2 2 
 11 263 2 2 
 51 332 1 2 
 23 338 3 2 
 2 381 2 2 
 17 388 2 2 
 11 391 1 2 
 51 332 1 2 
 23 338 3 2 
 0 358 2 2 
 2 380 3 3 
 17 388 2 2 
 24 397 1 2 
 2 380 3 3 
 0 385 2 1 
 17 388 2 2 
 24 397 1 2 
 7 398 4 3 
 1088 1068 14 12 
 0 460 2 5 
 67 468 2 2 
 44 480 2 2 
 27 488 2 2 
 33 505 2 2 
 31 526 5 3 
 1918 613 2 2 
 1056 1056 4 3 
 1100 1051 1 2 
 82 515 2 1 
 25 342 1 2 
 1827 1055 4 3 
 25 342 1 2 
 1826 1055 4 3 
 1918 612 2 3 
 1827 1056 2 2 
 25 342 1 2 
 24 343 2 1 
 1833 1059 4 3 
 1801 1062 5 6 
 1918 612 2 3 
 7 402 4 5 
 1918 612 2 2 
 1800 1061 6 5 
 7 402 5 5 
 1918 612 2 2 
 1800 1061 6 5 
 7 402 4 5 
 1800 1061 6 5 
 1918 612 2 2 
 7 403 5 5 
 1827 1067 3 3 
 1918 612 2 2 
 628 63 5 3 
 1780 1070 1 2 
 1918 612 2 2 
 3 394 1 2 
