 54 572 2 3 
 75 588 2 3 
 78 606 2 1 
 79 609 2 2 
 75 612 3 3 
 74 612 5 4 
 81 613 5 5 
 86 617 2 3 
 81 619 1 2 
 65 576 2 2 
 64 580 2 2 
 53 588 2 2 
 75 588 3 3 
 74 588 4 3 
 79 608 3 3 
 74 611 5 5 
 81 613 5 3 
 84 617 1 2 
 86 617 2 3 
 81 619 2 2 
 31 620 2 2 
 73 620 2 1 
 84 621 2 2 
 54 574 2 1 
 70 583 2 3 
 75 588 3 3 
 72 587 6 4 
 53 588 4 3 
 81 611 3 3 
 81 609 5 7 
 74 611 5 4 
 86 617 1 3 
 81 619 1 2 
 31 620 2 2 
 84 621 2 2 
 78 628 2 1 
 54 574 2 1 
 65 576 2 2 
 65 579 2 1 
 69 583 3 4 
 53 586 2 1 
 72 587 6 4 
 53 588 4 2 
 52 605 2 2 
 78 605 2 2 
 74 609 5 6 
 84 616 3 3 
 80 609 8 11 
 31 619 4 3 
 84 621 2 2 
 78 626 3 3 
 71 630 5 8 
 64 576 3 4 
 69 583 3 4 
 53 586 2 1 
 72 586 7 5 
 53 588 4 2 
 52 604 2 3 
 78 605 2 2 
 82 611 3 3 
 84 616 3 3 
 79 607 9 13 
 73 609 7 6 
 31 619 4 3 
 75 622 2 1 
 78 626 3 3 
 72 630 4 8 
 64 631 4 6 
 64 577 3 3 
 69 583 3 3 
 69 583 10 7 
 53 586 2 1 
 55 588 2 1 
 52 604 2 3 
 78 605 2 2 
 81 608 3 3 
 79 607 11 18 
 74 609 5 6 
 31 619 4 3 
 75 622 2 1 
 78 625 1 2 
 78 626 3 3 
 64 630 4 6 
 72 630 4 8 
 69 643 2 3 
 57 646 2 1 
 64 577 3 3 
 69 583 3 3 
 69 583 10 7 
 53 586 2 1 
 52 604 2 3 
 78 604 12 19 
 74 609 5 6 
 74 618 2 2 
 31 619 4 3 
 75 622 2 1 
 78 625 1 2 
 78 626 3 4 
 72 629 4 9 
 64 630 3 5 
 68 638 3 8 
 56 646 3 2 
 53 708 3 5 
 31 619 4 3 
 75 622 2 1 
 89 624 2 1 
 78 625 1 2 
 78 626 3 4 
 64 630 2 4 
 72 631 3 5 
 68 637 3 9 
 56 645 3 3 
 53 708 3 5 
 69 714 3 4 
 57 717 2 3 
 86 687 2 2 
 64 745 2 1 
 38 778 2 1 
 3 811 2 2 
 14 902 2 2 
 26 908 1 2 
 76 997 1 2 
 73 989 2 2 
 73 978 2 3 
 65 972 2 1 
 82 999 4 3 
 76 997 2 2 
 76 991 1 2 
 87 979 3 3 
 73 979 2 2 
 80 976 2 2 
 84 975 1 2 
 82 999 6 4 
 83 1000 3 3 
 77 997 1 2 
 83 996 2 2 
 87 979 3 3 
 83 999 5 4 
 77 997 2 3 
 82 996 2 1 
 75 993 2 3 
 75 991 2 1 
 66 984 1 2 
 83 1000 6 4 
 75 993 3 3 
 75 993 3 3 
 77 1011 2 2 
 83 1000 6 4 
 77 1011 2 2 
 654 62 3 2 
 46 889 3 2 
 15 305 2 1 
 76 687 1 2 
 65 869 2 1 
 15 305 2 1 
 33 262 2 1 
 81 719 1 2 
 7 306 2 2 
 73 989 2 1 
 33 618 3 2 
 7 306 2 2 
 73 989 2 1 
 33 617 4 4 
 7 306 2 2 
 82 999 5 1 
 47 786 2 1 
 7 306 2 2 
 73 989 2 1 
 34 617 4 4 
 40 373 4 3 
 66 872 1 2 
 53 378 2 2 
 81 609 3 7 
 45 378 1 2 
 93 979 2 2 
 45 378 1 2 
 71 583 1 2 
 41 374 2 1 
 1506 991 2 3 
 67 575 3 1 
 8 781 3 3 
 73 407 2 2 
 43 907 2 2 
 45 462 2 1 
 81 719 1 2 
 29 504 1 2 
 66 747 2 2 
 68 575 1 2 
 19 785 3 3 
 67 592 2 1 
 31 852 3 4 
 70 416 2 2 
 39 782 2 2 
 666 70 2 3 
 67 592 2 1 
 10 849 2 2 
 666 70 2 3 
 84 617 2 2 
 51 958 3 2 
 666 70 2 3 
 51 381 2 1 
 77 968 2 2 
 666 70 2 3 
 66 978 3 4 
 666 70 2 3 
 66 979 2 3 
 666 70 2 3 
 69 981 1 2 
 666 70 2 3 
 69 981 1 2 
