 7 285 2 2 
 21 326 1 2 
 36 367 2 1 
 52 369 5 3 
 43 371 7 3 
 33 378 4 4 
 0 379 2 2 
 26 388 4 5 
 5 390 2 1 
 69 397 3 4 
 51 398 4 3 
 55 414 2 1 
 7 285 2 2 
 52 369 5 3 
 43 371 7 3 
 33 378 3 4 
 0 379 2 2 
 26 388 4 5 
 5 390 2 1 
 69 397 3 4 
 51 398 4 3 
 55 414 2 1 
 29 415 2 3 
 7 285 2 2 
 52 369 3 3 
 56 369 1 2 
 43 371 7 3 
 33 378 3 3 
 0 379 2 2 
 26 388 4 4 
 5 390 2 1 
 70 397 3 3 
 69 397 5 4 
 51 398 4 3 
 55 414 2 1 
 29 416 2 2 
 7 285 2 2 
 52 369 2 3 
 43 371 2 3 
 48 371 2 1 
 46 372 1 2 
 33 378 3 3 
 0 379 2 2 
 28 388 2 2 
 5 390 2 1 
 26 390 1 2 
 51 398 4 3 
 55 414 2 1 
 56 433 2 1 
 44 372 1 2 
 46 372 1 2 
 34 378 2 3 
 28 388 2 2 
 5 390 2 1 
 26 390 1 2 
 51 398 4 3 
 55 414 2 1 
 63 417 1 2 
 56 433 2 1 
 44 452 3 2 
 25 456 2 1 
 50 878 2 5 
 31 459 3 4 
 27 512 1 2 
 32 461 2 2 
 59 215 2 3 
 4 717 1 2 
 34 285 2 3 
 65 191 2 1 
 467 1075 1 2 
 54 208 2 2 
 65 190 1 2 
 1372 872 2 1 
 61 185 2 2 
 1372 872 2 1 
 61 185 2 2 
 1332 896 3 3 
 61 185 2 2 
 1355 925 2 3 
 63 190 1 2 
 1354 923 3 5 
 62 186 2 2 
 1310 954 1 2 
 1 388 2 2 
 53 226 2 1 
 1354 923 3 5 
 54 210 2 2 
 1509 1006 2 2 
 1509 1005 2 3 
 59 205 1 2 
 654 64 2 1 
 36 877 2 1 
 64 279 2 3 
 654 64 2 1 
 54 268 2 2 
 654 64 2 1 
 54 268 2 2 
 654 64 2 1 
 1519 857 2 4 
 54 268 2 3 
 654 64 2 1 
 1343 864 3 2 
 54 268 2 3 
 654 64 2 1 
 73 959 2 2 
 36 393 2 1 
 654 64 2 1 
 1 387 1 2 
 654 64 2 1 
 0 387 2 3 
 75 957 2 2 
 44 207 2 1 
 67 190 2 3 
 25 883 2 2 
 66 190 3 4 
 25 883 2 2 
 66 191 3 3 
 62 192 3 2 
 62 192 3 2 
 1342 889 2 2 
 62 192 3 2 
 1509 968 2 3 
 44 207 2 1 
 1509 968 3 4 
 32 224 3 3 
 74 928 2 3 
 32 225 1 2 
 1510 968 4 5 
 38 224 2 1 
 1368 870 2 1 
 67 192 2 1 
 794 848 2 2 
 58 230 2 1 
 1343 866 2 2 
 53 225 2 1 
 1342 866 3 2 
 54 210 2 2 
 1342 866 3 2 
 54 210 2 3 
 1342 866 2 2 
 54 211 1 2 
 1378 872 2 2 
 666 71 3 2 
 60 950 3 2 
 666 71 3 2 
 57 282 2 2 
 1341 869 5 5 
 666 71 3 2 
 61 970 2 2 
 666 71 3 2 
 80 980 2 2 
 41 296 2 1 
 666 71 3 2 
 79 980 3 2 
 13 313 2 3 
 666 71 3 2 
 79 980 3 2 
 13 314 1 2 
 666 71 3 2 
 88 983 2 2 
 10 298 2 2 
 666 71 3 2 
 83 999 2 2 
 21 304 2 2 
 87 999 1 2 
 60 253 2 2 
 21 304 2 2 
 62 829 2 3 
 29 393 2 2 
 68 845 1 3 
 466 1057 3 3 
 21 304 2 2 
 68 845 1 3 
 487 1061 2 2 
 21 304 2 2 
 68 845 1 3 
 487 1062 2 2 
 21 304 2 2 
 68 845 2 3 
 21 304 2 2 
 1482 1002 1 2 
 486 1063 3 3 
 21 304 2 2 
 56 853 4 3 
 486 1064 3 3 
 5 397 1 2 
 62 842 1 2 
 55 1028 3 3 
 56 852 2 2 
 56 852 2 2 
 52 834 3 3 
 53 834 2 2 
 12 300 2 2 
 83 1017 2 1 
 83 1016 2 2 
 12 300 2 2 
 58 282 2 2 
 87 1008 1 2 
