 83 714 1 2 
 62 743 2 2 
 1555 1024 3 2 
 64 760 2 2 
 60 792 3 3 
 40 713 2 2 
 82 730 2 1 
 82 730 2 1 
 64 760 2 3 
 64 760 2 3 
 58 790 6 5 
 67 790 1 2 
 64 760 2 3 
 66 789 2 3 
 59 792 4 3 
 58 790 6 5 
 73 727 1 2 
 64 760 2 3 
 66 789 2 3 
 59 790 5 5 
 67 794 6 9 
 82 730 2 1 
 66 789 2 3 
 59 790 5 5 
 67 794 6 9 
 53 797 1 2 
 70 799 3 4 
 61 803 2 2 
 71 854 1 2 
 66 913 2 2 
 656 63 2 2 
 52 763 2 2 
 52 763 2 2 
 1 394 2 2 
 1 394 3 3 
 52 763 2 2 
 0 394 3 4 
 55 732 2 2 
 2 336 2 1 
 68 794 2 2 
 2 336 2 1 
 63 828 2 2 
 2 335 2 2 
 69 795 1 2 
 2 335 2 2 
 66 756 6 4 
 2 335 2 2 
 63 792 1 2 
 2 335 2 2 
 74 626 2 2 
 2 335 2 2 
 67 795 3 2 
 35 397 2 2 
 68 795 2 2 
 58 548 2 2 
 9 779 5 5 
 0 394 2 4 
 74 625 2 2 
 74 625 2 2 
 74 625 2 2 
 0 395 2 3 
 74 625 2 2 
 0 395 2 3 
 74 625 2 2 
 667 63 3 3 
 0 395 2 3 
 74 625 2 2 
 669 63 1 2 
 74 625 2 2 
 669 63 1 2 
 82 665 2 1 
 669 63 1 2 
 83 665 2 1 
 669 63 1 2 
 82 663 3 3 
 669 63 1 2 
 82 663 3 3 
 669 63 1 2 
 69 849 2 2 
 669 63 1 2 
 82 663 3 3 
 82 663 3 3 
 82 663 3 3 
 82 663 3 3 
 82 663 3 3 
 86 697 2 2 
 86 697 2 2 
 86 697 2 2 
 86 697 2 2 
 86 697 2 2 
 86 697 2 2 
 86 697 2 2 
 86 697 2 2 
 78 728 2 2 
 78 728 2 2 
 62 751 2 3 
 62 752 2 2 
 51 769 2 2 
 652 63 2 2 
 47 725 2 2 
 652 63 2 2 
 47 725 2 2 
 652 63 2 2 
 59 789 2 1 
 652 63 2 2 
 72 653 2 2 
 652 63 2 2 
 72 653 2 2 
 652 63 2 2 
 72 653 2 2 
 652 63 2 2 
 72 653 2 2 
 652 63 2 2 
 50 741 2 1 
 80 951 2 2 
 62 829 3 4 
 68 794 1 2 
 68 794 1 3 
 68 795 1 2 
 62 830 3 2 
 64 757 2 2 
 63 830 2 3 
 73 969 1 2 
 73 969 1 2 
 73 969 1 2 
 73 969 1 2 
 73 969 1 2 
 73 969 1 2 
 73 969 1 2 
 66 677 2 3 
 66 677 2 3 
 66 677 2 3 
 664 63 2 1 
 45 910 2 2 
 664 63 2 1 
 62 880 5 6 
 664 63 2 1 
 62 880 4 4 
