 858 1017 3 3 
 855 1017 6 8 
 854 1018 5 7 
 853 1021 4 4 
 853 1021 3 3 
 852 1021 4 4 
 839 1031 2 2 
 852 1022 3 3 
 837 1030 4 3 
 824 1037 3 1 
 852 1023 3 2 
 837 1030 4 3 
 823 1038 3 3 
 823 1037 5 4 
 835 1030 6 3 
 822 1037 5 5 
 832 1039 3 3 
 832 1037 4 5 
 828 1038 3 3 
 815 1053 3 4 
 835 1030 6 3 
 821 1036 10 6 
 832 1039 3 3 
 830 1037 6 5 
 815 1053 3 3 
 815 1053 3 4 
 801 1054 9 5 
 835 1030 6 3 
 824 1034 3 3 
 825 1036 3 3 
 820 1034 11 8 
 832 1039 3 3 
 830 1037 6 5 
 815 1053 3 4 
 801 1055 3 4 
 804 1055 4 3 
 801 1054 9 5 
 835 1030 6 3 
 826 1034 3 3 
 820 1034 10 7 
 832 1039 3 3 
 830 1037 6 5 
 804 1055 4 4 
 806 1057 3 3 
 800 1053 10 7 
 813 1053 5 4 
 835 1030 6 3 
 820 1034 10 7 
 832 1039 3 3 
 796 1061 4 3 
 830 1037 6 5 
 811 1052 8 5 
 806 1057 3 3 
 799 1053 11 7 
 825 1026 2 2 
 835 1030 6 3 
 820 1034 9 7 
 832 1039 3 3 
 830 1036 6 6 
 796 1062 4 2 
 811 1052 8 5 
 806 1057 3 3 
 800 1053 10 7 
 800 1057 2 2 
 835 1030 5 2 
 824 1034 3 3 
 826 1034 3 3 
 821 1034 8 7 
 832 1039 3 3 
 832 1036 4 6 
 814 1065 7 9 
 814 1065 3 3 
 792 1065 6 10 
 811 1052 8 5 
 796 1062 4 2 
 800 1053 6 5 
 800 1057 2 2 
 807 1057 3 2 
 835 1031 3 1 
 825 1034 2 1 
 825 1036 3 3 
 821 1036 10 5 
 832 1039 3 3 
 816 1066 4 8 
 832 1037 3 5 
 814 1065 3 3 
 792 1065 6 10 
 796 1062 2 2 
 807 1057 3 2 
 801 1057 1 2 
 816 1054 3 3 
 800 1053 5 5 
 811 1052 8 5 
 792 1069 5 5 
 811 1052 7 5 
 817 1071 2 1 
 795 1070 2 2 
 885 1012 3 3 
 856 1020 3 3 
 828 1033 2 1 
 527 53 2 1 
 883 1014 3 3 
 883 1013 5 3 
 886 1013 3 3 
 886 1013 4 3 
 886 1013 4 3 
 886 1013 4 3 
 886 1013 4 6 
 888 1013 2 5 
 1115 1056 2 2 
 844 1017 3 6 
 1111 1053 2 2 
 1111 1053 3 2 
 843 1019 2 1 
 796 1064 1 2 
 808 1077 2 3 
 803 1059 2 2 
 1005 1041 1 2 
 1005 1040 1 3 
 1003 1040 3 3 
 1003 1040 4 3 
 1003 1040 4 3 
 1003 1040 4 3 
 1003 1040 4 3 
 1003 1039 4 4 
 1107 1055 2 1 
 1107 1055 2 1 
 675 556 4 4 
 1062 1073 1 2 
 1062 1073 1 2 
 1107 1053 3 2 
 1107 1053 3 2 
 1108 1052 2 3 
 1108 1052 2 3 
 1108 1052 2 3 
 1108 1052 2 3 
 1108 1052 2 3 
 1081 1063 3 2 
 1081 1063 2 2 
 535 47 2 2 
 823 1028 2 1 
 535 47 2 2 
 823 1028 2 1 
 535 47 2 2 
 823 1028 2 1 
 535 47 2 2 
 752 1078 2 2 
 535 47 2 2 
 716 1078 2 2 
 535 47 2 2 
 726 1075 2 2 
 535 47 2 2 
 996 1021 4 4 
 535 47 2 2 
 752 1078 2 2 
 752 1078 2 2 
 996 1020 5 5 
 996 1020 5 5 
 997 1020 4 4 
 998 1020 3 4 
 1040 1066 3 1 
 1041 1066 2 1 
 1107 1050 1 2 
 690 1068 3 4 
 690 1068 3 4 
 1082 1064 2 2 
 690 1068 3 4 
 690 1068 3 4 
 997 1020 4 4 
 996 1020 5 4 
 996 1020 5 4 
 996 1020 5 4 
 504 43 3 3 
 718 1073 3 2 
 504 43 3 3 
 504 43 2 3 
 504 43 2 3 
 504 43 2 3 
 708 1072 6 3 
 504 43 2 3 
 504 43 2 3 
 504 43 2 3 
