 25 284 13 8 
 21 297 18 8 
 22 310 14 8 
 22 322 12 9 
 22 335 13 8 
 20 348 14 8 
 18 360 15 8 
 18 373 14 8 
 16 385 15 8 
 16 398 14 8 
 15 410 15 8 
 14 422 15 8 
 14 435 14 7 
 13 447 15 7 
 13 459 14 8 
 12 471 14 7 
 11 483 14 7 
 11 495 14 7 
 10 507 14 7 
 9 519 14 7 
 9 531 14 7 
 8 542 13 7 
 6 554 14 6 
 6 565 13 7 
 5 577 13 6 
 4 589 13 6 
 3 600 13 6 
 2 611 13 7 
 0 623 13 7 
 0 635 12 6 
 0 646 12 7 
 0 658 11 6 
 0 669 10 7 
 0 681 10 6 
 0 691 9 8 
 0 703 8 7 
 0 714 8 7 
 0 725 8 7 
 0 736 7 7 
 0 746 7 8 
 0 757 7 7 
 0 778 7 7 
 0 789 8 7 
 0 799 9 7 
 0 809 10 7 
 0 819 11 7 
 0 829 11 7 
 0 839 13 7 
 589 1048 1 2 
 589 1048 1 2 
 589 1048 1 2 
 589 1048 1 2 
 589 1048 1 2 
 596 1024 1 2 
 596 1024 1 2 
 596 1024 1 2 
