 72 622 2 1 
 59 660 2 2 
 86 701 1 2 
 45 716 1 2 
 69 645 3 3 
 47 728 2 2 
 52 557 2 1 
 76 736 2 2 
 73 748 3 6 
 75 755 2 3 
 76 615 2 3 
 77 616 2 2 
 81 631 2 1 
 40 783 1 2 
 83 636 1 2 
 81 666 2 3 
 65 678 3 2 
 65 678 3 2 
 48 740 2 2 
 69 740 2 2 
 62 741 2 2 
 48 740 2 2 
 72 751 4 4 
 48 741 2 3 
 72 751 4 4 
 40 783 1 2 
 48 741 2 3 
 72 751 2 2 
 40 783 1 2 
 61 785 2 2 
 62 809 1 2 
 62 823 2 1 
 655 63 4 2 
 1536 842 3 3 
 0 308 1 2 
 655 63 4 2 
 0 308 1 2 
 655 63 4 2 
 64 282 4 3 
 655 63 4 2 
 1531 840 2 1 
 64 282 4 3 
 1536 843 2 3 
 51 226 2 1 
 55 231 2 2 
 1518 849 2 1 
 50 244 1 3 
 1483 850 2 1 
 50 244 1 3 
 1483 850 2 3 
 50 244 1 3 
 1483 850 2 3 
 45 231 1 2 
 1642 874 2 2 
 80 665 3 4 
 45 231 1 2 
 1642 874 2 2 
 81 666 2 2 
 52 231 2 1 
 1642 874 2 2 
 79 667 2 2 
 52 231 2 1 
 1642 873 1 3 
 79 666 3 3 
 52 231 2 1 
 1607 881 1 2 
 79 666 3 3 
 24 332 2 2 
 1607 881 1 2 
 77 652 2 1 
 19 373 3 3 
 1641 873 3 3 
 77 616 2 2 
 12 373 3 2 
 1521 855 2 2 
 54 581 2 2 
 12 373 3 2 
 1641 873 3 3 
 54 581 2 2 
 13 322 2 1 
 1531 842 2 2 
 54 581 1 2 
 33 264 2 1 
 1641 873 3 2 
 62 475 2 3 
 33 264 1 2 
 66 923 2 1 
 20 339 1 2 
 1580 843 2 2 
 54 581 1 2 
 10 326 2 1 
 1580 843 2 2 
 54 581 1 2 
 10 326 2 1 
 1580 843 2 2 
 54 581 1 2 
 10 326 2 1 
 1691 905 1 2 
 73 608 3 3 
 14 318 2 2 
 1580 843 2 2 
 70 621 2 2 
 14 321 2 2 
 69 621 3 2 
 10 326 2 1 
 1607 901 2 2 
 69 621 3 2 
 14 319 2 2 
 69 621 3 2 
 32 351 2 2 
 68 645 2 2 
 39 380 2 2 
 68 736 3 3 
 1183 500 2 1 
 76 736 1 2 
 59 261 1 2 
 1183 499 2 2 
 1653 911 2 2 
 63 283 2 1 
 1183 499 2 2 
 1183 499 2 2 
 69 738 3 2 
 1183 499 2 2 
 83 730 1 2 
 1183 499 2 2 
 81 725 2 3 
 1185 502 3 3 
 81 726 1 2 
 1671 941 2 2 
 1183 500 2 2 
 1671 941 2 2 
 81 726 1 2 
 1177 502 2 1 
 82 728 1 3 
 1707 957 2 1 
 1180 505 5 1 
 43 743 2 2 
 1707 957 2 1 
 1182 502 7 4 
 49 740 2 2 
 1707 957 2 1 
 35 650 2 2 
 1636 872 3 3 
 1187 503 2 1 
 43 743 3 4 
 1711 969 2 2 
 1649 988 1 2 
 35 650 2 2 
 1649 988 1 2 
 35 650 2 2 
 1660 1005 4 3 
 44 745 2 2 
 1678 1019 2 2 
 1678 1019 2 2 
 1678 1019 2 2 
 43 744 2 3 
 1678 1019 2 2 
 1552 889 1 2 
 1552 889 1 2 
 1692 968 2 1 
 1552 889 1 2 
 1535 841 2 2 
 1530 839 2 1 
 1534 840 3 3 
 1534 840 3 3 
 1530 839 2 1 
 1534 840 2 3 
 73 624 2 1 
 1534 840 2 3 
 59 661 2 3 
 59 662 2 2 
 59 662 2 1 
 79 723 2 2 
 75 755 2 1 
 63 670 2 1 
 1728 802 2 2 
 667 64 1 2 
 1728 802 2 2 
 667 64 1 3 
 65 406 2 1 
 667 64 1 3 
 26 297 2 2 
 68 645 4 4 
 667 64 1 3 
 1727 802 2 3 
 26 297 2 2 
 67 586 2 2 
 667 65 1 2 
 2 328 2 2 
 70 646 2 3 
 667 65 1 2 
 70 646 2 3 
 37 289 1 2 
