 899 1006 2 1 
 921 1038 4 3 
 952 1073 3 3 
 973 1058 5 5 
 843 1066 2 2 
 926 1046 3 2 
 922 1038 3 3 
 922 1039 2 1 
 1022 1070 2 2 
 934 1042 2 1 
 926 1046 4 3 
 935 1046 2 2 
 930 1040 3 3 
 933 1045 4 3 
 925 1047 3 2 
 933 1045 4 3 
 925 1046 3 4 
 956 1055 5 4 
 933 1045 4 3 
 925 1046 3 4 
 957 1054 3 3 
 958 1055 3 3 
 956 1054 5 4 
 962 1056 1 2 
 923 1044 2 1 
 934 1045 2 2 
 957 1054 3 3 
 958 1055 3 3 
 956 1054 5 4 
 985 1059 4 4 
 1032 1039 1 2 
 934 1045 2 2 
 1030 1052 4 2 
 944 1067 4 6 
 959 1055 2 2 
 984 1058 5 6 
 1032 1039 1 2 
 1031 1052 3 2 
 981 1069 5 5 
 989 1068 1 2 
 942 1067 5 5 
 959 1055 2 2 
 983 1058 6 6 
 976 1064 2 1 
 975 1061 3 2 
 978 1072 3 3 
 956 1054 5 3 
 981 1069 6 5 
 989 1068 1 2 
 942 1067 5 5 
 984 1058 5 5 
 975 1062 3 1 
 976 1073 4 1 
 940 1067 7 6 
 843 1060 3 2 
 958 1074 7 4 
 957 1075 4 5 
 959 1077 2 3 
 961 1076 9 4 
 956 1077 9 3 
 1328 132 3 2 
 1076 1078 3 2 
 1328 131 3 3 
 1070 1076 2 2 
 534 36 2 2 
 1062 1075 2 2 
 1132 287 2 2 
 534 36 2 2 
 1039 1074 3 4 
 1133 287 1 2 
 534 36 2 2 
 1039 1074 3 4 
 1133 287 1 2 
 1383 738 2 1 
 534 36 2 2 
 1039 1074 3 4 
 1383 738 2 1 
 534 36 2 2 
 1383 738 2 1 
 1061 1075 3 2 
 534 36 2 2 
 1061 1075 3 2 
 534 36 2 2 
 973 1033 4 3 
 534 36 2 2 
 1076 1077 3 3 
 973 1033 4 2 
 973 1033 3 2 
 973 1033 2 2 
 973 1033 2 2 
 970 1040 2 1 
 1329 136 1 2 
 970 1040 2 1 
 1330 131 2 1 
 970 1040 2 1 
 1330 131 3 5 
 970 1040 2 1 
 1330 131 3 5 
 1026 1037 2 2 
 1329 130 4 5 
 841 1024 3 1 
 1329 130 4 5 
 860 1010 2 1 
 1329 130 4 5 
 860 1010 2 1 
 1329 130 4 5 
 1073 1074 3 3 
 1329 130 4 5 
 1065 1076 2 2 
 1329 131 3 4 
 1065 1076 2 2 
 1329 131 2 2 
 1073 1074 3 3 
 1073 1074 3 3 
 860 1009 2 2 
 1074 1074 2 1 
 1071 1076 2 3 
 921 172 3 3 
 830 1048 1 2 
 830 1048 1 2 
 830 1048 1 2 
 1322 137 4 5 
 830 1048 1 2 
 1322 137 4 5 
 830 1048 1 2 
 1322 137 4 5 
 830 1048 1 2 
 1322 137 4 5 
 823 1049 3 3 
 1322 137 4 5 
 823 1049 3 3 
 823 1049 3 3 
 824 1050 2 2 
 824 1050 2 2 
 1109 1059 2 2 
 1109 1059 2 2 
 1109 1059 2 2 
 1121 1068 3 3 
 834 1059 2 3 
 793 233 3 2 
 834 1059 2 3 
 791 233 7 3 
 495 34 2 3 
 495 34 2 3 
 789 235 9 4 
 495 34 2 3 
 1073 1070 2 3 
 797 236 1 2 
 495 34 2 2 
 790 235 4 3 
 495 34 2 2 
 825 1056 2 1 
 509 34 1 2 
 789 235 5 5 
 509 34 1 2 
 509 34 1 2 
 726 0 2 5 
 789 237 4 3 
 832 1051 2 2 
 726 0 2 5 
 791 237 2 2 
 832 1051 2 2 
 726 0 2 5 
 791 237 2 2 
 726 0 2 5 
 785 238 1 2 
 726 0 2 5 
 726 0 2 5 
 785 238 2 2 
 1327 131 5 3 
 1075 1073 2 1 
 229 559 3 2 
 743 1 2 2 
 1075 1073 2 1 
 229 557 4 4 
 743 1 2 2 
 1075 1073 2 1 
