 1142 964 8 8 
 1074 1076 5 4 
 932 1021 2 2 
 942 1029 1 2 
 984 1044 3 2 
 1088 1071 3 4 
 1050 1050 3 2 
 847 1065 2 2 
 1099 972 6 6 
 905 1012 2 2 
 1050 1049 5 4 
 1053 1050 2 2 
 1099 1063 4 5 
 1082 1068 3 3 
 1099 1063 4 5 
 1072 1071 2 2 
 1062 1071 2 3 
 1099 1063 4 4 
 1082 1068 3 3 
 920 1028 4 2 
 1081 1076 4 4 
 849 1058 1 2 
 1061 1071 4 4 
 1061 1079 3 1 
 1087 1078 3 2 
 901 1002 2 5 
 922 1052 4 3 
 919 1028 2 1 
 1078 1077 4 3 
 902 1005 3 3 
 901 1005 3 2 
 898 1003 3 3 
 897 1002 2 4 
 897 1002 2 4 
 897 1002 2 4 
 901 1001 3 6 
 842 1075 8 3 
 902 1004 3 4 
 842 1064 2 2 
 849 1047 2 3 
 849 1047 2 3 
 849 1047 2 3 
 898 1013 2 1 
 866 1038 2 1 
 849 1047 2 3 
 922 1026 2 2 
 994 1021 2 1 
 535 36 1 3 
 727 1077 3 3 
 535 36 1 3 
 877 1077 2 3 
 535 36 1 3 
 930 1027 5 3 
 535 37 1 2 
 885 1072 2 2 
 535 37 1 2 
 1083 1075 2 3 
 535 37 1 2 
 750 861 2 2 
 1062 1074 2 2 
 535 37 1 2 
 1079 1072 2 2 
 535 37 1 2 
 1084 1076 1 2 
 823 1073 4 4 
 924 1016 4 1 
 898 1013 2 2 
 1068 1073 3 2 
 847 1061 1 2 
 736 755 4 4 
 898 1013 2 2 
 898 1013 2 2 
 898 1014 2 1 
 904 1000 2 4 
 904 1000 2 4 
 736 756 4 3 
 898 1014 2 1 
 736 754 2 2 
 1061 1075 8 5 
 905 1001 2 1 
 905 1001 2 1 
 906 1007 2 1 
 876 1046 3 3 
 1074 1076 7 4 
 1082 1078 3 2 
 881 1045 1 2 
 881 1045 1 2 
 874 1048 1 2 
 1035 1047 2 2 
 794 1045 3 3 
 909 1010 1 2 
 909 1011 1 2 
 909 1011 1 2 
 945 1039 2 2 
 945 1039 2 2 
 794 1045 3 3 
 794 1045 3 3 
 846 1077 3 2 
 1055 1078 2 2 
 1055 1078 2 2 
 934 1018 2 2 
 945 1039 2 2 
 793 1045 3 2 
 1072 1078 2 2 
 983 1033 2 2 
 983 1033 2 2 
 983 1033 2 2 
 983 1033 2 2 
 919 1031 2 1 
 919 1031 2 1 
 930 1018 2 2 
 930 1018 2 2 
