 61 819 1 2 
 62 821 2 2 
 69 869 2 1 
 62 916 2 2 
 61 819 3 4 
 66 877 2 2 
 32 888 2 1 
 62 916 2 2 
 70 919 2 5 
 61 819 4 5 
 70 856 2 1 
 69 872 2 2 
 66 877 2 2 
 54 882 2 2 
 32 888 2 1 
 69 920 3 4 
 44 924 4 3 
 61 819 3 4 
 70 856 2 1 
 69 871 2 3 
 52 874 2 2 
 66 876 3 5 
 54 882 3 2 
 32 888 2 1 
 60 891 2 2 
 68 921 4 3 
 44 925 4 2 
 53 925 3 2 
 57 931 2 2 
 61 819 3 4 
 70 849 2 2 
 70 856 2 1 
 68 871 4 3 
 52 874 2 3 
 66 877 3 4 
 54 882 3 2 
 81 948 3 3 
 59 891 4 3 
 57 931 2 2 
 53 925 3 2 
 44 925 4 3 
 69 921 3 3 
 62 821 2 2 
 70 849 2 2 
 70 856 2 1 
 77 860 1 2 
 68 871 4 4 
 52 874 2 3 
 51 955 4 8 
 86 953 2 2 
 66 876 3 5 
 57 953 1 2 
 81 948 3 3 
 54 882 2 2 
 59 891 4 3 
 57 931 2 2 
 53 925 3 2 
 44 925 4 3 
 61 919 2 1 
 69 921 3 4 
 18 789 1 2 
 62 821 2 2 
 71 849 1 2 
 70 858 2 2 
 77 860 1 2 
 58 957 3 4 
 51 955 4 8 
 79 954 2 2 
 68 871 3 4 
 86 953 2 3 
 61 953 2 1 
 81 948 3 3 
 52 874 2 3 
 57 931 2 2 
 53 926 2 2 
 44 925 3 3 
 66 876 3 5 
 54 882 2 2 
 70 922 2 3 
 67 922 2 2 
 58 890 5 4 
 61 918 2 3 
 62 821 3 4 
 69 858 3 3 
 77 860 1 2 
 68 871 3 5 
 15 873 2 2 
 52 875 2 2 
 66 876 3 5 
 53 882 3 2 
 58 960 3 1 
 58 890 5 4 
 61 918 2 3 
 51 955 4 5 
 86 954 2 2 
 67 922 2 2 
 61 953 2 1 
 81 948 3 3 
 70 922 2 2 
 55 931 4 3 
 53 926 2 2 
 44 926 3 2 
 56 797 2 2 
 62 821 3 4 
 70 850 2 2 
 69 858 3 3 
 53 961 2 2 
 58 960 3 1 
 68 871 4 5 
 51 955 3 5 
 86 954 2 2 
 15 873 2 3 
 52 875 2 2 
 81 948 2 3 
 66 876 3 5 
 56 931 3 3 
 53 926 2 3 
 44 926 3 2 
 53 882 3 2 
 67 922 4 3 
 58 890 5 4 
 61 919 2 2 
 102 975 2 1 
 53 882 3 2 
 53 961 2 2 
 58 960 3 2 
 51 956 3 4 
 59 891 4 3 
 86 954 2 2 
 56 954 2 3 
 61 953 2 1 
 81 949 2 2 
 61 919 2 2 
 67 922 5 3 
 56 931 4 3 
 53 926 2 3 
 44 926 2 2 
 94 980 4 4 
 91 995 4 3 
 83 984 3 4 
 83 985 3 3 
 80 981 2 2 
 95 981 3 3 
 83 1003 2 2 
 92 995 4 5 
 83 984 3 5 
 97 984 3 3 
 96 982 4 4 
 88 1007 2 1 
 83 1003 2 2 
 91 995 5 5 
 83 986 4 4 
 83 987 3 3 
 84 986 3 3 
 98 985 3 3 
 97 984 3 3 
 96 983 3 3 
 88 1007 2 1 
 83 1003 2 2 
 93 997 3 3 
 93 997 3 3 
 92 995 2 1 
 83 986 4 4 
 100 985 3 3 
 88 1007 2 1 
 83 1003 2 2 
 93 997 3 3 
 96 992 1 2 
 83 986 4 4 
 88 1007 2 1 
 83 1003 2 2 
 96 993 1 2 
 83 987 4 3 
 84 988 3 2 
 94 999 2 1 
 75 700 2 2 
 101 987 2 3 
 57 799 2 2 
 58 800 2 2 
 58 800 3 3 
 710 1036 2 2 
 101 975 7 5 
 76 701 2 2 
 105 981 3 1 
 49 454 3 2 
 101 975 6 4 
 39 400 2 2 
 619 1017 2 2 
 49 454 3 2 
 101 976 6 3 
 39 400 3 3 
 39 400 3 3 
 67 757 2 1 
 39 400 3 3 
 711 1038 2 2 
 67 757 2 1 
 28 384 1 2 
 78 665 2 2 
 28 384 1 2 
 67 757 2 1 
 652 63 5 4 
 20 301 1 2 
 59 574 3 3 
 652 63 5 4 
 20 301 1 2 
 59 574 3 3 
 652 63 5 4 
 59 574 3 3 
 20 301 1 2 
 652 63 5 4 
 20 301 1 2 
 653 63 4 2 
 20 301 1 2 
 653 63 4 2 
 20 301 1 2 
 655 63 2 2 
 20 301 1 2 
 655 63 2 2 
 1447 366 4 7 
 17 247 2 2 
 1447 366 5 8 
 45 924 2 3 
 699 1031 2 1 
 699 1030 2 2 
 699 1030 2 2 
 699 1030 2 2 
 57 891 3 3 
 57 891 3 3 
 58 800 1 3 
 56 800 3 3 
 103 981 4 3 
 1448 363 9 11 
 56 800 3 3 
 1449 363 5 5 
 75 700 2 2 
 102 984 2 2 
 1449 363 5 5 
 99 986 2 2 
 51 763 2 1 
 660 70 2 2 
 96 984 2 1 
 1449 363 8 11 
 51 763 2 1 
 660 70 2 2 
 100 987 4 4 
 1449 363 6 4 
 51 763 2 1 
 660 70 2 2 
 100 988 4 3 
 1449 363 6 4 
 660 70 2 2 
 100 988 4 3 
 1450 364 5 3 
 660 70 2 2 
 100 988 4 4 
 1453 364 2 3 
 660 70 2 2 
 100 988 4 4 
 1453 364 2 3 
 660 70 2 2 
 96 994 2 2 
 1453 364 2 2 
 660 70 2 2 
 96 994 2 2 
 1453 364 4 6 
 96 994 2 2 
 1455 369 2 1 
 96 994 2 2 
 98 984 2 2 
 107 981 2 2 
 109 984 3 2 
 102 988 3 3 
 108 982 4 4 
 77 981 1 2 
 109 984 2 1 
 77 981 1 2 
 77 981 1 2 
 77 981 1 2 
 110 983 2 2 
 110 983 2 2 
 110 983 2 2 
 110 983 2 2 
