 81 736 2 2 
 57 758 3 1 
 39 720 4 5 
 58 758 2 1 
 64 848 1 2 
 68 856 2 2 
 73 874 2 5 
 85 971 1 2 
 104 983 3 3 
 93 992 2 3 
 93 994 4 3 
 100 991 3 3 
 70 940 1 2 
 95 995 1 3 
 33 497 3 4 
 70 940 1 2 
 33 497 3 3 
 98 988 3 2 
 34 497 1 2 
 76 993 2 1 
 97 991 3 1 
 97 991 3 1 
 97 991 3 1 
 40 740 2 4 
 97 991 3 1 
 39 740 3 4 
 97 991 3 1 
 33 714 1 2 
 99 993 2 2 
 33 714 1 2 
 99 993 2 2 
 650 64 5 7 
 33 714 1 2 
 650 64 5 7 
 650 64 5 7 
 67 898 1 2 
 650 64 5 7 
 67 898 1 2 
 650 64 5 7 
 67 898 1 2 
 650 64 5 7 
 67 898 1 2 
 650 64 5 6 
 34 742 1 2 
 650 64 5 6 
 34 747 2 1 
 34 747 2 1 
 1515 1003 3 2 
 654 63 2 2 
 659 70 2 3 
 659 70 2 3 
 659 70 2 3 
 659 70 2 3 
 659 70 2 3 
 659 71 2 2 
 659 71 2 2 
 659 71 2 2 
 34 497 1 2 
 34 497 1 2 
 34 497 1 2 
 35 507 1 2 
 35 507 1 2 
 34 507 2 2 
 56 577 2 1 
 48 504 2 2 
 48 504 2 2 
 41 397 1 2 
 83 676 4 4 
 41 397 1 2 
 83 676 3 2 
 40 397 2 2 
 72 665 1 2 
 40 397 2 2 
 81 755 1 2 
 40 397 2 2 
 74 764 1 2 
 653 73 2 3 
 47 387 2 1 
 81 755 1 3 
 47 387 2 1 
 81 755 1 3 
 13 380 2 2 
 58 758 2 2 
 47 387 2 1 
 47 387 2 1 
 74 763 1 3 
 53 740 2 2 
 53 740 2 2 
 103 994 2 1 
 53 740 2 2 
 109 995 2 3 
 59 697 1 2 
 59 697 1 2 
 92 978 3 3 
 100 993 4 4 
 59 697 1 2 
