 47 773 2 1 
 57 773 9 7 
 47 771 3 3 
 58 773 3 3 
 57 772 10 8 
 67 781 2 1 
 47 769 3 5 
 56 771 11 8 
 68 778 1 2 
 67 781 2 1 
 54 786 2 2 
 47 769 3 5 
 57 771 12 9 
 54 786 2 2 
 55 860 2 2 
 47 769 3 5 
 58 773 3 3 
 57 771 12 9 
 54 786 2 2 
 55 860 2 2 
 58 948 2 1 
 61 950 2 3 
 53 951 2 1 
 55 860 2 2 
 43 913 1 2 
 56 947 4 2 
 61 950 2 4 
 53 951 2 1 
 64 952 1 2 
 54 954 2 2 
 72 956 3 4 
 62 966 4 4 
 67 968 3 3 
 63 966 3 3 
 13 1033 2 2 
 80 977 2 1 
 67 968 3 3 
 67 969 2 1 
 602 988 2 2 
 60 583 3 1 
 60 583 3 1 
 601 988 3 2 
 412 807 4 6 
 60 583 2 1 
 413 810 3 3 
 435 1076 4 4 
 1149 814 5 3 
 78 599 3 3 
 413 810 3 3 
 59 586 2 2 
 436 1073 6 5 
 1157 814 2 1 
 437 1073 4 4 
 58 586 3 2 
 1157 814 2 1 
 59 586 3 2 
 1157 814 3 2 
 78 597 4 5 
 413 812 6 5 
 437 1074 4 3 
 78 597 4 5 
 1157 814 3 2 
 78 599 4 3 
 573 1020 2 2 
 428 806 1 2 
 79 600 2 2 
 428 806 1 2 
 62 553 2 4 
 473 788 3 3 
 574 1017 2 3 
 63 554 1 2 
 573 1017 3 3 
 473 788 3 3 
 607 1041 2 3 
 63 554 1 2 
 473 788 3 3 
 602 1055 5 3 
 79 633 1 2 
 606 1041 3 3 
 79 633 1 2 
 606 1041 3 3 
 79 633 1 2 
 604 1055 3 3 
 79 633 1 2 
 474 791 2 2 
 576 1015 4 3 
 474 791 2 2 
 427 808 1 3 
 430 1072 9 8 
 624 61 3 4 
 474 804 2 1 
 624 61 3 4 
 430 1071 10 9 
 624 61 3 4 
 430 1069 10 10 
 463 797 1 2 
 624 61 3 4 
 430 1069 10 10 
 624 61 3 4 
 429 1068 11 12 
 463 796 1 3 
 623 61 4 4 
 426 1068 14 12 
 59 282 3 2 
 623 61 4 4 
 426 1068 14 12 
 44 296 2 2 
 623 61 4 4 
 432 1077 3 3 
 47 280 2 2 
 433 1077 2 2 
 52 175 4 5 
 52 175 4 5 
 53 175 4 5 
 53 175 4 5 
 53 175 4 5 
 651 65 3 3 
 65 276 3 3 
 651 65 3 3 
 45 294 2 2 
 651 65 3 3 
 38 285 2 3 
 651 65 3 3 
 55 270 2 2 
 651 65 3 3 
 60 283 2 1 
 655 68 2 3 
 1735 964 3 2 
 655 68 2 3 
 655 68 2 3 
 943 1042 3 2 
 84 961 3 3 
 1530 870 2 4 
 1530 870 1 3 
 549 833 2 1 
 943 1042 3 3 
 593 1025 6 4 
 948 1042 2 2 
 0 329 3 3 
 549 833 2 1 
 68 229 1 2 
 590 1023 16 8 
 66 229 3 3 
 585 1027 4 4 
 63 243 2 3 
 585 1027 4 4 
