 50 731 2 1 
 77 740 2 1 
 331 1048 2 2 
 66 771 2 2 
 89 960 3 2 
 82 712 2 1 
 36 816 1 2 
 50 730 2 2 
 78 740 1 2 
 56 741 3 2 
 76 739 2 2 
 63 767 2 2 
 76 739 3 2 
 63 767 2 2 
 58 768 4 2 
 76 739 3 2 
 63 767 2 3 
 59 768 2 2 
 59 772 5 1 
 76 739 3 2 
 56 766 2 2 
 63 767 2 2 
 59 768 2 2 
 59 772 3 1 
 70 781 2 3 
 65 770 2 1 
 68 772 2 2 
 70 781 2 3 
 68 789 2 2 
 67 742 2 2 
 59 767 3 4 
 65 769 3 4 
 70 781 2 3 
 68 863 1 2 
 68 915 2 2 
 83 959 2 2 
 89 960 3 2 
 84 966 2 2 
 56 968 2 3 
 84 961 3 3 
 89 969 1 2 
 80 976 1 2 
 517 1052 4 2 
 40 913 1 2 
 276 963 3 4 
 276 963 3 4 
 85 958 9 5 
 86 958 3 3 
 87 958 6 2 
 89 959 2 2 
 89 960 3 1 
 76 738 2 3 
 597 985 3 3 
 54 782 2 2 
 518 1045 4 2 
 23 788 1 2 
 519 1044 4 2 
 82 621 2 2 
 338 960 5 5 
 82 621 2 2 
 338 960 6 7 
 50 584 2 1 
 79 941 2 3 
 50 584 3 2 
 338 960 5 5 
 622 66 3 3 
 101 978 2 3 
 50 584 3 2 
 622 66 3 3 
 331 981 2 2 
 78 604 1 2 
 622 66 3 3 
 518 1050 3 1 
 12 557 2 3 
 622 66 3 3 
 81 984 1 2 
 12 557 2 3 
 622 66 3 3 
 95 984 3 2 
 12 557 2 3 
 622 66 3 3 
 95 984 3 2 
 12 558 2 2 
 622 66 3 3 
 95 984 3 2 
 12 558 2 2 
 622 66 3 3 
 90 987 1 2 
 12 558 2 2 
 622 66 3 3 
 90 990 2 2 
 44 384 2 1 
 44 384 2 1 
 90 990 2 2 
 55 381 2 1 
 90 990 2 2 
 55 381 2 1 
 91 995 2 3 
 55 381 2 1 
 83 624 2 4 
 338 965 1 2 
 53 304 2 1 
 469 1064 2 1 
 83 624 2 3 
 53 304 2 1 
 83 624 2 2 
 338 966 5 3 
 53 304 2 1 
 468 1066 2 2 
 83 624 2 1 
 44 384 2 1 
 338 966 4 2 
 467 1067 2 2 
 68 410 2 2 
 465 791 1 2 
 465 791 1 2 
 43 297 2 2 
 465 791 1 2 
 43 297 2 2 
 465 791 1 2 
 43 297 2 2 
 525 1061 2 1 
 43 297 2 2 
 467 786 2 2 
 91 990 5 6 
 43 297 2 2 
 468 785 3 6 
 701 1051 2 3 
 653 63 3 3 
 592 1028 1 2 
 469 785 2 6 
 653 63 3 3 
 463 1072 3 2 
 568 828 2 2 
 653 63 3 3 
 471 1072 2 2 
 567 828 3 4 
 653 63 3 3 
 469 785 4 11 
 463 1073 4 3 
 653 63 3 3 
 54 871 1 2 
 658 63 5 6 
 599 1052 1 2 
 469 785 5 11 
 658 63 5 5 
 464 1074 1 3 
 691 820 3 2 
 658 63 5 5 
 587 1036 5 4 
 468 788 3 3 
 596 1053 4 2 
 470 785 4 11 
 470 785 4 11 
 585 1035 3 2 
 470 785 4 10 
 585 1034 2 2 
 471 785 4 10 
 586 1038 1 2 
 472 790 3 3 
 351 1022 2 2 
 472 788 3 3 
 472 788 3 3 
 333 1024 1 2 
 472 785 5 9 
 332 1024 2 2 
 1490 408 2 1 
 472 785 6 9 
 474 789 3 3 
 332 1024 2 1 
 474 789 3 3 
 746 995 2 2 
 474 789 3 3 
 1490 406 2 3 
 437 781 2 2 
 102 988 5 5 
 1490 406 2 3 
 437 781 2 2 
 1490 406 2 3 
 437 781 2 2 
 437 781 2 2 
 1490 406 2 3 
 465 782 2 3 
 665 70 2 2 
 465 782 2 3 
 665 70 2 2 
 465 782 2 3 
 665 70 2 2 
 465 782 3 3 
 665 70 2 2 
 465 783 3 2 
 665 70 2 2 
 465 783 3 2 
 665 70 2 2 
 465 783 3 2 
