 61 679 2 2 
 49 704 3 3 
 61 679 2 2 
 52 710 2 3 
 49 704 3 3 
 61 679 2 2 
 49 771 3 5 
 52 710 2 3 
 50 704 2 3 
 61 679 2 2 
 73 850 1 4 
 49 771 3 4 
 49 704 2 2 
 66 857 2 2 
 73 850 1 4 
 49 771 3 4 
 67 869 2 2 
 63 877 2 3 
 67 870 2 1 
 50 870 1 2 
 63 878 2 1 
 72 850 2 3 
 66 857 2 2 
 27 878 2 1 
 27 878 2 1 
 37 483 2 2 
 37 482 2 3 
 63 883 2 2 
 37 482 2 3 
 67 881 2 2 
 37 482 2 3 
 67 881 2 2 
 37 482 2 3 
 64 886 2 1 
 37 482 2 3 
 64 886 2 1 
 36 481 3 4 
 67 881 2 2 
 30 734 3 3 
 30 734 3 3 
 62 907 2 2 
 62 907 2 2 
 30 734 2 2 
 30 734 2 3 
 35 479 4 4 
 63 829 2 3 
 20 446 3 3 
 63 829 2 3 
 20 446 3 3 
 63 829 2 3 
 20 446 3 3 
 58 887 3 3 
 20 446 3 3 
 58 887 3 3 
 20 446 3 3 
 60 889 2 1 
 20 446 3 3 
 58 887 2 2 
 20 446 3 3 
 58 887 2 1 
 20 446 3 3 
 64 803 3 5 
 20 445 3 4 
 64 803 3 5 
 20 445 2 1 
 64 803 3 5 
 76 936 2 1 
 20 445 3 3 
 650 75 3 3 
 44 915 3 4 
 650 75 3 3 
 44 915 3 4 
 650 75 3 3 
 63 813 2 1 
 650 75 3 3 
 56 758 2 3 
 650 75 3 3 
 56 758 4 2 
 650 75 3 3 
 66 880 1 2 
 650 75 3 3 
 66 871 2 2 
 650 75 3 3 
 66 871 3 2 
 59 885 3 3 
 38 723 2 3 
 77 966 2 2 
 77 966 2 2 
 39 724 1 2 
 42 722 2 1 
 77 966 2 2 
 73 717 2 2 
 73 717 2 2 
 73 717 2 2 
 73 717 2 2 
 73 717 2 2 
 73 717 2 2 
 67 729 3 3 
 67 729 1 2 
 63 732 2 2 
 50 733 2 4 
 69 785 1 2 
 77 749 2 2 
 77 749 2 2 
 622 60 10 15 
 69 956 2 2 
 622 60 10 15 
 75 952 2 1 
 622 60 10 15 
 61 778 2 2 
 622 60 10 15 
 80 940 4 4 
 622 60 10 15 
 77 969 3 2 
 622 60 10 15 
 80 940 4 4 
 622 60 10 15 
 77 969 3 2 
 622 60 10 15 
 77 969 3 2 
 77 928 2 1 
 45 915 2 2 
 45 727 3 2 
