 26 520 2 1 
 33 468 1 2 
 26 520 2 1 
 70 581 2 1 
 33 468 1 2 
 26 520 2 1 
 52 581 2 5 
 70 581 2 1 
 58 582 1 2 
 51 461 2 1 
 33 468 1 2 
 26 520 2 1 
 51 581 3 3 
 51 580 3 6 
 70 581 2 1 
 70 590 1 2 
 51 461 2 1 
 33 468 1 2 
 46 552 2 1 
 50 580 5 5 
 70 581 2 1 
 76 600 3 4 
 51 461 2 1 
 33 468 1 2 
 46 552 2 1 
 50 580 5 5 
 70 581 2 1 
 76 600 3 4 
 49 602 3 5 
 51 461 2 1 
 33 468 1 2 
 46 490 2 1 
 46 552 2 1 
 50 580 5 4 
 70 581 2 1 
 76 600 3 4 
 49 602 3 5 
 73 606 2 1 
 46 490 2 1 
 26 519 1 2 
 46 552 2 1 
 50 580 2 4 
 53 580 2 4 
 70 581 2 1 
 74 583 2 1 
 76 600 3 4 
 49 604 3 3 
 49 602 3 5 
 73 606 2 2 
 81 606 3 6 
 66 608 2 3 
 46 490 2 1 
 46 552 2 1 
 50 580 2 4 
 53 580 1 2 
 70 581 2 1 
 53 583 2 1 
 74 583 2 1 
 76 600 2 4 
 49 604 3 3 
 49 602 3 5 
 73 615 2 3 
 79 604 5 7 
 73 606 2 2 
 66 608 3 3 
 46 490 2 1 
 50 580 2 4 
 53 583 2 1 
 74 583 2 1 
 76 600 2 4 
 50 602 2 2 
 79 604 5 7 
 73 606 2 2 
 37 635 2 4 
 66 608 2 3 
 83 613 2 2 
 73 615 2 3 
 50 580 2 4 
 53 583 2 1 
 50 602 2 2 
 79 604 5 7 
 73 606 2 2 
 66 608 2 3 
 52 615 1 2 
 73 615 2 3 
 37 635 2 4 
 51 637 2 2 
 50 580 2 4 
 53 583 2 1 
 51 602 1 2 
 79 604 5 7 
 73 606 2 2 
 66 608 2 3 
 83 612 2 2 
 52 615 1 2 
 73 615 2 3 
 36 635 3 2 
 74 644 2 2 
 66 635 2 1 
 51 637 1 2 
 21 331 2 1 
 44 383 2 1 
 53 406 2 3 
 70 414 2 1 
 50 581 2 1 
 79 604 5 6 
 66 608 2 3 
 83 612 2 2 
 73 615 2 3 
 74 619 2 1 
 77 620 3 2 
 71 629 2 2 
 36 634 3 2 
 66 635 2 1 
 62 649 1 3 
 51 637 2 1 
 21 331 2 1 
 54 380 2 2 
 43 383 3 1 
 20 400 3 2 
 53 406 3 3 
 70 414 2 1 
 49 447 2 2 
 38 459 1 2 
 46 459 1 3 
 32 467 2 2 
 67 473 2 1 
 26 518 2 3 
 52 547 2 2 
 79 604 5 6 
 70 650 1 2 
 62 649 1 3 
 83 612 2 2 
 73 615 3 7 
 51 637 2 1 
 67 635 2 3 
 36 634 3 3 
 78 620 2 2 
 54 380 2 2 
 43 383 3 1 
 20 400 3 2 
 53 406 3 3 
 53 406 3 3 
 70 414 2 1 
 63 437 2 1 
 49 447 2 2 
 38 459 1 2 
 46 459 1 3 
 32 467 2 2 
 68 473 3 2 
 26 518 2 3 
 52 547 2 2 
 56 564 2 2 
 59 565 2 1 
 66 577 3 2 
 79 657 2 1 
 71 580 2 1 
 68 587 2 2 
 62 649 1 3 
 79 604 3 4 
 83 609 1 2 
 51 637 2 1 
 67 635 2 2 
 36 634 3 3 
 83 612 1 2 
 75 623 1 2 
 78 620 2 2 
 74 617 2 5 
 52 615 2 2 
 68 473 3 2 
 67 711 4 5 
 56 486 2 2 
 26 518 2 3 
 52 547 2 2 
 56 564 2 2 
 59 565 2 1 
 66 576 3 3 
 70 579 3 3 
 74 583 2 1 
 66 584 1 2 
 68 587 2 2 
 79 604 3 4 
 68 608 1 2 
 83 609 1 2 
 51 637 2 1 
 67 635 2 2 
 36 634 3 3 
 83 612 1 2 
 75 623 1 2 
 78 620 2 2 
 74 617 2 5 
 52 615 2 2 
 70 726 1 2 
 67 711 2 2 
 43 705 2 1 
 72 670 2 2 
 67 635 2 2 
 36 634 3 3 
 75 623 1 2 
 74 617 2 5 
 52 615 2 2 
 58 572 2 1 
 66 576 3 3 
 83 612 1 2 
 83 609 1 2 
 70 579 3 3 
 74 581 1 3 
 79 604 3 2 
 68 587 2 2 
 66 584 1 2 
 69 727 2 1 
 43 705 2 1 
 72 670 2 2 
 75 739 2 1 
 59 791 3 2 
 69 744 3 4 
 59 791 3 2 
 64 745 4 4 
 59 791 3 2 
 487 1060 2 2 
 14 545 2 3 
 1515 855 2 1 
 16 542 2 3 
 1361 994 2 1 
 70 787 2 1 
 16 542 2 3 
 1346 989 3 3 
 70 787 2 1 
 654 74 2 2 
 16 542 2 3 
 1328 1010 2 2 
 65 796 2 4 
 654 75 2 1 
 16 542 2 3 
 1328 1009 2 3 
 65 796 2 4 
 654 75 2 1 
 1328 1009 2 3 
 16 542 2 3 
 65 796 2 2 
 443 1078 2 2 
 654 75 2 1 
 16 542 1 2 
 66 866 2 2 
 1366 1028 3 3 
 654 75 2 1 
 69 574 2 3 
 0 814 2 3 
 1327 1008 2 2 
 654 75 2 1 
 64 569 2 2 
 654 75 2 1 
 1327 1007 2 3 
 64 569 2 2 
 654 75 2 1 
 1327 1007 1 2 
 67 571 1 2 
 17 800 4 4 
 483 1065 2 1 
 81 601 2 3 
 0 814 3 4 
 81 601 2 3 
 483 1065 2 2 
 0 814 3 4 
