 59 575 2 2 
 59 578 2 3 
 77 625 2 2 
 13 402 3 3 
 81 650 2 2 
 81 649 2 4 
 87 667 2 2 
 56 676 2 2 
 81 650 2 2 
 74 704 2 3 
 81 649 2 3 
 87 662 2 3 
 87 666 2 3 
 81 650 2 2 
 81 686 2 2 
 75 619 2 2 
 81 650 2 1 
 81 686 2 2 
 61 696 2 2 
 75 619 2 2 
 61 695 2 3 
 80 717 2 1 
 39 740 2 1 
 75 619 2 2 
 61 695 2 3 
 79 717 3 1 
 43 740 3 3 
 78 741 2 1 
 43 744 2 1 
 64 765 2 2 
 87 662 2 3 
 88 666 1 3 
 61 695 2 3 
 58 716 1 2 
 79 717 2 1 
 85 722 2 1 
 43 739 4 4 
 50 744 2 3 
 58 748 2 2 
 66 752 2 3 
 51 754 4 5 
 74 757 2 1 
 80 758 2 2 
 66 752 2 3 
 56 772 1 2 
 65 780 2 1 
 59 714 3 2 
 89 716 1 2 
 83 722 4 11 
 61 723 3 3 
 91 726 2 2 
 40 736 2 2 
 51 753 4 6 
 80 754 1 2 
 56 770 2 2 
 78 766 1 2 
 74 755 3 5 
 80 759 3 3 
 81 760 3 3 
 80 758 5 8 
 78 680 2 1 
 60 715 3 3 
 89 716 2 2 
 83 722 4 11 
 61 723 4 3 
 91 726 2 2 
 40 735 2 3 
 52 754 3 5 
 80 754 1 2 
 58 774 3 9 
 56 770 2 2 
 74 755 3 5 
 78 766 1 2 
 81 760 3 3 
 80 758 5 8 
 83 722 4 11 
 65 782 2 1 
 59 781 2 4 
 91 726 2 2 
 76 744 1 3 
 58 774 2 7 
 70 773 1 2 
 80 754 1 2 
 57 770 1 2 
 74 755 3 5 
 78 766 1 2 
 81 760 3 3 
 80 758 5 8 
 60 821 2 2 
 72 872 1 2 
 654 67 3 2 
 23 397 2 2 
 59 778 3 7 
 654 67 3 2 
 48 398 1 2 
 74 766 1 2 
 654 67 3 2 
 29 328 2 2 
 64 778 4 4 
 654 67 3 2 
 29 328 2 2 
 71 776 3 7 
 654 67 3 2 
 29 328 2 2 
 72 777 2 6 
 647 79 2 1 
 29 328 2 2 
 72 777 2 6 
 18 317 2 2 
 62 845 2 1 
 18 317 2 2 
 66 842 2 2 
 29 328 2 2 
 55 592 4 5 
 62 399 1 2 
 30 655 4 4 
 34 493 2 2 
 83 712 1 2 
 34 493 2 2 
 81 727 2 1 
 49 406 1 2 
 77 680 2 2 
 34 493 2 1 
 84 731 2 2 
 55 592 3 5 
 10 800 5 8 
 69 630 1 2 
 40 653 3 2 
 57 645 2 3 
 51 610 1 2 
 20 817 1 2 
 49 636 1 3 
 14 404 1 2 
 49 636 1 4 
 49 636 1 3 
 48 636 2 3 
 665 63 3 3 
 53 912 2 1 
 23 698 2 1 
 665 63 3 3 
 69 954 2 1 
 2 414 2 1 
 39 740 3 3 
 665 63 3 3 
 69 954 2 1 
 3 413 1 2 
 38 740 4 5 
 666 63 2 3 
 53 912 2 1 
 3 421 4 5 
 666 63 2 3 
 53 912 2 1 
 3 422 4 4 
 666 63 2 3 
 3 422 4 5 
 82 672 1 2 
 666 63 2 3 
 105 984 2 3 
 37 418 1 2 
 67 641 2 2 
 666 63 2 3 
 92 980 1 2 
 65 309 3 2 
 38 742 3 4 
 92 980 1 2 
 65 309 3 2 
 31 527 1 2 
 65 310 3 1 
 92 980 1 2 
 31 527 1 2 
 11 258 2 2 
 92 980 1 2 
 66 484 2 3 
 38 743 3 3 
 55 294 3 1 
 92 980 1 2 
 60 311 3 3 
 92 980 1 2 
 31 526 1 3 
 65 311 2 2 
 92 980 1 2 
 31 527 4 3 
 66 254 2 2 
 92 980 1 2 
 38 529 2 2 
 70 270 2 1 
 96 974 2 2 
 37 605 3 3 
 70 270 2 1 
 96 974 2 2 
 37 604 3 4 
 70 270 2 1 
 105 981 4 6 
 37 604 3 4 
 74 217 2 2 
 47 638 3 4 
 3 433 1 2 
 74 217 2 2 
 47 640 3 4 
 74 217 2 2 
 105 981 4 5 
 48 638 2 1 
 2 419 2 1 
 74 217 2 2 
 2 419 2 1 
 47 640 3 4 
 74 217 2 2 
 37 604 3 4 
 74 217 2 2 
 1264 589 2 2 
 74 217 2 2 
 38 418 1 2 
 74 217 2 2 
 47 640 2 2 
 69 270 2 2 
 69 270 2 2 
 69 270 2 2 
 46 413 2 2 
 63 310 3 2 
 66 310 2 1 
 31 524 3 2 
 31 524 3 2 
 31 524 3 2 
 30 522 4 4 
 30 522 3 3 
 30 522 3 3 
 36 498 2 2 
 36 498 2 2 
 36 498 2 2 
 36 498 1 2 
 75 436 2 1 
 44 283 1 2 
 72 619 3 3 
 44 283 2 2 
 71 618 4 4 
 1505 1077 4 3 
 43 283 3 2 
 70 617 5 3 
 43 283 3 2 
 70 768 2 2 
 43 283 3 2 
 69 616 7 4 
 43 283 3 2 
 73 615 3 3 
 25 315 1 2 
 56 589 1 3 
 6 298 2 2 
 36 518 2 2 
 68 781 1 3 
 667 73 2 3 
 6 298 2 2 
 68 785 3 9 
 36 519 2 1 
