 12 386 2 1 
 19 384 2 3 
 3 387 2 1 
 3 387 2 1 
 41 388 2 1 
 38 401 2 2 
 0 402 2 1 
 36 402 1 2 
 0 402 2 1 
 36 402 1 2 
 32 406 2 2 
 21 426 3 2 
 54 426 2 1 
 21 426 2 2 
 54 426 2 1 
 63 440 2 2 
 43 484 2 2 
 56 568 2 2 
 0 282 3 4 
 64 439 1 2 
 56 568 2 2 
 48 634 3 3 
 0 282 3 4 
 5 362 2 2 
 0 402 2 1 
 7 403 1 3 
 10 408 3 2 
 22 412 2 3 
 36 421 2 2 
 15 427 2 2 
 10 437 4 4 
 8 430 7 16 
 11 430 2 2 
 5 431 2 2 
 22 443 3 3 
 21 444 3 3 
 21 441 7 10 
 24 441 2 1 
 49 443 2 3 
 40 447 2 1 
 49 447 3 2 
 17 452 2 1 
 54 452 3 2 
 6 456 3 3 
 0 457 4 3 
 5 459 3 3 
 7 459 3 3 
 10 462 3 3 
 11 474 3 3 
 21 484 3 3 
 20 486 7 8 
 20 491 3 3 
 22 492 3 4 
 21 494 3 3 
 20 497 3 3 
 23 498 3 3 
 20 500 7 8 
 17 502 3 4 
 22 506 3 3 
 25 506 3 3 
 20 507 3 3 
 26 511 3 3 
 0 456 34 59 
 5 467 2 1 
 64 677 3 3 
 24 468 1 2 
 64 674 2 3 
 35 469 5 9 
 26 470 5 5 
 1 471 3 6 
 0 478 4 10 
 66 663 2 3 
 33 485 2 3 
 8 487 3 4 
 1 489 3 4 
 40 657 3 2 
 40 496 4 9 
 0 502 3 7 
 63 502 2 2 
 1 516 2 1 
 6 516 1 2 
 47 644 2 2 
 0 518 2 3 
 43 641 1 4 
 58 518 2 2 
 14 519 3 2 
 9 521 2 2 
 48 634 4 5 
 48 635 4 3 
 26 521 2 2 
 25 524 2 3 
 53 627 4 5 
 54 629 3 3 
 16 525 1 2 
 55 626 2 2 
 27 624 2 3 
 53 525 4 10 
 50 621 3 3 
 32 529 2 3 
 1 538 4 4 
 0 541 3 3 
 32 609 3 2 
 2 541 3 3 
 0 530 10 23 
 27 535 3 3 
 28 536 4 5 
 29 541 3 3 
 30 543 5 3 
 24 530 11 22 
 47 597 2 3 
 12 535 2 3 
 37 538 3 3 
 42 547 3 3 
 42 549 3 3 
 0 595 63 152 
 50 689 3 3 
 48 689 3 3 
 55 688 3 3 
 51 688 4 5 
 45 688 3 3 
 43 688 3 3 
 21 687 6 6 
 25 685 3 3 
 22 685 3 4 
 48 684 3 3 
 41 683 3 3 
 23 683 3 3 
 17 683 4 5 
 52 682 5 8 
 49 682 3 4 
 42 680 3 3 
 12 678 5 4 
 11 675 5 4 
 50 674 3 3 
 42 674 10 15 
 41 674 4 3 
 40 672 3 3 
 56 670 3 3 
 55 666 3 3 
 53 666 3 3 
 35 664 3 3 
 53 663 3 3 
 32 663 4 3 
 30 661 3 3 
 53 658 8 9 
 29 658 3 3 
 57 657 3 4 
 49 657 3 3 
 31 657 3 3 
 54 656 3 3 
 30 656 3 3 
 57 654 3 3 
 28 654 4 3 
 36 652 3 3 
 40 651 3 3 
 29 651 3 3 
 52 650 3 3 
 30 650 3 3 
 31 649 8 6 
 32 648 3 3 
 35 643 3 3 
 28 641 5 4 
 28 640 3 3 
 37 639 3 3 
 29 638 3 3 
 38 637 4 3 
 37 636 3 3 
 2 636 3 3 
 22 634 3 3 
 30 620 3 3 
 31 619 3 3 
 28 615 3 4 
 21 615 11 20 
 22 615 3 3 
 23 614 3 3 
 20 612 4 3 
 20 610 3 3 
 25 606 3 3 
 18 605 3 3 
 19 604 3 3 
 14 604 4 3 
 17 603 3 3 
 8 603 14 16 
 10 600 3 3 
 8 600 3 3 
 15 599 3 3 
 12 598 3 3 
 9 598 3 4 
 43 550 3 4 
 38 551 3 3 
 39 552 3 3 
 5 592 3 2 
 36 536 13 20 
 11 539 2 2 
 5 588 2 3 
 51 543 6 7 
 23 551 3 2 
 0 583 3 10 
 31 552 3 2 
 1 554 7 8 
 21 554 4 3 
 26 578 2 3 
 2 577 2 2 
 46 558 1 2 
 27 559 2 2 
 46 559 5 5 
 38 561 4 7 
 30 564 1 2 
 11 568 1 2 
 0 282 3 4 
 5 362 2 2 
 7 403 1 2 
 11 408 2 2 
 22 412 2 3 
 13 426 4 3 
 10 434 3 2 
 12 437 2 3 
 8 441 2 3 
 11 441 4 4 
 22 443 2 2 
 49 443 2 3 
 22 447 1 2 
 49 447 4 3 
 22 450 2 1 
 17 452 2 1 
 54 452 3 2 
 20 465 2 2 
 35 473 3 3 
 35 469 5 7 
 26 470 4 4 
 12 472 3 3 
 12 471 5 13 
 22 476 5 4 
 27 476 4 6 
 17 486 3 3 
 56 690 1 2 
 9 689 13 13 
 20 491 3 3 
 16 498 4 3 
 16 500 3 3 
 50 687 2 2 
 19 502 3 3 
 16 485 7 21 
 15 684 4 7 
 26 489 1 2 
 1 683 1 2 
 22 496 3 3 
 55 682 2 1 
 16 682 2 1 
 22 494 8 13 
 40 496 2 5 
 65 677 2 2 
 51 677 4 6 
 21 507 5 3 
 64 674 2 3 
 56 674 1 3 
 31 509 1 2 
 46 673 1 2 
 27 512 3 2 
 58 518 3 3 
 55 671 2 2 
 54 526 3 6 
 24 530 4 3 
 25 534 3 2 
 55 666 2 2 
 0 537 3 5 
 59 664 2 2 
 66 663 2 3 
 30 662 1 2 
 30 538 2 2 
 37 538 2 1 
 31 659 2 2 
 38 538 9 18 
 29 656 2 1 
 30 541 3 3 
 52 543 5 3 
 58 654 2 1 
 31 545 3 2 
 55 652 5 7 
 51 547 5 3 
 29 550 2 2 
 46 558 1 2 
 46 560 5 4 
 38 565 2 1 
 0 588 2 1 
 2 591 1 2 
 48 634 4 4 
 9 596 3 4 
 18 597 2 2 
 47 598 1 2 
 19 601 3 3 
 19 599 7 6 
 21 606 1 2 
 32 623 4 4 
 50 622 2 2 
 24 606 4 3 
 7 611 3 3 
 30 616 3 4 
 0 616 4 3 
 1 617 4 5 
 25 611 2 1 
 4 618 3 3 
 7 618 3 3 
 11 619 3 3 
 0 609 50 116 
 43 690 5 3 
 40 688 6 4 
 5 683 3 3 
 4 682 3 3 
 9 681 3 3 
 7 681 3 3 
 3 681 3 3 
 2 680 3 3 
 17 678 3 3 
 5 678 3 3 
 5 675 3 3 
 36 674 3 3 
 15 674 3 3 
 10 674 3 3 
 33 673 3 3 
 9 673 3 3 
 36 671 3 3 
 33 671 3 3 
 1 671 4 3 
 12 670 3 3 
 29 667 5 3 
 33 666 3 3 
 23 666 3 3 
 24 665 3 3 
 26 662 3 3 
 18 660 7 6 
 18 660 3 3 
 19 659 3 3 
 16 658 4 4 
 19 657 3 3 
 20 656 3 3 
 20 654 3 3 
 25 652 3 3 
 29 651 3 3 
 24 651 3 3 
 28 650 3 3 
 25 650 3 3 
 0 646 4 3 
 27 645 3 3 
 0 644 3 3 
 7 641 5 5 
 10 639 3 3 
 26 638 8 9 
 8 638 3 3 
 28 635 3 4 
 26 635 3 3 
 5 630 3 3 
 4 629 3 3 
 5 628 3 3 
 12 620 3 3 
 3 620 3 3 
 0 282 2 4 
 5 362 2 2 
 7 403 1 2 
 11 408 2 2 
 22 411 2 4 
 13 426 4 3 
 12 438 2 2 
 8 442 2 2 
 12 443 1 2 
 49 443 2 3 
 49 447 4 3 
 22 450 2 1 
 54 452 3 2 
 15 464 3 3 
 20 465 2 4 
 13 469 2 1 
 38 469 2 1 
 26 470 4 5 
 12 472 3 3 
 12 471 5 13 
 35 473 3 3 
 35 471 4 5 
 22 476 5 4 
 27 477 4 5 
 17 486 3 3 
 16 500 3 3 
 16 485 7 19 
 26 489 1 2 
 22 496 3 3 
 22 494 8 7 
 40 498 2 3 
 56 690 1 2 
 26 503 2 4 
 22 507 3 3 
 31 509 1 2 
 7 687 3 3 
 27 512 3 2 
 70 686 2 2 
 10 684 12 15 
 17 690 3 3 
 58 518 2 2 
 1 683 1 2 
 54 526 2 3 
 16 682 2 1 
 41 528 2 1 
 25 530 2 3 
 65 677 2 2 
 51 677 6 6 
 51 680 3 3 
 64 675 2 2 
 56 674 1 3 
 26 535 2 1 
 46 673 1 2 
 0 537 2 2 
 44 548 3 3 
 55 671 2 2 
 38 539 9 17 
 0 540 2 2 
 52 543 5 3 
 55 666 2 2 
 31 545 3 2 
 59 665 2 1 
 66 663 2 3 
 51 547 3 2 
 29 550 2 2 
 46 558 1 2 
 31 659 1 2 
 48 560 3 4 
 2 591 1 2 
 9 596 3 4 
 41 653 1 2 
 18 597 2 2 
 55 652 5 7 
 47 598 1 2 
 19 599 7 6 
 21 606 1 2 
 24 606 4 3 
 7 611 3 3 
 0 638 1 2 
 48 634 4 3 
 0 616 4 3 
 2 617 3 4 
 50 622 2 2 
 30 622 6 5 
 31 616 2 4 
 0 618 3 3 
 4 618 3 3 
 25 611 3 2 
 7 618 3 3 
 1 619 3 3 
 0 609 50 116 
 40 691 3 3 
 5 683 3 3 
 4 682 3 3 
 9 681 3 3 
 7 681 3 3 
 3 681 3 3 
 19 680 3 3 
 2 680 3 3 
 17 678 3 3 
 5 678 3 3 
 9 675 3 3 
 5 675 3 3 
 36 674 3 3 
 15 674 3 3 
 33 673 3 3 
 9 673 3 3 
 36 671 3 3 
 33 671 3 3 
 14 670 3 3 
 11 670 4 3 
 2 669 3 3 
 29 667 5 3 
 24 667 3 3 
 33 666 3 3 
 23 666 3 3 
 3 666 3 3 
 24 665 3 3 
 26 662 3 3 
 18 660 7 5 
 18 660 3 3 
 19 659 3 3 
 16 658 4 4 
 19 657 3 3 
 20 656 3 3 
 20 654 3 3 
 25 652 3 3 
 24 651 3 3 
 28 649 3 4 
 25 649 3 4 
 22 648 3 3 
 0 646 4 3 
 27 645 3 3 
 0 644 3 3 
 7 641 5 4 
 32 639 3 3 
 10 639 3 3 
 8 638 3 3 
 34 637 3 3 
 28 635 3 4 
 26 635 3 3 
 3 635 3 3 
 1 632 3 3 
 5 630 3 3 
 5 628 3 3 
 12 620 3 3 
 3 620 3 3 
 11 619 3 3 
 0 282 2 4 
 5 362 2 2 
 7 403 1 2 
 22 411 2 4 
 13 427 4 2 
 49 443 2 3 
 25 445 2 3 
 49 447 4 3 
 54 452 3 2 
 15 464 3 3 
 20 465 2 3 
 38 469 2 1 
 26 470 4 5 
 12 472 3 3 
 12 471 5 13 
 35 473 3 3 
 35 472 4 4 
 22 476 5 4 
 27 478 3 4 
 17 486 3 3 
 16 500 3 3 
 16 485 7 19 
 22 496 3 3 
 22 494 8 7 
 40 498 2 3 
 26 505 2 2 
 22 507 3 3 
 54 691 1 2 
 31 509 1 2 
 27 511 3 3 
 56 690 1 2 
 58 518 2 2 
 54 526 2 3 
 25 530 2 3 
 26 535 2 1 
 10 687 12 16 
 16 692 4 5 
 17 690 3 3 
 77 686 1 2 
 70 686 2 2 
 15 684 3 2 
 0 537 2 2 
 38 539 9 17 
 16 682 2 1 
 0 540 2 2 
 52 543 5 3 
 31 545 2 2 
 65 677 2 2 
 51 677 6 6 
 51 680 3 3 
 29 550 2 2 
 56 674 1 3 
 46 558 1 2 
 45 673 2 3 
 48 560 2 3 
 2 591 1 2 
 55 671 2 2 
 18 597 2 2 
 47 598 1 2 
 19 599 7 6 
 55 666 2 2 
 21 606 1 2 
 66 663 2 3 
 24 606 4 3 
 7 611 3 3 
 0 618 3 3 
 30 659 2 2 
 4 618 3 3 
 10 618 3 3 
 41 653 1 2 
 11 619 3 3 
 55 652 5 7 
 3 620 3 3 
 12 620 3 3 
 5 628 3 3 
 32 629 3 3 
 5 630 3 3 
 1 632 3 3 
 0 638 1 2 
 3 635 3 3 
 48 634 2 3 
 26 635 3 3 
 34 637 3 3 
 10 639 3 3 
 7 641 5 4 
 50 622 2 2 
 31 616 2 3 
 0 644 3 3 
 27 645 3 3 
 24 611 4 2 
 0 646 4 3 
 22 648 3 3 
 0 609 50 114 
 41 692 3 3 
 27 692 3 3 
 40 691 3 3 
 29 691 3 3 
 6 684 3 4 
 5 683 3 3 
 4 682 3 3 
 20 681 3 3 
 3 681 3 3 
 2 680 3 3 
 19 678 3 3 
 5 678 3 3 
 18 677 3 3 
 36 674 3 3 
 15 674 3 3 
 10 674 3 3 
 33 673 3 3 
 9 673 3 3 
 4 673 3 3 
 36 671 3 3 
 33 671 3 3 
 10 671 3 3 
 14 670 3 3 
 11 670 4 3 
 2 669 3 3 
 29 667 4 3 
 24 667 3 3 
 23 666 3 3 
 3 666 3 3 
 24 665 3 3 
 26 662 3 3 
 18 660 7 5 
 18 660 3 3 
 19 659 3 3 
 16 658 4 4 
 19 657 3 3 
 20 656 3 3 
 20 654 3 3 
 25 652 3 3 
 29 651 3 3 
 26 651 3 3 
 24 651 3 3 
 28 650 3 3 
 25 650 3 3 
 0 282 2 4 
 5 362 2 2 
 29 365 2 3 
 7 403 1 2 
 22 411 2 4 
 13 427 4 2 
 49 443 2 3 
 54 452 3 2 
 15 464 3 3 
 20 465 2 3 
 38 469 2 1 
 26 470 4 5 
 12 472 3 3 
 12 471 5 13 
 35 473 3 3 
 35 472 4 4 
 22 476 5 4 
 27 478 3 4 
 17 486 3 3 
 16 500 3 3 
 16 485 7 19 
 22 496 3 3 
 22 494 8 7 
 40 497 2 4 
 26 505 2 2 
 22 507 3 3 
 31 509 1 2 
 27 511 3 3 
 58 518 3 3 
 54 526 2 5 
 25 530 2 3 
 56 693 1 2 
 54 691 1 2 
 26 535 2 1 
 6 691 2 2 
 56 690 1 2 
 38 540 9 14 
 52 543 5 3 
 29 550 2 2 
 10 687 12 16 
 16 692 4 5 
 17 690 3 3 
 77 686 1 2 
 70 686 2 2 
 15 684 3 2 
 45 554 2 2 
 16 682 2 1 
 46 558 1 2 
 48 560 2 3 
 58 590 1 2 
 65 677 2 2 
 51 677 6 6 
 51 680 3 3 
 56 674 1 3 
 2 591 1 2 
 45 673 2 3 
 18 597 2 2 
 47 598 1 2 
 55 671 2 2 
 19 599 7 6 
 21 606 1 2 
 59 665 2 1 
 55 665 3 3 
 66 663 2 3 
 24 606 4 3 
 7 611 3 3 
 30 659 3 2 
 12 620 3 3 
 5 628 3 3 
 5 630 3 3 
 1 632 3 3 
 26 635 3 4 
 55 652 5 7 
 34 637 3 3 
 8 638 3 3 
 10 639 3 3 
 35 649 1 2 
 3 641 3 3 
 7 641 5 4 
 0 644 3 3 
 0 646 4 3 
 22 648 3 3 
 21 650 3 3 
 0 638 1 2 
 25 650 3 3 
 28 650 3 3 
 23 651 4 3 
 26 651 3 3 
 38 629 2 2 
 29 651 3 3 
 25 652 3 3 
 50 622 2 2 
 31 616 2 3 
 23 652 7 9 
 20 654 3 3 
 24 611 4 2 
 20 656 3 3 
 19 657 3 3 
 0 609 50 116 
 41 693 5 7 
 43 692 5 4 
 41 692 3 3 
 42 691 3 3 
 40 691 3 3 
 6 684 3 4 
 5 683 3 3 
 4 682 3 3 
 20 681 3 3 
 3 681 3 3 
 2 680 3 3 
 19 678 3 3 
 5 678 3 3 
 18 677 3 3 
 36 674 3 3 
 15 674 3 3 
 10 674 3 3 
 33 673 3 3 
 9 673 3 3 
 4 673 3 3 
 36 671 3 3 
 32 671 4 3 
 14 670 3 3 
 11 670 4 3 
 2 668 3 4 
 29 667 4 3 
 24 667 3 3 
 23 666 3 3 
 3 666 3 3 
 24 665 3 3 
 18 660 7 5 
 18 660 3 3 
 19 659 3 3 
 16 659 4 3 
 43 273 2 3 
 5 362 2 2 
 29 365 2 3 
 7 403 1 2 
 22 411 2 4 
 13 427 4 2 
 49 443 2 3 
 25 446 2 2 
 54 452 3 2 
 15 464 3 3 
 20 465 2 3 
 38 469 2 1 
 26 470 4 5 
 12 471 5 13 
 35 473 3 3 
 35 472 4 4 
 22 476 5 4 
 27 478 3 4 
 17 486 3 3 
 18 497 3 3 
 16 500 3 3 
 16 485 7 19 
 33 493 1 2 
 22 496 3 3 
 24 497 3 3 
 22 494 8 7 
 40 498 2 3 
 56 693 1 2 
 54 691 1 2 
 22 507 3 3 
 31 509 1 2 
 56 690 1 2 
 27 511 3 2 
 58 518 3 3 
 54 526 2 3 
 77 686 1 2 
 70 686 2 2 
 15 684 3 2 
 25 530 2 3 
 16 682 2 1 
 26 535 2 2 
 38 540 9 14 
 66 677 1 2 
 51 677 6 6 
 51 680 3 3 
 52 543 5 3 
 56 674 1 3 
 45 554 2 2 
 45 673 2 3 
 46 558 1 2 
 55 671 2 2 
 48 560 2 3 
 2 591 1 2 
 18 597 2 2 
 59 665 2 1 
 55 665 3 3 
 66 663 2 3 
 47 598 1 2 
 19 599 7 6 
 31 659 2 2 
 24 606 3 4 
 7 611 3 3 
 55 654 5 5 
 4 618 3 3 
 11 619 3 3 
 12 620 3 3 
 5 628 3 3 
 5 630 3 3 
 35 649 1 2 
 1 632 3 3 
 26 635 3 4 
 9 637 3 3 
 34 637 3 3 
 32 643 2 2 
 8 638 3 3 
 31 638 3 3 
 10 639 3 3 
 38 638 1 2 
 0 638 1 2 
 3 641 3 3 
 7 641 5 4 
 0 644 3 3 
 38 629 2 2 
 27 645 3 3 
 0 646 4 3 
 50 622 3 2 
 31 616 2 3 
 22 648 3 3 
 28 649 3 4 
 24 611 4 2 
 25 650 3 3 
 0 609 50 116 
 44 695 3 3 
 17 695 3 3 
 41 693 5 7 
 11 693 3 3 
 43 692 5 4 
 41 692 3 3 
 16 692 4 5 
 42 691 3 3 
 40 691 3 3 
 17 690 3 3 
 10 690 3 3 
 8 689 3 3 
 5 683 3 3 
 4 682 3 3 
 40 681 3 3 
 3 681 3 3 
 2 680 3 3 
 5 678 3 3 
 36 674 3 3 
 10 674 3 3 
 33 673 3 3 
 9 673 3 3 
 4 673 3 3 
 36 671 3 3 
 32 671 4 3 
 14 670 3 3 
 11 670 4 3 
 2 668 3 4 
 29 667 4 3 
 24 667 3 3 
 23 666 3 3 
 3 666 3 3 
 24 665 3 3 
 16 656 9 10 
 20 654 3 3 
 23 653 7 8 
 27 652 3 4 
 25 652 3 3 
 29 651 3 3 
 26 651 3 3 
 24 651 3 3 
 43 273 2 2 
 5 362 2 2 
 29 365 2 3 
 20 381 1 3 
 22 381 1 2 
 23 412 1 2 
 13 427 4 2 
 49 443 2 3 
 25 446 2 2 
 54 452 3 2 
 15 464 3 3 
 20 466 2 2 
 26 470 4 5 
 13 471 3 3 
 12 471 4 3 
 35 473 3 3 
 35 472 4 4 
 13 475 4 5 
 22 476 5 4 
 27 478 3 4 
 15 481 2 2 
 17 486 3 3 
 18 497 3 3 
 16 485 7 19 
 33 493 1 2 
 22 496 3 3 
 24 497 3 3 
 56 693 1 2 
 22 494 8 7 
 40 497 2 3 
 45 691 5 3 
 22 507 3 3 
 56 690 1 2 
 31 509 1 2 
 27 511 3 3 
 58 518 3 3 
 54 526 2 3 
 25 530 2 3 
 77 686 1 2 
 70 686 1 2 
 15 684 3 2 
 26 535 2 2 
 16 682 2 1 
 38 539 9 15 
 52 543 5 3 
 51 677 6 6 
 66 676 1 3 
 45 554 2 2 
 48 560 2 3 
 56 674 1 3 
 45 673 2 3 
 2 591 1 2 
 55 671 2 2 
 18 597 2 2 
 19 599 7 6 
 24 606 3 4 
 7 611 3 3 
 55 665 3 3 
 66 663 2 3 
 4 618 3 3 
 11 619 3 3 
 30 659 2 2 
 12 620 3 3 
 5 627 3 4 
 55 654 5 5 
 5 630 3 3 
 26 635 3 4 
 55 652 1 2 
 9 637 3 3 
 34 637 3 3 
 8 638 3 3 
 31 638 3 3 
 10 639 3 3 
 3 641 3 3 
 7 641 5 4 
 32 643 2 2 
 0 644 3 3 
 27 645 3 3 
 22 648 3 3 
 25 650 3 3 
 38 638 1 2 
 28 650 3 3 
 24 651 3 3 
 26 651 3 3 
 29 651 3 3 
 50 622 3 2 
 31 616 2 3 
 25 652 3 3 
 24 611 4 2 
 23 653 7 8 
 0 609 49 116 
 31 696 8 7 
 11 693 3 3 
 16 692 4 6 
 29 691 3 3 
 17 690 3 3 
 10 690 3 3 
 8 689 3 3 
 5 683 3 3 
 4 682 3 3 
 40 681 3 3 
 3 681 3 3 
 2 680 3 3 
 19 679 3 4 
 5 678 3 3 
 36 674 3 3 
 10 674 3 3 
 33 673 3 3 
 9 673 3 3 
 4 673 3 3 
 36 671 3 3 
 32 671 3 3 
 14 670 3 3 
 11 670 4 3 
 2 668 3 4 
 29 667 4 3 
 24 667 3 3 
 23 666 3 3 
 3 666 3 3 
 24 665 3 3 
 18 660 7 6 
 18 660 3 3 
 19 659 3 3 
 16 659 4 3 
 18 657 4 4 
 20 656 3 3 
 21 655 3 3 
 20 654 3 3 
 43 273 2 2 
 5 362 2 2 
 29 365 2 3 
 20 381 1 3 
 22 381 1 2 
 23 412 1 2 
 13 427 4 2 
 49 443 2 3 
 25 446 2 2 
 54 452 3 2 
 15 464 3 3 
 20 466 2 2 
 26 470 4 5 
 13 471 3 3 
 12 471 4 3 
 36 472 3 4 
 13 475 3 5 
 22 476 5 4 
 27 478 3 4 
 15 481 2 2 
 17 486 3 3 
 16 488 3 3 
 18 497 3 3 
 16 485 7 19 
 33 493 1 2 
 22 496 3 3 
 24 497 3 3 
 22 494 8 7 
 40 497 2 3 
 56 693 1 2 
 22 507 3 3 
 31 509 1 2 
 27 511 3 3 
 56 690 1 2 
 24 517 3 3 
 55 526 1 2 
 25 530 2 3 
 26 535 2 2 
 43 546 3 3 
 77 686 1 2 
 70 686 1 2 
 38 539 9 15 
 15 684 3 2 
 52 543 5 3 
 16 682 2 1 
 32 552 2 2 
 52 677 5 6 
 66 676 1 3 
 48 560 2 3 
 56 674 1 3 
 45 673 2 3 
 2 591 1 2 
 55 671 2 2 
 18 597 2 2 
 55 669 2 1 
 19 599 7 6 
 20 606 2 1 
 55 665 3 3 
 66 663 2 3 
 24 606 3 4 
 7 611 3 3 
 31 659 1 2 
 4 618 3 3 
 55 655 5 4 
 11 619 3 3 
 58 654 2 1 
 12 620 3 3 
 5 627 3 4 
 55 652 1 2 
 4 629 3 3 
 5 630 3 3 
 26 635 3 4 
 33 648 2 1 
 4 636 3 3 
 9 637 3 3 
 34 637 3 3 
 32 643 2 2 
 8 638 3 3 
 31 638 3 3 
 10 639 3 3 
 3 641 3 3 
 38 638 1 2 
 7 641 5 4 
 0 644 3 3 
 50 622 2 2 
 27 645 3 3 
 31 616 2 3 
 22 648 3 3 
 24 611 4 2 
 25 650 3 3 
 0 609 50 116 
 40 697 3 3 
 31 696 8 7 
 41 693 6 7 
 11 693 3 3 
 43 692 5 4 
 16 692 4 6 
 42 691 3 3 
 40 691 4 5 
 29 691 3 3 
 17 690 3 3 
 10 690 3 3 
 8 689 3 3 
 4 682 3 3 
 40 681 3 3 
 3 681 3 3 
 2 680 3 3 
 19 679 3 4 
 5 678 3 3 
 36 674 3 3 
 33 673 3 3 
 4 673 3 3 
 36 671 3 3 
 32 671 3 3 
 14 670 3 3 
 11 670 4 3 
 2 668 3 4 
 29 667 4 3 
 24 667 3 3 
 23 666 3 3 
 3 666 3 3 
 24 665 3 3 
 18 660 7 6 
 18 660 3 3 
 19 659 3 3 
 16 657 6 5 
 20 656 3 3 
 21 655 3 3 
 20 654 3 3 
 23 653 7 8 
 25 652 3 3 
 29 651 3 3 
 26 651 3 3 
 24 651 3 3 
 28 650 3 3 
 7 337 2 2 
 5 362 2 2 
 20 381 1 3 
 22 381 1 2 
 23 412 1 2 
 25 446 2 2 
 15 464 3 3 
 20 466 2 2 
 26 470 4 5 
 12 471 2 1 
 14 472 2 2 
 36 472 2 2 
 13 475 3 5 
 22 476 5 4 
 27 478 3 4 
 15 481 2 2 
 17 486 3 3 
 16 488 3 3 
 19 493 3 3 
 18 497 3 3 
 16 485 7 19 
 22 496 3 3 
 56 693 1 2 
 24 497 3 3 
 22 494 8 7 
 40 497 2 3 
 56 690 1 2 
 22 507 3 3 
 31 508 2 3 
 16 687 2 1 
 77 686 1 2 
 27 511 3 3 
 24 517 3 3 
 15 684 3 2 
 25 530 2 3 
 26 535 2 2 
 52 677 5 6 
 66 676 1 3 
 41 546 3 3 
 56 674 1 3 
 38 539 9 15 
 52 543 5 3 
 48 560 2 3 
 2 591 1 2 
 19 599 7 6 
 20 606 2 1 
 24 607 3 3 
 24 606 4 4 
 55 665 3 3 
 66 663 2 3 
 7 611 3 3 
 4 618 3 3 
 11 619 3 3 
 31 659 1 2 
 12 620 3 3 
 55 655 5 4 
 5 627 3 4 
 4 629 3 3 
 58 654 2 1 
 5 630 3 3 
 55 652 1 2 
 26 635 3 4 
 4 636 3 3 
 9 637 3 3 
 33 648 2 1 
 8 638 3 3 
 31 638 3 3 
 10 639 3 3 
 32 643 2 2 
 3 641 3 3 
 7 641 5 4 
 0 644 3 3 
 27 645 3 3 
 22 648 3 4 
 50 622 2 2 
 31 616 2 2 
 25 650 3 3 
 24 611 4 2 
 28 650 3 3 
 0 609 49 116 
 41 698 3 3 
 40 697 3 3 
 31 696 8 7 
 41 693 6 7 
 11 693 3 3 
 43 692 5 4 
 16 692 4 6 
 42 691 3 3 
 40 691 4 5 
 17 690 3 3 
 10 690 3 3 
 8 689 3 3 
 4 682 3 3 
 40 681 3 3 
 3 681 3 3 
 2 680 3 3 
 5 678 3 3 
 36 674 3 3 
 33 673 3 3 
 4 673 3 3 
 36 671 3 3 
 32 671 3 3 
 14 670 3 3 
 11 670 4 3 
 29 667 4 3 
 24 667 3 3 
 23 666 3 3 
 3 666 3 3 
 24 665 3 3 
 18 660 7 6 
 18 660 3 3 
 19 659 3 3 
 20 656 3 3 
 17 656 5 6 
 21 655 3 3 
 20 653 3 4 
 25 652 3 3 
 29 651 3 3 
 26 651 3 3 
 24 651 3 3 
 20 381 1 3 
 22 381 1 2 
 25 446 2 2 
 15 464 2 2 
 32 508 1 2 
 24 517 3 3 
 59 518 2 2 
 25 608 2 2 
 0 617 4 4 
 36 624 2 3 
 31 627 3 3 
 29 636 1 2 
 36 636 2 1 
 36 640 3 2 
 1 641 3 2 
 27 642 1 2 
 9 643 1 2 
 28 645 2 2 
 33 648 2 1 
 27 653 2 3 
 21 657 2 2 
 28 657 2 2 
 19 660 2 3 
 37 667 2 3 
 5 676 2 2 
 41 676 1 2 
 52 677 4 3 
 54 680 3 3 
 8 684 1 3 
 7 688 1 2 
 9 688 2 2 
 5 691 8 5 
 48 696 1 2 
 15 699 2 1 
 56 699 2 2 
 20 381 3 3 
 36 402 1 2 
 25 446 2 2 
 15 464 2 2 
 32 508 1 2 
 24 517 3 3 
 59 518 2 2 
 25 608 2 2 
 0 617 4 4 
 36 624 2 3 
 31 628 3 2 
 35 631 2 2 
 29 636 1 2 
 36 636 2 1 
 36 640 2 1 
 27 642 1 2 
 9 643 1 2 
 28 645 2 2 
 33 648 2 1 
 27 653 2 3 
 21 657 2 2 
 28 657 2 2 
 19 660 2 3 
 60 661 2 3 
 57 665 1 3 
 37 667 2 3 
 41 676 1 2 
 52 677 5 3 
 19 678 2 3 
 54 680 3 3 
 8 684 1 3 
 7 688 1 2 
 62 702 2 2 
 15 702 3 1 
 9 688 2 2 
 15 690 2 1 
 5 691 3 2 
 9 691 4 5 
 56 699 2 2 
 48 696 1 2 
 8 699 1 2 
 10 697 2 3 
 25 446 2 2 
 32 508 1 2 
 24 517 3 3 
 39 561 2 2 
 25 608 2 2 
 1 617 3 4 
 36 624 2 3 
 31 628 3 2 
 36 634 2 1 
 29 636 1 2 
 36 636 2 1 
 36 640 2 1 
 27 642 1 2 
 28 645 2 2 
 33 648 2 1 
 27 653 2 3 
 21 658 2 1 
 19 660 2 3 
 60 661 2 3 
 57 665 1 3 
 69 666 4 2 
 52 675 2 3 
 41 676 1 2 
 47 706 1 2 
 55 677 2 2 
 21 706 2 2 
 19 678 2 3 
 8 684 1 3 
 5 691 3 2 
 9 691 4 5 
 24 704 2 1 
 48 696 1 2 
 15 702 3 1 
 24 517 2 2 
 25 608 2 2 
 36 636 2 1 
 27 642 1 2 
 29 645 1 2 
 33 648 2 1 
 27 653 2 3 
 21 658 2 1 
 19 660 2 3 
 60 661 2 3 
 57 666 1 2 
 69 666 4 2 
 41 676 1 2 
 19 678 2 3 
 54 681 1 2 
 31 711 1 2 
 9 689 4 7 
 5 691 3 3 
 41 710 2 1 
 18 698 2 1 
 26 706 1 2 
 28 701 2 2 
 21 704 5 4 
 25 608 2 2 
 24 612 3 3 
 36 636 2 1 
 21 658 2 1 
 20 661 1 2 
 60 661 2 2 
 57 666 2 2 
 69 666 4 3 
 31 714 3 2 
 52 675 2 2 
 41 676 1 2 
 19 678 2 3 
 5 691 3 3 
 9 691 4 5 
 47 694 3 3 
 18 698 2 1 
 41 710 2 1 
 21 705 4 3 
 47 716 2 2 
 31 714 3 2 
 35 712 1 3 
 41 710 2 1 
 36 636 2 1 
 73 656 2 1 
 60 661 2 2 
 57 666 2 2 
 69 666 4 3 
 56 673 3 3 
 21 705 4 3 
 41 676 1 2 
 19 678 2 3 
 6 692 2 2 
 65 693 2 1 
 47 694 3 3 
 18 698 2 1 
 48 735 2 3 
 62 771 2 1 
 48 736 2 2 
 62 771 3 2 
 655 63 2 1 
 48 736 2 2 
 66 693 2 2 
 23 705 2 2 
 32 743 2 4 
 32 743 2 4 
 32 744 2 3 
 33 745 1 2 
 1538 836 2 2 
 61 743 1 2 
 62 664 2 1 
 62 664 2 1 
 60 744 2 3 
 33 407 2 2 
 61 745 2 2 
 61 746 2 1 
 61 746 2 1 
 659 70 4 4 
 64 772 3 3 
 659 70 4 4 
 7 448 1 2 
 659 70 4 4 
 3 389 1 2 
 57 816 1 2 
 659 70 4 4 
 2 389 2 2 
 659 70 4 4 
 2 389 2 2 
 659 70 4 4 
 69 711 1 2 
 2 389 2 2 
 659 70 4 4 
 65 772 1 2 
 0 347 1 2 
 659 70 4 4 
 2 389 2 2 
 6 448 3 2 
 6 448 2 2 
 32 409 2 2 
 69 669 2 1 
 69 669 2 1 
 31 745 1 4 
 31 747 1 2 
 31 747 1 2 
 31 747 1 2 
 31 747 1 2 
 73 750 1 2 
 60 825 2 2 
 73 750 1 2 
 73 750 1 2 
 64 827 2 3 
 63 827 3 3 
 0 329 2 2 
 0 329 2 2 
 72 831 4 3 
 42 272 2 2 
 72 831 4 3 
 44 226 1 2 
 72 831 4 3 
 44 226 2 2 
 73 831 2 3 
 44 226 2 2 
 73 831 2 3 
 44 226 2 2 
 77 652 2 2 
 44 226 2 2 
 44 226 1 2 
 44 226 1 2 
 44 226 1 2 
 44 226 1 2 
 51 231 2 1 
 653 63 3 3 
 653 63 3 3 
 653 63 3 3 
 653 63 3 3 
 653 63 3 3 
 654 63 2 3 
