 488 825 1 2 
 476 794 3 4 
 487 802 3 6 
 1493 969 3 4 
 525 950 5 4 
 475 836 3 2 
 525 949 5 5 
 577 852 2 3 
 525 949 5 5 
 527 951 3 3 
 522 1018 10 6 
 510 1017 4 2 
 511 1019 3 1 
 522 1017 10 7 
 577 853 2 1 
 521 1022 5 5 
 510 1018 2 2 
 521 1017 11 8 
 528 1021 3 3 
 527 950 2 2 
 41 166 4 4 
 510 1023 2 3 
 520 1017 12 8 
 52 393 2 1 
 31 403 2 3 
 522 1027 3 3 
 505 1024 3 3 
 661 78 2 2 
 31 403 2 3 
 521 1023 7 8 
 661 78 2 2 
 521 1024 7 7 
 661 78 2 2 
 505 1025 6 7 
 476 795 2 1 
 661 78 2 2 
 18 311 7 4 
 476 794 4 5 
 524 1025 3 2 
 56 753 4 3 
 568 979 5 3 
 400 1074 4 5 
 58 750 2 2 
 826 738 1 4 
 570 979 3 3 
 826 738 1 4 
 402 1076 3 3 
 826 738 1 4 
 82 955 2 1 
 473 1050 3 3 
 473 1050 3 3 
 473 1050 3 3 
 624 61 3 3 
 473 1050 3 3 
 643 61 3 4 
 452 1077 2 3 
 643 61 3 4 
 452 1077 2 3 
 643 61 3 4 
 452 1077 2 3 
 452 1077 2 3 
 643 61 3 4 
 452 1077 2 3 
 643 61 3 4 
 437 1048 1 2 
 643 61 3 4 
 643 61 3 4 
 56 406 2 2 
 56 405 2 3 
 657 70 3 5 
 657 70 1 2 
 657 70 1 2 
 28 298 2 1 
 657 70 1 2 
 1481 972 2 1 
 28 298 2 1 
 657 70 1 2 
 1481 972 2 1 
 28 298 2 1 
 657 70 1 2 
 1466 1041 4 4 
 657 70 1 2 
 1496 972 2 1 
 657 70 1 2 
 84 972 5 5 
 1496 972 2 1 
 6 235 1 2 
 516 948 2 3 
 516 948 2 3 
 525 1018 1 2 
 524 1018 3 2 
 524 1018 3 2 
 524 1018 3 2 
 74 405 2 2 
 524 1018 3 2 
 524 1018 4 2 
 1451 1037 4 4 
 1449 1037 6 6 
 10 327 3 3 
 1449 1036 6 7 
 12 328 1 2 
 1449 1036 6 7 
 18 328 3 3 
 88 971 2 2 
 18 329 3 2 
 86 971 7 8 
 18 329 3 2 
 18 329 3 2 
 86 971 8 10 
