 32 286 2 1 
 2 365 1 2 
 4 366 1 2 
 8 398 1 2 
 4 366 1 2 
 8 398 1 2 
 2 365 4 3 
 8 398 1 2 
 3 402 3 3 
 2 365 4 3 
 8 397 1 3 
 0 402 6 5 
 49 421 2 1 
 3 366 3 2 
 8 397 2 3 
 0 402 7 5 
 57 418 1 2 
 50 421 3 3 
 54 423 3 3 
 16 355 1 3 
 4 366 1 2 
 7 397 3 3 
 0 402 7 4 
 57 418 1 2 
 45 420 2 1 
 50 421 4 3 
 55 423 1 2 
 48 424 1 2 
 46 270 2 1 
 16 355 1 2 
 17 359 2 3 
 4 366 1 2 
 7 397 3 3 
 3 403 3 3 
 0 402 7 4 
 52 415 1 2 
 57 418 1 2 
 18 420 2 2 
 45 420 2 1 
 50 421 4 3 
 55 423 1 2 
 43 424 3 1 
 48 424 1 2 
 39 428 2 1 
 46 270 2 1 
 28 335 1 2 
 31 337 3 3 
 21 350 2 1 
 16 359 3 4 
 3 366 2 2 
 5 386 3 2 
 7 397 3 4 
 3 403 3 3 
 2 402 5 4 
 52 415 1 2 
 57 418 1 3 
 18 420 2 2 
 45 420 2 1 
 50 421 4 3 
 55 423 1 2 
 43 424 2 2 
 47 424 3 2 
 39 428 2 2 
 49 436 2 1 
 60 434 2 1 
 52 430 3 2 
 53 262 2 1 
 21 329 1 2 
 28 335 1 2 
 31 337 3 3 
 20 340 3 2 
 21 350 2 1 
 16 359 3 4 
 24 364 2 2 
 11 367 3 2 
 5 387 2 1 
 7 399 3 2 
 3 402 3 4 
 28 410 1 2 
 57 418 2 3 
 18 420 2 2 
 45 420 2 1 
 51 421 3 3 
 50 421 4 3 
 43 424 2 2 
 33 445 1 3 
 47 424 3 2 
 38 428 3 4 
 52 430 4 3 
 60 434 2 1 
 29 256 2 2 
 47 270 2 2 
 45 280 2 2 
 41 303 2 1 
 21 329 1 2 
 28 335 1 2 
 31 338 2 2 
 21 340 2 2 
 21 350 2 1 
 16 360 3 3 
 33 360 2 1 
 24 364 2 2 
 11 367 3 2 
 5 386 2 2 
 7 399 3 2 
 3 402 3 4 
 57 418 2 3 
 18 420 2 2 
 45 420 2 1 
 50 421 3 3 
 54 423 2 2 
 43 424 1 2 
 47 424 4 4 
 38 428 3 4 
 44 448 3 2 
 33 445 1 3 
 52 430 4 3 
 60 434 2 1 
 50 436 1 2 
 29 256 2 2 
 47 270 2 4 
 45 280 2 2 
 41 303 2 1 
 21 329 1 2 
 28 335 1 2 
 19 336 2 2 
 31 338 2 2 
 21 340 2 2 
 21 350 2 1 
 7 358 2 1 
 16 360 3 3 
 33 360 2 1 
 24 364 2 2 
 11 367 3 2 
 5 386 2 2 
 7 399 3 2 
 3 402 2 2 
 50 414 3 2 
 19 466 2 3 
 77 461 2 2 
 57 418 2 3 
 18 420 2 2 
 45 420 2 1 
 50 421 3 3 
 72 448 1 2 
 44 448 3 2 
 33 445 1 3 
 43 424 1 3 
 50 425 3 3 
 47 424 6 4 
 38 428 3 4 
 52 430 4 3 
 50 436 1 2 
 60 434 2 1 
 47 270 2 4 
 45 280 2 2 
 41 303 2 1 
 56 321 2 2 
 58 325 1 2 
 21 329 1 2 
 28 335 1 2 
 30 338 3 2 
 22 340 1 2 
 21 350 2 1 
 16 360 3 3 
 33 360 3 1 
 24 364 2 2 
 11 367 3 2 
 5 386 2 2 
 7 399 2 2 
 21 403 2 2 
 50 414 3 2 
 65 468 1 2 
 18 420 2 2 
 19 466 2 3 
 62 465 1 2 
 77 461 2 2 
 45 420 2 1 
 57 420 2 1 
 51 422 2 2 
 43 424 1 3 
 72 448 1 2 
 44 448 3 2 
 33 445 1 3 
 50 425 3 3 
 47 424 6 4 
 38 428 3 4 
 52 429 4 4 
 50 436 1 2 
 60 434 2 1 
 47 270 2 4 
 45 280 2 2 
 41 303 2 1 
 56 321 1 2 
 58 325 1 2 
 21 329 1 2 
 30 338 3 2 
 22 340 1 2 
 21 350 2 1 
 16 360 3 3 
 33 360 3 1 
 26 361 2 2 
 35 481 2 1 
 24 364 2 2 
 11 367 3 2 
 35 367 2 2 
 19 466 2 3 
 59 464 5 3 
 5 386 2 2 
 7 399 2 2 
 77 461 2 2 
 3 402 2 2 
 4 405 2 1 
 50 414 3 2 
 18 420 2 2 
 45 420 2 1 
 72 448 1 2 
 57 420 2 1 
 33 445 1 3 
 51 422 2 2 
 43 424 1 3 
 36 442 2 3 
 50 425 3 3 
 47 424 6 4 
 46 436 2 3 
 59 434 3 2 
 38 427 4 5 
 52 429 4 4 
 47 506 1 2 
 21 350 2 1 
 15 355 2 2 
 7 358 2 1 
 35 481 2 2 
 16 360 3 3 
 33 360 2 1 
 19 466 2 3 
 26 361 2 2 
 59 464 5 3 
 24 364 2 2 
 11 367 3 2 
 77 461 2 2 
 35 367 2 3 
 5 386 2 2 
 7 399 3 2 
 21 403 2 2 
 4 405 2 1 
 42 411 3 3 
 72 448 1 2 
 50 414 2 1 
 33 445 1 3 
 18 420 2 2 
 57 420 2 1 
 37 443 1 2 
 43 424 1 3 
 50 425 3 3 
 46 436 2 3 
 59 434 3 2 
 47 424 6 4 
 38 427 4 5 
 52 429 4 4 
 63 517 2 2 
 47 506 1 2 
 68 499 2 2 
 73 486 2 1 
 35 481 2 3 
 19 466 2 3 
 77 461 2 2 
 72 448 1 2 
 33 446 1 2 
 37 443 1 2 
 664 76 3 2 
 47 271 2 3 
 6 300 2 2 
 37 541 3 2 
 63 517 2 2 
 20 329 2 2 
 73 486 2 1 
 37 542 2 2 
 35 557 3 2 
 667 63 1 2 
 47 302 3 3 
 56 223 2 1 
 56 223 2 1 
 56 223 2 1 
 56 223 2 1 
 56 223 2 1 
 56 223 2 1 
 56 223 2 1 
 56 223 2 1 
 56 223 2 1 
 42 225 2 2 
 24 257 2 2 
 67 544 2 4 
 24 257 2 2 
 68 544 1 2 
 24 257 2 2 
 50 548 1 2 
 24 257 2 2 
 75 483 2 1 
 64 691 2 2 
 22 340 2 2 
 65 691 1 2 
 43 424 2 2 
 43 424 2 2 
 43 424 3 2 
 48 914 2 2 
 73 889 2 2 
 73 889 3 2 
 73 889 3 2 
 70 683 2 2 
 67 872 2 2 
 67 872 2 2 
 53 651 2 2 
 53 651 2 2 
 67 872 2 2 
 39 301 2 2 
 39 301 2 2 
 0 337 1 3 
 55 322 2 2 
 865 988 2 1 
 0 339 1 2 
 865 988 2 1 
 865 988 2 1 
 36 539 3 3 
 36 539 4 3 
 865 988 2 1 
 651 75 1 3 
 865 988 2 2 
 36 539 4 3 
 651 75 1 3 
 36 539 3 3 
 651 75 1 3 
 37 539 3 3 
 651 75 1 3 
 70 704 2 1 
 651 75 1 3 
 69 704 3 4 
 651 75 1 3 
 69 704 3 4 
 651 75 1 3 
 74 745 2 3 
 48 538 2 2 
 82 766 2 1 
 651 75 1 3 
 16 355 1 2 
 74 771 2 1 
 8 416 1 2 
 15 355 2 2 
 74 771 2 1 
 14 357 2 2 
 74 771 2 1 
 22 341 2 1 
 74 771 2 1 
 22 340 3 2 
 74 771 2 1 
 0 327 2 2 
 55 796 4 2 
 0 327 2 3 
 55 796 4 2 
 5 300 2 2 
 55 796 4 2 
 0 327 2 3 
 61 806 3 5 
 18 270 1 2 
 61 806 2 2 
 19 242 2 2 
 62 809 2 2 
 45 228 2 2 
 71 751 1 2 
 1 453 1 2 
