 24 339 1 2 
 40 379 1 2 
 44 387 1 2 
 31 399 2 2 
 40 413 2 1 
 72 413 1 2 
 24 339 1 2 
 2 394 4 3 
 31 399 2 2 
 40 413 2 1 
 53 414 1 2 
 2 393 4 4 
 3 398 2 1 
 63 428 2 2 
 39 467 2 2 
 16 562 2 2 
 62 591 2 2 
 16 562 2 2 
 62 592 2 1 
 71 649 2 3 
 68 596 4 4 
 69 597 3 2 
 80 639 2 1 
 82 708 2 1 
 41 744 3 2 
 44 735 1 2 
 42 744 3 2 
 54 192 2 2 
 53 192 3 2 
 82 708 2 1 
 53 192 3 2 
 81 706 3 3 
 53 192 2 2 
 81 699 2 1 
 53 193 2 1 
 81 707 3 2 
 53 193 2 1 
 82 708 2 1 
 654 73 2 2 
 74 751 1 2 
 654 73 2 2 
 74 751 1 2 
 654 73 2 2 
 74 751 3 4 
 22 309 2 2 
 654 73 2 2 
 73 751 2 2 
 654 73 2 2 
 73 751 2 2 
 654 73 2 2 
 22 309 2 2 
 80 639 3 3 
 654 73 2 2 
 22 309 2 2 
 81 639 3 4 
 654 73 2 2 
 22 309 2 2 
 81 639 2 3 
 74 756 2 2 
 67 758 2 3 
 66 701 2 2 
 66 701 2 2 
 66 701 2 2 
 66 702 2 1 
 60 577 1 2 
 15 383 2 1 
 75 758 3 3 
 15 382 2 2 
 75 758 3 3 
 4 311 2 2 
 64 758 4 4 
 5 310 1 2 
 74 754 3 4 
 5 310 1 2 
 57 747 2 2 
 4 310 2 3 
 77 707 2 2 
 51 193 3 2 
 78 721 1 2 
 52 193 2 2 
 51 193 3 2 
 51 193 2 2 
 79 632 1 2 
 655 61 6 5 
 70 612 2 1 
 5 310 1 2 
 655 61 6 5 
 70 612 2 1 
 20 310 2 2 
 655 61 6 5 
 70 612 2 1 
 3 311 1 2 
 655 61 6 5 
 3 311 2 4 
 655 61 6 4 
 79 632 1 2 
 3 311 2 4 
 655 61 2 4 
 33 529 2 2 
 3 311 3 4 
 655 61 2 4 
 33 529 2 2 
 3 311 3 4 
 656 61 1 2 
 33 530 2 1 
 3 313 3 2 
 0 306 2 1 
 0 306 2 1 
 0 306 2 1 
 34 310 2 1 
 57 198 2 1 
 54 194 2 1 
 57 198 2 1 
 57 198 2 1 
 77 755 3 4 
 44 226 2 1 
 58 216 2 2 
 44 226 2 1 
 81 671 2 2 
 44 226 2 1 
 81 670 2 3 
 44 226 2 1 
 79 670 4 3 
 56 199 2 1 
 56 199 2 1 
 56 199 2 1 
 56 199 2 1 
 648 63 2 1 
 60 691 2 1 
 12 322 2 2 
 648 63 2 1 
 60 691 2 1 
 31 335 2 2 
 664 66 2 2 
 76 694 2 3 
 15 383 2 1 
 664 66 2 2 
 76 694 2 3 
 38 295 1 2 
 664 66 2 2 
 60 691 2 1 
 8 405 2 2 
 664 66 2 2 
 60 691 2 1 
 8 405 2 2 
 664 66 2 2 
 60 691 2 1 
 21 423 2 1 
 664 66 2 2 
 60 691 2 1 
 21 423 2 1 
 58 215 2 2 
 21 423 2 1 
 58 215 2 2 
 21 423 2 1 
 55 217 3 2 
 21 423 2 1 
 56 216 2 1 
 56 216 2 1 
 56 216 2 1 
 56 216 2 1 
 56 576 2 3 
