 1273 334 3 3 
 1272 333 4 7 
 1270 337 2 3 
 1270 334 7 10 
 1273 335 2 2 
 1263 328 1 2 
 197 271 3 4 
 1273 336 1 2 
 1272 341 2 2 
 1279 1015 3 1 
 578 251 2 2 
 1282 1013 2 1 
 578 251 2 2 
 1266 1015 4 1 
 577 251 3 2 
 1168 643 7 8 
 1275 1013 5 1 
 623 62 3 3 
 1252 1017 3 2 
 1172 647 6 4 
 402 18 1 2 
 1258 1013 11 3 
 1177 652 3 3 
 582 248 3 2 
 623 62 3 3 
 1256 1014 5 2 
 1176 654 2 3 
 701 383 2 1 
 1241 1043 5 5 
 623 62 3 3 
 701 383 2 1 
 1241 1043 5 5 
 623 62 3 3 
 671 379 1 2 
 1240 1043 6 5 
 623 62 3 3 
 673 378 2 2 
 400 18 3 3 
 1251 1010 6 5 
 674 325 2 1 
 1176 652 3 4 
 623 62 3 3 
 1292 1010 5 1 
 680 323 2 1 
 1300 1014 2 2 
 581 247 4 2 
 1240 1043 15 9 
 583 247 2 2 
 1239 1042 3 2 
 583 247 2 2 
 583 247 2 2 
 1306 1005 1 4 
 577 248 5 3 
 1238 1042 13 9 
 173 496 2 1 
 577 248 5 3 
 1238 1045 9 6 
 1177 651 1 3 
 1237 1045 10 6 
 577 249 4 2 
 577 248 4 5 
 1292 1011 2 2 
 1309 1010 2 1 
 695 324 3 3 
 699 326 2 1 
 1237 1037 14 15 
 1237 1037 14 15 
 699 326 2 1 
 1236 1048 17 5 
 1276 328 2 3 
 1236 1048 9 4 
 1236 1048 9 4 
 1243 1050 10 3 
 581 247 2 2 
 1246 1051 5 2 
 1249 1052 2 1 
 1250 1052 1 2 
 655 63 2 2 
 1250 1052 1 2 
 655 63 2 2 
 1307 1003 6 5 
 653 382 2 2 
 1256 982 4 3 
 660 72 1 2 
 1302 988 17 6 
 385 14 2 2 
 646 380 4 3 
 1293 985 2 2 
 1911 600 2 2 
 385 14 1 2 
 1293 985 2 2 
 385 14 1 2 
 633 382 2 1 
 1911 600 2 2 
 1482 836 2 2 
