 366 86 3 1 
 370 98 3 3 
 372 101 4 4 
 372 106 5 4 
 374 111 3 3 
 376 114 3 3 
 378 117 4 4 
 378 122 5 4 
 381 127 2 2 
 383 130 3 3 
 384 133 5 4 
 385 138 4 4 
 387 143 3 2 
 390 146 3 3 
 391 149 4 4 
 392 154 4 4 
 394 158 3 3 
 397 161 3 3 
 399 169 4 4 
 402 173 3 3 
 659 70 1 2 
 65 690 1 2 
 659 70 1 2 
 65 690 1 2 
 65 690 1 2 
 407 184 4 4 
 410 188 3 3 
 65 690 1 2 
 413 191 3 3 
 34 681 2 2 
 414 195 5 3 
 34 681 2 2 
 416 199 3 4 
 34 681 2 2 
 419 202 3 3 
 34 681 2 2 
 422 205 3 3 
 67 810 1 2 
 423 209 4 4 
 62 695 2 2 
 425 213 4 3 
 37 448 1 2 
 64 698 2 2 
 429 216 3 2 
 37 436 2 2 
 63 794 2 1 
 431 218 4 4 
 37 448 1 2 
 63 794 2 1 
 433 222 3 4 
 50 433 2 2 
 435 226 3 3 
 50 433 2 2 
 439 228 3 3 
 70 810 1 2 
 441 231 4 3 
 54 450 2 1 
 443 235 3 3 
 74 463 1 2 
 48 768 1 2 
 446 238 3 3 
 74 463 1 2 
 48 768 1 2 
 449 240 3 3 
 76 755 1 2 
 451 242 4 4 
 76 755 1 2 
 453 246 4 4 
 75 717 1 2 
 456 249 3 3 
 75 717 1 2 
 459 251 3 3 
 75 717 1 2 
 461 254 4 4 
 75 717 1 2 
 463 258 4 3 
 75 717 1 2 
 466 261 3 2 
 469 263 3 3 
 471 265 4 4 
 473 269 4 4 
 476 272 2 2 
 478 274 3 3 
 480 276 4 4 
 482 280 4 4 
 485 283 3 3 
 488 285 2 3 
 489 287 4 4 
 491 291 4 3 
 494 294 2 2 
 497 296 2 2 
 499 298 3 3 
 500 301 4 4 
 503 304 3 2 
 506 306 3 2 
 661 66 3 3 
 508 308 3 3 
 661 66 3 3 
 661 64 3 6 
 661 64 3 6 
 661 64 3 6 
 661 64 3 6 
 661 64 3 6 
 661 64 3 6 
 668 62 1 2 
 668 62 1 2 
 668 62 1 2 
 668 62 1 2 
 668 62 1 2 
 668 62 1 2 
 668 62 1 2 
