 523 54 3 3 
 835 1016 2 2 
 828 1006 6 2 
 813 1024 3 4 
 835 1013 1 2 
 835 1013 2 2 
 810 1023 8 9 
 810 1023 7 8 
 809 1039 3 3 
 808 1040 3 3 
 815 1041 3 3 
 804 1039 15 8 
 831 1007 2 2 
 810 1022 7 8 
 811 1036 2 1 
 804 1038 11 7 
 815 1041 3 3 
 816 1043 3 3 
 813 1040 6 7 
 782 1069 2 3 
 802 1035 13 8 
 785 1059 8 6 
 797 1071 3 2 
 801 1070 5 5 
 780 1070 4 7 
 755 1077 2 1 
 801 1074 3 3 
 797 1078 5 2 
 823 1007 3 3 
 823 1007 3 5 
 823 1008 3 3 
 823 1008 3 3 
 821 1005 8 7 
 823 1008 3 3 
 819 1009 3 3 
 819 1009 4 3 
 819 1009 12 11 
 823 1009 2 2 
 789 1076 6 4 
 825 1006 3 3 
 826 1006 2 4 
 831 1008 3 3 
 831 1008 3 3 
 831 1007 4 3 
 832 1006 3 3 
 832 1006 3 3 
 832 1006 3 3 
 831 1008 3 3 
 829 1006 6 4 
 836 1009 4 7 
 836 1009 5 10 
 874 1013 2 4 
 874 1013 5 4 
 839 1013 3 6 
 839 1013 2 2 
 840 1010 4 7 
 804 1077 4 3 
 840 1009 3 3 
 839 1008 3 3 
 839 1008 3 3 
 810 1073 5 4 
 835 1005 10 12 
 834 1005 11 10 
 833 1004 3 3 
 837 1007 3 3 
 839 1008 3 3 
 833 1005 3 3 
 832 1005 4 3 
 831 1004 6 5 
 831 1008 2 2 
 820 1020 2 2 
 816 1024 2 1 
 815 1025 1 3 
