 1502 829 3 5 
 1519 828 2 1 
 1492 828 3 1 
 1520 826 2 1 
 1499 834 5 4 
 1532 670 1 2 
 1462 493 2 2 
 1595 507 2 1 
 1465 512 2 2 
 1390 527 1 2 
 1484 533 2 2 
 1411 535 2 1 
 1422 536 2 1 
 1438 538 2 1 
 1390 540 2 1 
 1495 541 2 1 
 1509 541 2 2 
 1540 541 2 1 
 1544 541 2 1 
 1515 547 1 2 
 1562 547 2 2 
 1397 560 4 3 
 1422 564 2 1 
 1370 585 2 2 
 1410 589 3 2 
 1414 590 2 2 
 1380 591 3 1 
 1426 591 1 2 
 1434 592 1 2 
 1436 592 1 2 
 1399 593 3 2 
 1404 593 2 1 
 1438 593 2 2 
 1409 594 2 2 
 1475 596 2 2 
 1434 597 2 1 
 1438 597 2 2 
 1356 598 2 2 
 1444 598 2 1 
 1485 598 2 2 
 1451 599 2 1 
 1454 599 1 2 
 1496 600 2 1 
 1495 604 2 1 
 1416 620 2 2 
 1388 621 2 1 
 1381 644 2 2 
 1408 647 2 2 
 1422 649 2 2 
 1350 652 2 1 
 1356 652 2 1 
 1369 653 2 2 
 1410 653 2 2 
 1386 655 2 1 
 1421 668 1 2 
 1432 669 2 1 
 1520 669 3 2 
 1532 670 3 2 
 1457 671 2 2 
 1462 672 2 1 
 1549 681 2 2 
 1358 709 1 2 
 1347 713 2 2 
 1356 715 1 2 
 1348 719 2 1 
 1364 720 1 2 
 1380 722 2 1 
 1372 729 3 1 
 1456 729 2 2 
 1459 729 3 2 
 1492 732 2 2 
 1528 732 2 1 
 1415 735 2 1 
 1551 738 3 1 
 1468 739 1 2 
 1533 746 2 2 
 1538 769 2 1 
 1377 781 1 2 
 1428 786 1 2 
 1451 788 2 2 
 1376 789 2 2 
 1381 789 1 2 
 1398 790 1 2 
 1474 791 2 1 
 1365 792 2 1 
 1373 792 2 2 
 1443 794 2 1 
 1402 795 2 2 
 1424 796 2 2 
 1422 797 1 2 
 1446 799 2 1 
 1467 800 1 2 
 1470 800 2 2 
 1501 803 1 2 
 1529 805 1 2 
 1478 801 2 2 
 1470 800 2 2 
 1446 799 2 1 
 1426 797 2 2 
 1422 796 4 3 
 1412 795 2 1 
 1448 794 1 2 
 1443 794 2 1 
 1433 793 2 2 
 1426 793 2 2 
 1407 792 3 1 
 1474 791 2 1 
 1405 791 1 2 
 1398 790 1 2 
 1451 788 2 2 
 1444 788 2 1 
 1427 786 2 2 
 1538 769 2 1 
 1490 754 2 2 
 1567 748 3 2 
 1533 745 2 3 
 1581 740 2 1 
 1468 739 1 2 
 1552 738 2 1 
 1560 735 2 1 
 1524 735 2 1 
 1416 734 5 3 
 1544 733 2 1 
 1492 732 2 2 
 1528 731 2 2 
 1481 731 2 1 
 1435 731 2 1 
 1502 729 2 2 
 1459 729 3 2 
 1456 729 2 2 
 1453 729 2 2 
 1426 726 2 1 
 1421 725 3 2 
 1412 725 2 1 
 1409 724 2 2 
 1441 723 1 2 
 1396 718 1 2 
 1412 690 2 1 
 1405 689 2 2 
 1559 683 2 2 
 1549 681 2 2 
 1526 679 2 1 
 1511 678 1 2 
 1483 675 2 1 
 1481 675 1 2 
 1461 672 3 1 
 1457 671 2 2 
 1454 671 2 1 
 1570 670 2 1 
 1531 670 4 2 
 1445 670 2 1 
 1524 669 1 2 
 1519 669 4 2 
 1431 668 3 2 
 1426 668 2 2 
 1421 668 2 2 
 1418 668 2 1 
 1409 668 2 2 
 1488 666 2 1 
 1500 662 3 2 
 1459 662 2 2 
 1439 660 2 2 
 1433 660 2 1 
 1430 660 2 2 
 1416 658 1 2 
 1494 656 1 2 
 1446 656 2 1 
 1410 652 2 3 
 1427 650 2 1 
 1422 649 2 2 
 1408 647 2 2 
 1521 636 1 2 
 1436 592 1 2 
 1438 593 3 2 
 1442 593 2 1 
 1453 594 1 2 
 1456 595 2 2 
 1475 596 3 3 
 1515 596 2 2 
 1438 597 2 2 
 1444 598 2 1 
 1485 598 6 2 
 1451 599 2 1 
 1454 599 1 2 
 1495 599 3 2 
 1480 602 2 2 
 1483 602 1 2 
 1494 603 3 2 
 1534 604 2 1 
 1550 606 2 1 
 1523 607 2 2 
 1579 607 2 1 
 1530 608 2 2 
 1506 613 3 2 
 1516 614 1 2 
 1532 616 5 2 
 1496 812 2 2 
 1529 805 1 2 
 1478 801 2 2 
 1467 800 1 2 
 1446 799 2 1 
 1443 794 2 1 
 1474 791 2 1 
 1451 788 2 2 
 1533 745 2 3 
 1468 739 1 2 
 1552 738 2 1 
 1560 735 2 1 
 1524 735 2 1 
 1544 733 2 1 
 1492 732 2 2 
 1528 731 2 2 
 1502 729 2 2 
 1459 729 3 2 
 1456 729 2 2 
 1559 683 2 2 
 1549 681 2 2 
 1511 678 1 2 
 1570 670 2 1 
 1532 670 3 2 
 1524 669 1 2 
 1519 669 4 2 
 1488 666 2 1 
 1485 660 1 2 
 1487 823 11 7 
 1533 746 2 2 
 1497 834 5 5 
 1490 824 7 6 
 1497 836 4 2 
 1492 827 2 3 
 1497 836 1 2 
 1498 839 2 3 
 1497 836 1 2 
 1498 839 2 3 
 1459 842 2 2 
 1494 851 3 2 
 1481 857 1 2 
 1477 857 3 2 
 1471 953 2 1 
 1506 1037 2 1 
 1477 1035 2 2 
 1503 988 2 1 
 1497 954 2 2 
 633 62 1 2 
 124 488 2 4 
 1010 972 7 4 
 632 62 2 2 
 988 339 2 1 
 1291 725 2 2 
 1030 970 6 6 
 678 7 3 1 
 600 234 2 1 
 1018 973 7 3 
 745 469 2 1 
 1446 730 2 2 
 1001 979 15 4 
 632 62 2 2 
 129 488 2 2 
 1022 980 9 4 
 1026 980 7 4 
 284 0 3 1 
 1022 981 3 3 
 127 486 3 3 
 591 248 2 3 
 1031 968 5 5 
 127 487 2 3 
 705 171 2 3 
 1030 971 6 5 
 124 491 3 1 
 706 172 3 2 
 244 791 4 4 
 678 7 2 1 
 598 230 2 1 
 1336 442 2 2 
 1527 808 2 1 
 678 7 3 1 
 600 234 2 1 
 1173 624 2 2 
 1521 831 2 3 
 631 62 3 2 
 1188 654 2 1 
 1228 651 2 2 
 662 70 3 3 
 1500 836 2 1 
 177 490 1 2 
 648 64 2 2 
 1500 836 2 1 
 648 64 2 2 
 587 267 3 2 
 1500 836 1 2 
 665 77 2 1 
 1205 657 2 1 
 1006 977 2 1 
 631 62 3 2 
 245 792 3 3 
 631 62 3 2 
 1500 836 1 2 
 657 80 3 4 
 1499 835 2 3 
 657 79 3 6 
 1500 836 2 2 
 176 490 2 2 
 694 39 2 1 
 1522 827 3 2 
 591 241 2 1 
 176 489 4 3 
 1501 835 2 2 
 125 491 2 1 
 125 491 2 1 
 1492 857 7 6 
 662 84 3 3 
 125 491 2 1 
 1507 822 7 5 
 631 62 2 2 
 125 493 1 2 
 1515 820 2 3 
 631 62 2 2 
 125 493 2 2 
 1505 819 7 10 
 125 493 1 2 
 1222 654 4 3 
 1232 637 3 3 
 1238 44 2 1 
 852 430 2 1 
 1193 640 3 3 
 601 37 4 4 
 1503 828 5 3 
 1227 650 2 1 
 1504 828 5 5 
 172 497 2 3 
 1505 829 4 4 
 601 42 2 1 
 719 297 2 1 
 172 498 2 3 
 1505 829 4 4 
 679 7 2 1 
 172 498 2 3 
 1506 829 3 4 
 177 496 3 3 
 177 496 3 2 
 1481 853 2 2 
 177 497 1 2 
 908 392 3 1 
 1005 625 2 1 
 973 6 3 2 
 591 241 2 1 
 450 445 2 2 
 1221 649 1 2 
 1480 852 3 3 
 570 25 2 1 
 647 836 2 5 
 973 6 4 3 
 1227 650 2 1 
 600 38 2 3 
 1232 637 3 2 
 646 849 1 2 
 209 273 3 3 
 1224 659 5 2 
 209 273 3 3 
 1194 644 2 1 
 1225 660 4 1 
 1241 649 1 2 
 640 847 1 2 
 1232 637 2 1 
 640 847 1 2 
 1238 44 2 1 
 805 474 2 2 
 650 836 4 4 
