 68 653 1 2 
 70 655 1 2 
 73 678 2 2 
 45 806 2 2 
 71 715 3 2 
 72 701 2 2 
 72 715 2 2 
 46 806 1 4 
 72 715 2 2 
 45 806 2 4 
 54 832 1 2 
 55 834 3 3 
 71 846 1 2 
 62 837 3 2 
 54 832 4 5 
 45 807 2 5 
 49 784 2 2 
 68 769 2 2 
 70 859 1 3 
 53 924 2 2 
 53 905 2 3 
 70 860 1 2 
 53 924 3 3 
 54 906 1 2 
 52 924 4 4 
 52 924 4 4 
 653 64 3 1 
 80 692 2 2 
 56 849 2 2 
 50 693 4 3 
 49 915 3 3 
 52 925 3 4 
 18 395 2 2 
 52 926 3 3 
 36 764 3 3 
 39 785 3 3 
 39 757 1 2 
 39 757 2 3 
 39 757 2 2 
 39 757 2 2 
 39 757 2 2 
 39 757 2 2 
 39 757 2 2 
 39 757 2 2 
 39 757 2 2 
 656 83 2 2 
 659 70 2 4 
 659 70 2 4 
 659 70 2 4 
 659 70 2 4 
 659 70 2 4 
 39 761 2 2 
 659 70 2 4 
 659 70 2 4 
 659 70 2 4 
 39 755 2 2 
 39 755 3 3 
 33 753 2 2 
 33 752 2 3 
 33 752 2 2 
 12 807 4 4 
 41 754 1 2 
 41 754 1 2 
 41 754 2 1 
 39 751 3 2 
 39 751 3 2 
 41 751 1 2 
 51 612 2 2 
 51 612 2 2 
 51 612 2 3 
 51 612 2 3 
 51 612 2 3 
 51 612 2 2 
 51 612 2 2 
 50 612 3 3 
 50 612 3 3 
 35 540 2 1 
 519 988 5 6 
 73 888 3 2 
 68 648 1 2 
 622 961 4 4 
 625 970 4 4 
 68 648 1 2 
 68 648 1 2 
 67 648 2 1 
 647 987 6 7 
 67 648 2 1 
 663 996 3 3 
 67 648 2 1 
 659 61 2 3 
 78 745 1 2 
 659 61 2 3 
 50 764 2 2 
 685 986 5 7 
 659 61 2 3 
 50 764 2 2 
 659 61 2 3 
 50 764 2 2 
 659 61 2 3 
 50 761 2 2 
 659 61 2 3 
 39 762 2 1 
