 887 1014 2 3 
 528 51 1 2 
 523 53 3 3 
 527 54 2 3 
 892 1016 2 7 
 892 1016 1 3 
 903 1018 2 1 
 892 1016 1 3 
 903 1018 2 1 
 893 1020 1 3 
 852 1064 2 2 
 866 1036 3 4 
 825 1072 6 4 
 866 1035 3 7 
 802 1076 3 3 
 833 1074 3 3 
 840 1078 6 2 
 904 1020 3 4 
 808 1076 5 4 
 904 1020 3 4 
 904 1020 3 4 
 904 1020 3 4 
 809 1077 4 3 
 819 1077 2 3 
 871 1033 5 10 
 873 1039 3 3 
 908 1018 3 2 
 919 1027 2 1 
 915 1017 2 3 
 808 1077 2 3 
 808 1077 2 3 
 914 1017 3 4 
 915 1017 2 1 
 865 1033 4 10 
 865 1033 3 6 
 912 1024 2 2 
 863 1035 3 2 
 863 1037 3 2 
 900 1018 2 1 
 832 1073 1 2 
 898 1013 2 2 
 898 1013 2 2 
 859 1036 2 2 
 895 1018 5 5 
 896 1017 3 3 
 891 1021 6 8 
 896 1017 2 3 
 896 1017 2 3 
 889 1029 3 2 
 887 1019 2 3 
 884 1017 2 5 
 880 1016 3 8 
 878 1018 3 4 
 878 1019 2 1 
 878 1019 2 1 
 879 1018 1 2 
 880 1021 2 2 
 878 1065 1 2 
 882 1017 3 4 
 885 1016 2 3 
 892 1017 2 2 
 892 1017 2 2 
 891 1023 2 2 
 891 1023 2 2 
 881 1006 2 2 
 881 1006 2 2 
 882 1006 2 2 
 508 34 3 3 
 768 1075 2 2 
 508 34 3 3 
 768 1075 2 2 
 768 1075 2 2 
 508 34 3 2 
 768 1075 2 2 
 508 34 3 2 
 768 1075 2 2 
 508 34 3 2 
 508 34 3 2 
 892 1020 4 5 
 508 34 2 1 
 892 1017 5 8 
 508 34 2 1 
 906 1021 2 4 
 906 1021 2 4 
 885 1006 3 4 
 885 1006 3 4 
 885 1006 3 4 
 885 1006 3 4 
 885 1007 3 3 
 885 1008 2 1 
