 827 926 6 2 
 844 931 14 8 
 846 933 3 1 
 867 934 17 15 
 871 941 14 14 
 880 944 12 9 
 888 948 14 9 
 890 951 3 3 
 910 955 3 3 
 907 954 2 2 
 898 953 8 5 
 922 974 8 5 
 933 970 11 5 
 929 982 9 6 
 938 979 3 2 
 933 974 6 4 
 929 993 11 8 
 941 992 3 4 
 939 982 13 8 
 946 995 20 12 
 950 1004 11 10 
 949 1023 13 11 
 961 1042 3 1 
 965 1040 2 3 
 971 1039 8 5 
 968 1033 4 3 
 957 1049 12 5 
 963 1050 3 3 
 975 1070 5 2 
 867 1005 2 2 
 882 1012 13 7 
 884 1015 18 6 
 908 1022 7 3 
 914 1024 2 3 
 923 1033 17 6 
 928 1041 6 10 
 941 1051 6 3 
 940 1067 4 4 
 665 74 2 2 
 665 74 2 2 
 655 63 2 1 
 655 63 2 1 
 655 63 2 1 
 655 63 2 1 
 655 63 2 1 
 655 63 2 1 
 655 63 2 1 
 655 63 2 1 
