 1618 973 5 6 
 1617 974 5 6 
 1615 977 5 6 
 1617 977 3 3 
 1613 981 4 7 
 1610 989 3 4 
 1605 995 5 10 
 1604 1007 4 6 
 1603 1015 4 11 
 1604 1028 4 9 
 1606 1036 4 9 
 1609 1045 6 8 
 1620 1058 7 5 
 1629 1063 6 3 
 533 48 2 2 
 533 48 2 2 
 533 48 2 2 
 533 48 2 2 
 533 48 2 2 
 533 48 2 2 
 533 48 2 2 
 533 48 2 2 
 1147 1072 3 2 
 1104 1069 1 2 
 1102 1068 3 3 
 1147 1070 4 3 
 1147 1070 4 3 
 1147 1070 4 3 
 1102 1068 3 3 
 1102 1068 3 4 
 1102 1068 3 3 
 1106 1057 1 5 
 1106 1057 1 2 
 1107 1050 1 2 
 1107 1050 1 2 
 1107 1050 1 2 
 1139 1064 9 5 
 1139 1064 9 5 
 1146 1065 3 3 
 1146 1065 3 3 
 1143 1066 7 5 
 1143 1066 7 5 
