 834 1011 2 2 
 834 1014 2 3 
 874 1021 3 2 
 946 1028 4 3 
 1086 1068 4 4 
 818 1033 4 2 
 1001 1046 2 1 
 1036 1057 7 6 
 1019 1062 3 3 
 834 1015 2 2 
 824 1021 5 4 
 824 1021 5 4 
 822 1026 2 2 
 835 1014 2 2 
 820 1031 2 4 
 823 1033 2 3 
 835 1014 2 2 
 823 1033 2 3 
 830 1035 2 3 
 830 1039 2 2 
 822 1030 1 2 
 824 1034 2 2 
 831 1035 1 2 
 830 1039 2 2 
 828 1041 2 3 
 828 1040 4 4 
 789 1069 7 8 
 829 1039 5 6 
 827 1046 2 1 
 793 1069 2 3 
 791 1073 1 2 
 790 1074 4 6 
 793 1078 1 2 
 760 1077 1 2 
 816 1073 2 2 
 799 1068 2 2 
 520 38 1 2 
 1021 1029 4 4 
 1023 1029 4 5 
 852 1021 2 1 
 852 1021 2 1 
 1023 1030 2 3 
 851 1021 2 2 
 1023 1029 4 4 
 1022 1029 2 1 
 1025 1028 2 3 
 851 1022 2 2 
 851 1022 2 2 
 851 1022 2 2 
 851 1022 2 2 
 851 1022 2 2 
 1019 1025 4 4 
 1020 1025 2 3 
 1020 1026 1 2 
 1020 1026 1 3 
 523 50 2 2 
 848 1019 2 1 
 523 50 2 2 
 1054 1074 2 2 
 523 50 2 2 
 1053 1072 2 2 
 523 50 2 2 
 1079 1074 2 1 
 523 50 2 2 
 877 1015 2 1 
 523 50 2 2 
 840 1036 2 2 
 523 50 2 2 
 840 1036 2 2 
 523 50 2 2 
 840 1036 2 2 
 1018 1024 4 4 
 1018 1024 3 4 
 1018 1024 3 3 
 1016 1024 2 3 
 1016 1024 2 3 
 1052 1074 1 2 
 1016 1023 2 4 
 1016 1023 2 4 
 1016 1023 2 2 
 1016 1023 2 2 
 961 1022 3 4 
 1005 1023 3 2 
 961 1022 1 2 
 1154 1069 4 3 
 1154 1069 4 3 
 1005 1023 3 2 
 1004 1021 4 5 
 852 1008 2 2 
 852 1008 2 2 
 1004 1019 5 6 
 1005 1018 4 7 
 522 34 6 4 
 1168 1076 2 3 
 524 34 4 2 
 1168 1076 2 3 
 524 34 4 2 
 736 1075 2 1 
 524 34 4 2 
 736 1075 2 1 
 524 34 4 2 
 1132 1054 2 2 
 524 34 4 2 
 778 1077 2 3 
 524 34 4 2 
 777 1078 2 2 
