 75 647 4 7 
 92 684 2 1 
 47 715 3 3 
 337 976 2 2 
 37 726 2 1 
 64 747 3 1 
 75 647 4 7 
 75 648 4 6 
 78 648 1 2 
 75 651 3 3 
 83 657 2 2 
 83 657 2 2 
 60 679 3 3 
 74 661 3 2 
 60 679 3 3 
 44 726 4 5 
 75 662 2 2 
 80 664 2 1 
 60 679 3 3 
 84 716 2 1 
 44 726 3 4 
 58 734 2 2 
 51 736 1 2 
 75 662 2 2 
 60 680 1 2 
 84 716 2 1 
 47 718 2 2 
 86 720 1 2 
 44 726 2 3 
 58 734 2 2 
 51 736 1 2 
 54 743 2 1 
 78 651 1 2 
 80 664 2 1 
 60 680 1 2 
 47 718 2 2 
 86 720 1 2 
 44 726 3 4 
 58 734 2 2 
 54 743 2 1 
 51 746 1 2 
 78 651 1 2 
 75 663 2 2 
 80 664 2 1 
 60 680 1 2 
 47 718 3 3 
 86 720 2 2 
 58 734 2 2 
 51 746 1 2 
 53 752 1 2 
 78 651 1 2 
 75 663 2 2 
 80 664 2 1 
 60 680 1 2 
 86 720 2 2 
 58 734 2 2 
 51 746 1 2 
 53 752 1 2 
 47 761 1 3 
 78 651 1 2 
 75 663 2 2 
 80 664 2 1 
 60 680 1 2 
 47 718 2 2 
 86 720 2 2 
 58 734 2 2 
 47 761 1 3 
 61 782 2 1 
 67 782 1 2 
 78 651 1 2 
 75 663 2 2 
 60 680 1 2 
 86 720 2 2 
 41 722 1 2 
 47 761 1 3 
 58 781 5 3 
 66 781 2 3 
 68 784 2 2 
 70 787 2 2 
 86 720 2 2 
 41 722 1 2 
 47 762 1 2 
 64 780 8 10 
 58 781 5 3 
 61 796 2 2 
 58 780 5 4 
 64 780 8 6 
 70 787 2 5 
 64 818 3 3 
 61 796 2 2 
 69 799 3 4 
 73 856 2 2 
 59 886 3 3 
 650 76 2 2 
 40 465 2 2 
 85 721 2 2 
 333 982 4 2 
 650 76 2 2 
 40 465 2 2 
 604 1011 2 2 
 68 783 3 3 
 40 465 2 2 
 593 1008 4 3 
 68 783 3 3 
 33 479 2 2 
 592 1007 5 3 
 64 778 4 3 
 33 479 2 2 
 592 1007 3 3 
 33 479 2 2 
 593 1007 2 2 
 33 479 2 2 
 594 1006 1 2 
 65 751 2 2 
 38 479 1 2 
 65 751 2 2 
 337 977 2 3 
 37 479 2 2 
 595 1005 3 1 
 65 751 2 2 
 53 553 1 2 
 596 1004 2 2 
 53 553 1 2 
 596 1004 3 2 
 35 478 2 1 
 596 1004 3 2 
 69 733 1 2 
 53 553 1 2 
 596 1004 3 2 
 18 782 3 3 
 53 553 1 2 
 1541 913 9 5 
 29 507 1 2 
 1541 913 9 6 
 37 500 2 2 
 70 855 3 3 
 36 482 2 1 
 70 856 3 2 
 37 500 2 2 
 459 1069 1 2 
 70 855 3 2 
 68 413 2 2 
 1457 951 2 1 
 68 413 2 2 
 1480 957 4 4 
 40 724 1 2 
 36 476 4 5 
 79 975 2 3 
 36 476 4 5 
 1479 958 4 3 
 36 476 4 5 
 1421 1004 4 4 
 36 476 3 5 
 76 696 2 2 
 1479 957 4 3 
 1479 956 4 4 
 75 603 1 2 
 1495 852 4 3 
 53 571 1 2 
 1479 956 3 1 
 44 264 1 3 
 1479 955 3 2 
 75 606 2 1 
 44 264 1 3 
 75 606 2 1 
 1626 952 3 3 
 37 288 2 4 
 1641 1035 2 2 
 75 606 2 1 
 23 337 2 1 
 1641 1035 2 2 
 58 561 2 1 
 69 191 2 2 
 1641 1035 2 2 
 51 243 2 2 
 1641 1035 2 2 
 51 243 2 2 
 1641 1035 2 2 
 51 243 2 2 
 1625 1011 2 2 
 652 64 3 3 
 1625 1011 2 2 
 62 285 2 3 
 652 64 3 3 
 1640 1039 2 2 
 46 281 2 2 
 8 562 1 2 
