 1070 477 10 8 
 1086 484 3 2 
 1090 543 8 14 
 1167 515 17 20 
 1188 517 8 9 
 1169 518 19 19 
 1188 578 3 4 
 1180 578 6 6 
 1193 534 7 4 
 1179 529 10 8 
 1169 528 4 4 
 1207 525 3 3 
 1190 519 16 13 
 1180 519 7 8 
 1181 522 3 3 
 1179 579 16 18 
 1193 533 12 4 
 1210 527 3 3 
 1194 521 12 9 
 1180 585 7 11 
 1196 619 5 4 
 1221 585 4 3 
 659 80 2 1 
 1207 684 30 11 
 659 80 2 1 
 1234 687 3 3 
 659 80 2 1 
 659 80 2 1 
 1247 653 5 3 
 659 80 2 1 
 659 80 2 1 
 659 80 2 1 
 659 80 2 1 
 1314 724 4 4 
 1316 725 9 9 
 1319 726 13 9 
 1322 727 8 10 
 1347 758 4 5 
 641 73 4 4 
 641 72 4 5 
 641 72 4 5 
 641 72 4 5 
 1452 890 4 4 
 1453 901 4 2 
 641 72 4 5 
 1467 917 3 4 
 641 74 4 3 
 1470 920 3 2 
 641 74 4 3 
 1471 921 8 8 
 641 74 4 3 
 1496 904 6 7 
 1513 892 7 9 
 652 65 2 2 
 1513 904 6 9 
 652 65 2 2 
 1516 900 7 15 
 652 65 2 2 
 652 65 2 2 
 652 65 2 2 
 652 65 2 2 
 652 65 2 2 
 652 65 2 2 
 1551 1016 6 5 
 660 71 2 1 
 665 70 5 3 
 665 70 5 3 
 665 70 5 3 
 665 70 5 3 
 665 70 5 3 
 1601 976 5 7 
 665 70 5 3 
 1606 990 3 2 
 665 70 5 3 
 1608 991 5 5 
 1613 993 5 4 
