 665 71 3 4 
 654 78 2 3 
 68 821 2 1 
 34 752 1 2 
 66 814 2 2 
 66 814 2 2 
 67 820 3 2 
 66 814 2 2 
 60 815 4 2 
 63 830 2 1 
 66 831 2 1 
 39 752 1 2 
 66 814 2 2 
 60 815 4 2 
 63 830 2 1 
 66 831 2 1 
 63 836 2 1 
 69 836 2 2 
 39 752 1 2 
 66 814 2 2 
 60 815 3 2 
 63 830 2 1 
 68 835 3 3 
 68 842 2 2 
 72 842 2 1 
 54 781 2 2 
 64 814 1 2 
 66 814 2 2 
 60 815 3 2 
 68 835 3 3 
 72 842 2 1 
 14 850 3 2 
 72 871 2 2 
 66 855 2 1 
 61 877 2 2 
 62 897 1 2 
 46 886 4 4 
 53 210 2 2 
 14 850 3 2 
 53 210 2 2 
 14 850 3 2 
 653 74 3 2 
 48 886 2 4 
 48 886 2 4 
 48 886 2 4 
 48 886 2 4 
 48 887 2 2 
 61 234 1 2 
 61 234 1 2 
 65 249 2 1 
 63 829 2 3 
 16 313 2 2 
 16 313 2 2 
 16 313 2 2 
 22 323 2 1 
 51 766 2 1 
 60 226 2 1 
 22 322 3 2 
 22 322 3 2 
 8 385 2 2 
 29 901 1 2 
 28 901 3 3 
 656 61 5 4 
 28 901 3 2 
 656 61 5 4 
 28 899 3 5 
 656 61 5 4 
 656 61 5 4 
 28 899 3 5 
 656 61 5 4 
 28 899 3 5 
 657 61 4 4 
 28 899 3 5 
 657 61 4 4 
 27 901 4 3 
 657 61 4 4 
 27 901 3 1 
 58 424 1 3 
 58 425 1 2 
 58 425 1 2 
 44 416 2 2 
 44 416 2 2 
 880 957 3 2 
 44 416 2 2 
 880 957 3 2 
 44 416 2 2 
 880 957 3 2 
 880 957 2 1 
 44 416 2 2 
 880 957 2 1 
 666 61 3 3 
 44 416 2 2 
 666 61 3 3 
 44 416 2 2 
 666 61 3 3 
 44 416 2 2 
 666 61 3 3 
 70 658 2 3 
 44 416 2 2 
 666 61 3 3 
 666 61 3 3 
 75 651 1 2 
 666 61 4 5 
 75 651 1 2 
 666 61 4 5 
 69 784 3 3 
 69 784 3 4 
 52 623 1 2 
 52 882 1 2 
 52 882 1 2 
 81 726 2 2 
 51 882 2 2 
 72 735 2 1 
 72 735 2 1 
 72 735 2 1 
 72 735 2 1 
 72 735 2 1 
 62 773 2 2 
 28 381 1 2 
 70 863 2 2 
