 55 891 1 2 
 97 980 2 1 
 55 891 1 2 
 55 891 1 2 
 85 965 2 3 
 55 891 1 2 
 85 965 2 3 
 70 967 2 2 
 55 891 1 2 
 85 965 2 3 
 70 967 2 2 
 88 975 3 2 
 85 965 2 3 
 70 967 3 3 
 89 975 2 2 
 102 979 2 3 
 62 963 2 1 
 85 965 2 3 
 70 967 3 3 
 102 980 1 2 
 62 963 2 1 
 85 966 2 2 
 70 967 3 3 
 106 981 4 5 
 62 963 2 1 
 85 966 2 2 
 70 967 3 3 
 106 981 4 5 
 98 982 3 5 
 102 983 2 1 
 84 987 2 2 
 96 992 2 1 
 1519 872 2 2 
 1519 872 2 2 
 1519 872 3 2 
 1592 863 3 2 
 1515 872 7 3 
 650 61 2 2 
 650 61 2 2 
 665 63 5 4 
 665 63 5 4 
 665 63 5 4 
 665 63 5 4 
 1431 860 2 1 
 665 63 5 4 
 1449 861 4 3 
 665 63 5 4 
 1431 860 4 2 
 1431 860 4 2 
 1432 860 2 1 
 81 712 1 2 
 75 700 1 2 
 75 700 2 2 
 39 784 3 3 
 39 784 3 3 
 39 784 3 3 
 82 672 1 2 
 57 897 1 2 
 55 889 2 1 
 718 1043 2 2 
 1604 1015 3 3 
 1604 1015 3 3 
 708 1036 2 2 
 1502 1000 2 1 
 1502 999 2 2 
 1502 999 2 2 
 1502 1000 2 1 
 668 74 2 3 
 1502 1063 4 2 
 1502 1063 4 2 
 668 74 2 3 
 668 74 2 3 
 668 74 2 3 
 668 74 2 3 
 62 831 2 1 
 668 74 2 3 
 668 74 2 3 
