 779 902 22 25 
 788 911 3 3 
 775 924 2 3 
 779 918 7 6 
 787 904 3 2 
 792 904 1 2 
 789 904 1 2 
 783 908 3 2 
 789 904 1 2 
 783 908 3 2 
 796 909 2 2 
 786 911 5 5 
 783 907 3 3 
 796 908 2 2 
 792 915 2 2 
 794 906 4 4 
 784 907 2 2 
 791 913 2 1 
 788 918 1 2 
 795 904 3 3 
 799 904 2 1 
 784 907 2 2 
 789 912 3 3 
 786 908 8 11 
 777 912 2 1 
 767 918 2 2 
 783 920 4 2 
 803 900 2 1 
 792 902 9 6 
 788 913 3 3 
 785 910 7 8 
 776 911 2 2 
 778 918 8 8 
 764 921 3 4 
 791 902 8 9 
 775 911 3 2 
 778 919 3 3 
 779 921 3 3 
 778 911 13 15 
 764 924 3 3 
 762 921 12 10 
 782 925 1 2 
 790 902 9 9 
 762 920 6 12 
 767 918 2 2 
 784 916 3 3 
 776 911 15 15 
 778 922 3 3 
 779 921 3 3 
 778 919 3 3 
 783 917 4 5 
 789 902 10 6 
 769 927 3 4 
 782 925 1 2 
 784 916 3 3 
 762 920 5 11 
 764 927 3 3 
 782 917 5 5 
 781 918 3 3 
 775 912 16 15 
 779 921 3 3 
 778 919 3 3 
 788 901 11 9 
 769 928 3 3 
 781 918 3 3 
 782 925 1 2 
 778 919 3 3 
 762 922 5 9 
 763 928 3 3 
 780 920 3 3 
 779 921 3 3 
 774 922 5 3 
 774 912 17 14 
 787 898 13 11 
 768 931 4 2 
 781 918 3 3 
 778 919 3 3 
 774 926 1 2 
 782 925 1 2 
 773 920 3 3 
 780 920 3 3 
 762 922 5 9 
 779 921 3 3 
 773 912 18 15 
 774 922 5 3 
 759 933 2 2 
 771 1006 1 2 
 772 998 2 5 
 771 1006 1 2 
 1131 504 3 3 
 782 903 3 3 
 1131 504 3 3 
 770 927 3 1 
 1131 504 3 3 
 769 924 3 4 
 1128 507 3 3 
 786 901 4 4 
 1132 504 3 3 
 769 925 2 3 
 1133 504 2 2 
 766 927 4 4 
 766 928 4 5 
 794 904 4 6 
 795 903 3 4 
 772 904 7 8 
 793 902 4 4 
 791 904 2 7 
 760 935 3 3 
 796 901 4 2 
 762 936 2 3 
 794 904 3 2 
 789 904 4 3 
 790 904 5 3 
 791 901 2 1 
 795 906 2 2 
 798 903 2 2 
 808 897 1 2 
 764 924 2 2 
 1132 504 3 3 
 770 926 1 2 
 777 901 9 7 
 789 897 3 2 
 789 897 3 2 
 785 897 8 4 
 785 898 8 3 
 788 898 5 3 
 800 895 1 2 
 799 895 2 2 
 797 895 2 2 
 1132 505 2 2 
 788 898 7 5 
 1132 505 2 2 
 788 914 2 1 
 1132 505 2 2 
 776 915 3 2 
 1132 505 2 2 
 779 915 2 2 
 1205 152 4 7 
 781 917 2 2 
 780 902 9 3 
 1209 152 1 2 
 780 902 5 3 
 787 902 2 1 
 784 903 2 1 
 780 902 3 2 
 1206 151 4 7 
 780 902 3 2 
 1206 152 4 3 
 784 927 2 1 
 1206 150 6 5 
 796 928 2 1 
 1208 150 4 4 
 773 929 2 2 
 795 906 2 2 
