 92 403 1 3 
 79 412 3 3 
 82 411 3 3 
 84 410 3 3 
 81 410 3 3 
 74 410 3 3 
 79 405 4 3 
 83 404 3 3 
 84 401 3 3 
 82 401 3 3 
 82 399 3 3 
 78 399 3 3 
 98 395 2 1 
 86 384 3 3 
 100 383 3 3 
 79 369 25 29 
 87 393 3 3 
 92 380 6 7 
 92 380 3 3 
 96 379 4 3 
 92 378 3 3 
 94 377 3 4 
 97 375 3 3 
 99 372 3 3 
 97 372 3 3 
 124 362 2 2 
 120 361 3 4 
 105 371 3 3 
 108 370 3 4 
 114 366 3 4 
 109 366 3 3 
 115 364 3 3 
 111 364 4 3 
 107 363 3 3 
 108 362 3 3 
 106 362 3 3 
 103 362 3 3 
 113 361 3 4 
 116 360 3 3 
 109 360 3 3 
 115 359 3 3 
 108 359 3 3 
 113 358 4 3 
 111 358 3 3 
 115 357 3 3 
 112 356 4 4 
 126 354 3 3 
 110 354 4 4 
 120 353 3 3 
 119 352 3 3 
 127 350 3 3 
 121 349 3 3 
 119 348 3 3 
 126 347 3 3 
 117 346 3 4 
 121 345 5 6 
 129 344 3 3 
 126 344 3 3 
 120 344 3 3 
 132 343 3 4 
 117 343 3 3 
 136 341 3 3 
 124 341 3 4 
 127 339 7 5 
 134 338 3 3 
 138 337 3 3 
 135 337 3 3 
 131 336 3 3 
 125 336 3 4 
 130 334 3 3 
 126 334 7 7 
 128 333 3 3 
 128 328 3 3 
 135 324 9 6 
 142 321 5 6 
 136 321 3 3 
 149 320 3 3 
 138 318 6 9 
 142 317 3 3 
 153 315 4 3 
 140 315 3 3 
 158 314 3 3 
 149 314 3 3 
 124 413 17 13 
 133 415 15 17 
 140 422 14 19 
 148 433 15 23 
 156 448 18 21 
 167 463 17 21 
 176 475 15 23 
 183 490 12 27 
 185 509 10 27 
 187 529 8 29 
 186 551 10 28 
 186 573 10 29 
 184 596 10 33 
 190 584 3 2 
 188 582 3 1 
 217 556 2 2 
 220 556 1 2 
 195 577 3 2 
 203 568 3 3 
 202 571 2 1 
 190 574 6 7 
 197 573 5 3 
 190 625 3 3 
 185 621 10 30 
 189 644 8 14 
 196 685 7 11 
 199 685 1 4 
 197 692 10 28 
 200 712 11 29 
 207 755 10 24 
 207 787 11 29 
 215 843 15 33 
 240 904 24 30 
 260 928 24 25 
 279 948 21 20 
 293 963 19 24 
 305 983 17 27 
 316 1007 18 28 
 329 1029 17 27 
 119 316 8 37 
 946 594 3 3 
 836 1022 2 3 
 118 347 10 37 
 961 598 15 9 
 836 1022 2 3 
 122 378 11 37 
 978 605 12 4 
 842 1034 2 2 
 128 414 13 30 
 1019 1026 1 2 
 136 442 3 2 
 1019 1026 1 3 
 521 34 3 3 
 1193 753 6 7 
 833 1054 2 1 
 833 1054 2 1 
 368 629 16 14 
 833 1054 2 1 
 375 631 16 15 
 382 634 14 15 
 388 638 14 18 
 394 646 15 20 
 402 658 14 19 
 409 669 14 23 
 416 683 14 23 
 528 42 2 2 
 423 697 14 26 
