 166 885 19 20 
 166 893 14 19 
 164 902 12 18 
 160 912 14 19 
 157 920 15 19 
 161 929 6 3 
 154 934 10 14 
 147 941 13 15 
 146 953 8 7 
 146 956 3 3 
 145 946 14 18 
 145 958 11 14 
 142 966 10 15 
 136 974 14 18 
 132 982 13 19 
 128 990 13 19 
 125 999 13 17 
 122 1008 12 18 
 118 1016 15 22 
 113 1025 17 21 
 108 1034 18 20 
 106 1042 15 19 
 105 1052 12 17 
 98 1072 12 8 
 519 39 2 2 
 519 39 2 2 
 519 39 2 2 
 519 39 2 2 
 519 39 2 2 
 519 39 2 2 
 854 1021 3 5 
 854 1021 3 5 
 852 1019 4 7 
 852 1019 4 7 
 852 1019 4 7 
 852 1019 4 7 
 852 1019 5 7 
 834 1020 8 5 
 840 1022 3 3 
 834 1019 9 6 
 835 1019 12 6 
 516 34 2 3 
 836 1018 11 7 
 516 34 2 3 
 837 1018 10 7 
 516 34 2 3 
 838 1018 9 7 
 516 34 2 3 
 839 1020 3 3 
 516 34 2 3 
 838 1019 10 6 
 516 34 2 3 
 842 1020 6 5 
 516 34 2 3 
 844 1024 4 1 
 516 34 2 3 
 845 1024 2 1 
 828 1038 3 2 
 829 1038 2 2 
 834 1040 2 2 
 916 1050 3 2 
 818 1069 2 2 
 828 1050 2 1 
 816 1070 3 2 
 1033 1056 3 2 
 1033 1055 2 3 
 1017 1037 2 3 
 1015 1036 3 2 
 1016 1036 2 2 
 1030 1078 3 2 
 1017 1049 2 1 
 1015 1038 6 3 
 1014 1036 7 4 
