 71 649 1 2 
 40 728 1 2 
 51 738 1 2 
 59 754 2 2 
 58 797 2 1 
 62 831 3 3 
 67 841 1 3 
 71 846 3 4 
 60 854 2 1 
 64 854 4 4 
 57 861 3 5 
 71 864 2 2 
 58 869 7 9 
 68 869 3 3 
 26 873 2 2 
 71 649 1 2 
 40 728 1 2 
 58 797 2 1 
 62 831 3 3 
 67 841 3 3 
 71 846 3 4 
 60 854 2 1 
 64 854 4 4 
 65 879 2 2 
 57 860 3 5 
 26 873 2 2 
 58 869 7 9 
 68 868 3 4 
 46 607 1 2 
 71 649 1 2 
 40 728 1 2 
 51 738 1 2 
 59 754 2 2 
 26 889 1 2 
 60 880 3 2 
 58 797 2 1 
 26 873 2 2 
 62 831 2 3 
 57 868 10 14 
 68 867 3 4 
 67 841 3 1 
 70 846 3 2 
 64 854 3 3 
 57 860 3 4 
 52 583 1 2 
 46 607 1 2 
 71 649 1 2 
 51 738 1 2 
 70 740 2 2 
 58 797 2 1 
 62 831 2 3 
 67 841 3 2 
 70 846 3 3 
 61 853 1 2 
 64 892 7 15 
 26 889 1 2 
 60 879 2 3 
 64 853 3 3 
 26 873 2 2 
 61 872 6 10 
 68 867 3 4 
 57 860 3 3 
 71 649 1 2 
 42 740 1 2 
 70 740 2 2 
 58 797 2 1 
 66 839 4 4 
 70 845 3 3 
 64 853 3 3 
 57 860 3 3 
 68 867 3 4 
 60 869 7 12 
 60 880 1 2 
 26 889 1 2 
 64 892 6 9 
 47 904 4 3 
 42 740 1 2 
 70 740 2 2 
 58 797 2 1 
 63 832 2 2 
 66 839 2 2 
 70 845 3 3 
 64 852 5 5 
 57 860 3 3 
 58 867 9 14 
 63 917 18 11 
 65 918 3 3 
 68 867 3 4 
 47 904 4 3 
 60 880 1 2 
 64 892 6 8 
 26 888 1 3 
 60 753 2 2 
 60 799 2 2 
 63 831 2 3 
 66 838 2 3 
 70 845 4 4 
 59 852 3 3 
 64 852 5 5 
 57 859 3 4 
 58 867 9 14 
 68 867 3 4 
 60 880 2 2 
 53 920 2 1 
 63 919 1 2 
 65 917 15 10 
 65 918 3 3 
 47 904 4 3 
 26 888 1 3 
 64 892 6 8 
 60 799 2 2 
 71 957 2 2 
 26 889 2 2 
 47 904 4 3 
 63 831 2 3 
 66 838 2 3 
 69 844 3 4 
 64 852 5 5 
 61 853 1 2 
 57 859 2 4 
 68 867 2 2 
 61 871 6 11 
 60 880 3 2 
 26 889 2 2 
 64 892 4 4 
 68 897 2 3 
 49 904 2 2 
 51 942 2 1 
 82 939 3 5 
 47 905 2 2 
 66 917 9 4 
 74 921 6 5 
 63 831 1 2 
 66 838 2 3 
 70 844 3 4 
 61 853 1 2 
 67 855 2 2 
 57 860 2 1 
 59 868 7 8 
 65 877 2 3 
 62 880 1 2 
 64 892 3 3 
 68 897 1 3 
 57 945 9 9 
 55 945 1 2 
 49 904 2 1 
 82 941 2 3 
 50 940 4 4 
 47 905 2 2 
 66 917 9 4 
 74 921 4 4 
 63 831 1 2 
 66 839 2 2 
 61 853 1 2 
 59 868 7 8 
 65 878 2 2 
 61 880 2 2 
 64 893 2 1 
 68 897 1 3 
 66 917 9 4 
 75 921 4 4 
 78 941 3 3 
 77 940 4 4 
 58 948 6 3 
 51 941 3 2 
 83 945 1 2 
 54 944 4 3 
 72 848 2 2 
 65 855 3 2 
 59 868 6 6 
 62 880 1 2 
 64 893 2 3 
 58 909 2 3 
 66 918 9 3 
 53 920 2 1 
 75 922 3 3 
 60 949 4 4 
 51 939 7 8 
 77 940 3 3 
 65 855 3 2 
 75 951 2 4 
 72 848 2 2 
 64 854 3 3 
 56 875 1 2 
 70 957 5 3 
 63 875 2 2 
 64 893 2 3 
 38 955 3 3 
 69 919 2 2 
 68 952 2 3 
 52 952 1 2 
 61 951 2 3 
 77 939 2 2 
 50 940 6 7 
 58 947 2 2 
 67 843 2 1 
 65 855 2 2 
 63 875 3 4 
 44 961 3 3 
 56 876 1 2 
 38 955 3 3 
 64 954 2 2 
 68 952 2 3 
 60 951 3 4 
 65 880 2 1 
 66 897 1 2 
 63 948 1 2 
 57 946 2 3 
 51 941 5 6 
 80 941 1 2 
 65 966 4 3 
 44 960 3 4 
 64 876 2 3 
 68 953 2 2 
 60 951 3 4 
 57 909 2 1 
 62 914 3 1 
 70 918 2 2 
 51 941 5 7 
 63 947 2 3 
 57 946 1 2 
 83 941 3 3 
 79 969 2 2 
 63 971 2 1 
 517 1045 4 3 
 650 64 1 2 
 47 391 2 1 
 80 639 2 2 
 517 1045 4 3 
 650 64 1 2 
 34 451 2 1 
 89 704 1 2 
 517 1045 4 3 
 650 64 1 2 
 30 440 2 2 
 89 704 1 2 
 523 1047 5 3 
 650 64 1 2 
 30 403 2 2 
 72 614 2 1 
 517 1047 3 3 
 56 399 2 2 
 518 1048 1 2 
 5 338 2 2 
 72 614 2 1 
 65 225 2 1 
 30 438 4 4 
 434 1071 2 2 
 65 225 2 1 
 31 433 2 1 
 434 1071 2 2 
 65 225 2 1 
 39 729 2 2 
 11 448 3 5 
 65 225 2 1 
 31 433 2 1 
 434 1070 2 3 
 65 225 2 1 
 31 433 2 1 
 65 225 2 1 
 31 433 2 1 
 65 222 4 4 
 27 429 2 2 
 434 1070 5 4 
 66 221 4 4 
 39 730 2 2 
 11 448 1 2 
 435 1070 4 3 
 66 220 4 5 
 39 730 2 2 
 11 448 1 2 
 66 220 4 5 
 437 1068 1 2 
 27 429 2 2 
 57 221 1 3 
 435 1068 3 4 
 89 707 2 2 
 27 429 2 2 
 434 1067 3 4 
 67 223 1 2 
 27 429 2 2 
 64 220 3 2 
 100 987 2 3 
 36 421 2 1 
 57 255 1 2 
 106 985 5 2 
 5 578 2 2 
 56 255 2 2 
 89 967 1 2 
 5 577 2 4 
 57 258 1 2 
 4 578 2 4 
 65 223 2 1 
 30 441 3 3 
 56 258 2 3 
 3 578 3 5 
 34 259 2 2 
 86 646 1 4 
 70 239 3 4 
 3 443 3 2 
 70 238 3 5 
 4 578 2 5 
 70 238 3 5 
 41 743 2 2 
 70 238 3 4 
 28 443 2 2 
 70 238 3 4 
 1422 950 1 2 
 27 441 2 1 
 1427 1003 2 2 
 71 238 1 3 
 27 441 2 1 
 57 256 2 1 
 85 707 2 1 
 16 306 2 3 
 59 761 3 4 
 650 75 4 3 
 65 763 3 5 
 37 290 1 2 
 650 75 4 3 
 67 763 2 4 
 35 289 3 3 
