 1434 948 3 3 
 1435 949 3 3 
 1434 948 6 4 
 1434 948 3 3 
 1435 949 3 3 
 1434 948 5 4 
 1448 959 2 4 
 1423 855 2 2 
 1457 942 2 2 
 1434 948 3 3 
 1433 949 3 3 
 1435 949 3 3 
 1433 948 6 4 
 1448 959 2 3 
 1414 996 3 3 
 1423 855 2 2 
 1457 942 2 2 
 1434 948 3 3 
 1435 949 3 3 
 1432 948 7 4 
 1447 960 3 2 
 1413 998 3 1 
 1423 855 2 2 
 1457 942 2 2 
 1434 948 3 3 
 1435 949 3 3 
 1433 948 6 4 
 1443 954 2 1 
 1445 1003 3 3 
 1412 998 4 2 
 1447 960 3 2 
 1456 1006 3 2 
 1445 1004 2 2 
 1423 855 2 3 
 1457 942 2 2 
 1433 948 6 4 
 1412 998 3 2 
 1443 954 2 1 
 1447 960 3 2 
 1460 1009 2 3 
 1480 1007 1 2 
 1456 1005 2 3 
 1443 1004 3 3 
 1412 998 3 2 
 1436 949 3 3 
 1433 947 2 3 
 1457 942 2 2 
 1423 855 2 3 
 1484 1012 3 3 
 1460 1009 2 3 
 1408 1008 7 6 
 1480 1007 1 2 
 1455 1003 3 6 
 1443 1003 3 3 
 1412 998 2 2 
 1415 987 1 3 
 1443 954 2 1 
 1436 951 2 1 
 1433 947 2 2 
 1457 942 2 2 
 1423 855 2 3 
 1447 1016 4 4 
 1484 1011 4 4 
 1484 1012 3 3 
 1460 1009 2 3 
 1408 1008 6 6 
 1479 1007 2 1 
 1443 1002 2 4 
 1455 1001 3 6 
 1412 998 2 2 
 1359 994 4 3 
 1415 987 2 3 
 1457 942 2 2 
 1460 1017 3 4 
 1448 1016 3 4 
 1484 1010 4 5 
 1484 1012 3 3 
 1459 1009 3 4 
 1408 1008 5 5 
 1479 1006 1 2 
 1442 1002 3 4 
 1455 1001 3 6 
 1412 998 2 2 
 1359 994 4 4 
 1423 855 2 3 
 1425 1023 4 8 
 1460 1017 2 3 
 1448 1016 2 4 
 1484 1010 3 4 
 1459 1009 3 4 
 1408 1008 4 4 
 1442 1002 3 4 
 1455 1001 3 6 
 1412 998 2 2 
 1359 994 3 3 
 1415 987 1 3 
 1423 856 1 2 
 1434 1024 2 3 
 1416 1019 1 2 
 1460 1017 2 3 
 1448 1016 2 3 
 1484 1010 2 4 
 1460 1009 2 2 
 1408 1008 4 4 
 1479 1005 1 2 
 1443 1003 2 2 
 1455 1001 3 6 
 1415 999 1 2 
 1412 998 2 2 
 1359 994 3 3 
 1433 950 3 2 
 1426 1025 2 3 
 1434 1024 2 3 
 1460 1017 2 2 
 1448 1015 2 4 
 1483 1010 3 3 
 1460 1009 2 2 
 1409 1008 3 4 
 1479 1005 1 2 
 1455 1003 2 3 
 1414 998 4 3 
 1343 973 3 3 
 1433 950 4 2 
 1425 1028 2 2 
 1426 1025 2 3 
 1434 1024 2 3 
 1460 1017 2 2 
 1448 1015 2 3 
 1479 1005 1 2 
 1455 1003 2 3 
 1414 998 3 3 
 1344 990 2 2 
 1343 973 3 3 
 1433 950 4 3 
 1456 1038 2 4 
 1426 1026 2 2 
 1486 1021 2 2 
 1448 1015 2 3 
 1413 1010 2 1 
 1479 1005 2 2 
 1455 1003 2 3 
 1415 998 2 2 
 1393 994 2 2 
 1433 950 3 2 
 1453 1049 2 2 
 1456 1037 2 5 
 1486 1021 2 2 
 1448 1015 2 2 
 1413 1010 2 2 
 1479 1005 2 1 
 1455 1003 2 3 
 1456 1057 2 3 
 1431 1077 1 2 
 1468 1058 2 1 
 1431 1077 1 3 
 53 963 2 3 
 1446 1074 2 3 
 64 916 2 1 
 64 916 2 1 
 64 916 2 1 
 64 916 2 1 
 64 916 2 1 
 654 61 4 4 
 1489 1019 2 3 
 654 61 4 4 
 77 988 2 2 
 654 61 4 4 
 79 1027 3 2 
 654 61 4 4 
 1461 1051 2 3 
 654 61 4 4 
 1431 1076 2 1 
 654 61 4 4 
 1431 1076 2 1 
 654 61 4 4 
 1595 1075 5 5 
 654 61 4 4 
 1595 1075 5 5 
 1456 1036 4 3 
 82 959 3 3 
 88 958 2 2 
 80 959 6 4 
 80 959 6 4 
 80 959 6 4 
 81 959 3 3 
 81 960 4 3 
 75 977 1 2 
 60 805 3 2 
 88 963 2 1 
 1893 664 3 3 
 88 963 2 2 
 1893 664 3 3 
 88 963 1 2 
 1893 664 3 3 
 83 967 4 3 
 1595 1076 3 4 
 1594 1077 2 1 
 1893 664 3 3 
 1893 664 3 3 
 1457 1041 3 3 
 659 70 3 3 
 1883 720 1 3 
 71 990 2 1 
 659 70 3 3 
 1456 1041 4 3 
 1883 720 1 2 
 659 70 3 3 
 69 597 2 1 
 659 70 2 2 
 69 597 2 1 
 659 70 2 2 
 74 993 3 3 
 659 70 2 2 
 1457 1039 5 4 
 659 70 2 2 
 1457 1041 1 2 
 30 754 1 2 
 659 70 2 2 
 1459 1055 2 2 
 28 505 1 2 
 68 730 1 2 
 1457 1040 2 2 
 13 304 3 3 
 59 735 1 3 
 13 303 2 3 
 1457 1040 2 2 
 50 729 5 3 
 13 303 2 3 
 1457 1040 2 2 
 71 719 1 2 
 13 304 2 2 
 1573 1071 2 2 
 50 729 5 4 
 13 303 2 3 
 1573 1071 2 2 
 1918 579 1 2 
 54 214 2 1 
 1573 1071 2 1 
 1918 579 1 2 
 67 194 1 2 
 1573 1071 4 2 
 36 397 2 3 
 67 194 1 2 
 37 1072 2 3 
 1916 596 3 3 
 66 194 2 3 
 1530 1075 2 2 
 35 397 3 3 
 55 194 3 2 
 1533 1076 1 2 
 26 404 3 3 
 55 194 3 2 
 1533 1076 1 2 
 26 404 3 3 
 55 194 3 2 
 1544 1078 2 2 
 26 405 3 2 
 55 194 4 3 
 1903 663 2 1 
 26 405 3 2 
 64 194 6 4 
 1893 664 2 2 
 33 398 11 3 
 55 195 4 2 
 512 1062 2 1 
 1893 664 3 2 
 24 450 5 2 
 1431 1073 2 4 
 55 195 4 2 
 1893 664 3 2 
 24 450 5 2 
 55 195 6 4 
 525 1061 4 2 
 1893 664 3 2 
 26 450 3 2 
 653 75 1 2 
 525 1061 4 2 
 59 738 2 2 
 19 298 1 2 
 653 75 1 2 
 1433 1072 2 2 
 59 738 2 2 
 19 298 1 2 
 653 75 1 2 
 1599 1072 4 3 
 44 281 3 2 
 653 75 1 2 
 525 1061 2 2 
 44 281 3 2 
 653 75 1 2 
 525 1061 2 2 
 45 296 2 2 
 653 75 1 2 
 1510 999 1 2 
 45 296 2 2 
 1600 1072 4 3 
 653 75 1 2 
 14 305 1 2 
 653 75 1 2 
 20 311 3 2 
 27 334 2 2 
 29 337 1 2 
 1420 1009 2 1 
 27 376 1 2 
 1460 1048 1 2 
 27 376 1 2 
 1422 1005 3 1 
 41 230 2 2 
 41 230 2 2 
 88 960 2 1 
