 657 66 2 2 
 655 70 3 1 
 659 80 3 5 
 74 744 1 2 
 63 734 1 2 
 74 744 1 2 
 65 751 1 2 
 65 751 1 2 
 64 782 1 2 
 66 783 2 2 
 69 841 1 2 
 78 936 2 3 
 73 934 2 2 
 66 920 2 2 
 72 920 3 3 
 55 947 2 2 
 77 936 3 3 
 73 934 3 2 
 71 920 5 3 
 66 920 2 2 
 64 916 6 4 
 62 949 1 3 
 58 947 2 2 
 55 947 2 2 
 78 936 2 3 
 73 934 3 2 
 66 920 2 2 
 71 919 5 4 
 63 916 7 4 
 76 950 2 2 
 62 949 1 3 
 58 947 2 3 
 55 947 2 2 
 77 936 3 3 
 73 934 3 2 
 64 916 6 4 
 53 919 2 1 
 66 920 2 2 
 71 920 5 3 
 63 952 4 3 
 75 950 3 2 
 52 950 2 1 
 61 948 3 4 
 58 947 2 3 
 55 946 3 3 
 64 916 4 2 
 76 936 4 3 
 73 934 3 2 
 69 917 4 3 
 71 920 5 3 
 90 964 1 2 
 79 967 2 1 
 63 967 1 2 
 35 175 2 1 
 100 969 2 2 
 72 586 3 3 
 35 175 2 1 
 68 434 2 4 
 476 784 3 3 
 36 191 1 2 
 80 982 2 1 
 43 193 2 1 
 80 982 1 3 
 36 178 2 1 
 80 982 1 3 
 474 784 3 3 
 474 784 3 3 
 602 1008 2 2 
 603 1011 1 2 
 474 786 2 2 
 73 597 3 2 
 585 1024 5 4 
 474 798 2 1 
 657 62 2 3 
 602 1021 2 3 
 44 404 2 2 
 71 618 2 1 
 657 62 2 2 
 602 1021 2 3 
 51 309 2 2 
 82 633 1 2 
 657 62 2 2 
 584 1025 3 1 
 44 404 2 2 
 71 617 3 3 
 5 240 1 3 
 52 502 3 4 
 577 1029 3 2 
 78 707 2 2 
 0 392 2 2 
 54 595 2 2 
 579 1030 2 2 
 651 803 3 3 
 3 239 4 3 
 51 500 3 3 
 799 1049 2 2 
 651 803 3 3 
 36 178 2 2 
 798 1049 3 2 
 972 536 4 4 
 475 792 2 2 
 36 178 2 1 
 798 1049 4 2 
 972 536 4 4 
 678 808 2 2 
 36 178 2 1 
 798 1049 4 2 
 71 403 2 2 
 411 806 4 5 
 6 375 2 4 
 798 1049 4 2 
 59 592 2 2 
 412 806 2 2 
 13 322 3 5 
 972 536 4 4 
 650 805 2 2 
 12 321 5 6 
 798 1049 4 2 
 412 806 1 2 
 13 322 4 5 
 798 1048 5 3 
 650 805 2 2 
 33 302 1 2 
 798 1049 4 2 
 650 805 2 2 
 40 302 2 2 
 650 805 2 2 
 582 1010 4 3 
 30 205 2 2 
 613 1040 2 2 
 68 440 1 2 
 650 805 2 2 
 47 199 3 2 
 597 1010 1 2 
 15 440 1 2 
 650 805 2 2 
 15 108 3 5 
 84 1040 4 3 
 556 835 2 1 
 52 392 5 5 
 660 81 1 3 
 438 1075 5 3 
 42 282 2 2 
 1438 848 2 1 
 73 619 1 2 
 660 81 1 3 
 446 1076 2 1 
 27 302 2 2 
 86 638 3 2 
 660 81 1 3 
 446 1076 3 1 
 62 295 1 2 
 660 81 1 3 
 434 1073 10 7 
 62 295 1 2 
 660 81 1 3 
 446 1076 2 1 
 37 302 3 5 
 1436 849 2 2 
 660 81 1 3 
 443 1077 2 2 
 32 326 2 2 
 660 81 1 3 
 446 1076 2 1 
 660 81 1 3 
 441 1074 4 3 
 73 640 2 1 
 56 286 1 2 
 441 1074 3 3 
 82 713 3 4 
 34 173 3 3 
 78 639 2 2 
 34 173 3 3 
 71 629 3 3 
 34 173 2 4 
 71 629 3 2 
 34 173 3 5 
 68 655 2 1 
 8 108 2 2 
 59 752 2 2 
 14 102 2 2 
 59 752 2 2 
 14 102 2 2 
 43 745 1 2 
 25 368 2 1 
 92 976 2 3 
