 625 81 2 2 
 650 963 2 2 
 611 984 1 2 
 650 963 2 2 
 607 993 2 2 
 610 984 2 2 
 613 984 1 2 
 602 994 4 3 
 609 987 4 6 
 610 984 2 2 
 602 1000 3 3 
 657 71 1 2 
 577 1022 2 2 
 576 1020 1 2 
 602 1002 1 3 
 578 1020 3 4 
 605 1004 2 1 
 602 1003 2 3 
 602 1003 2 3 
 610 990 2 2 
 608 991 2 2 
 661 70 1 2 
 602 1003 2 3 
 661 70 1 2 
 1486 973 2 2 
 661 70 1 2 
 1485 971 4 4 
 661 70 1 2 
 1485 970 4 5 
 661 70 1 2 
 1485 970 4 5 
 661 70 1 2 
 1485 970 4 5 
 661 70 1 2 
 661 70 1 2 
 1493 943 4 4 
 1493 944 4 3 
 1493 944 4 2 
 1493 944 4 2 
 574 1022 3 4 
 573 1022 2 3 
 599 990 5 6 
 599 990 5 6 
 599 990 5 6 
 599 990 5 6 
 599 990 5 6 
 599 990 4 5 
 599 990 3 5 
 600 990 2 2 
 591 1009 2 1 
 591 1009 2 1 
 591 1009 2 1 
 576 1020 1 2 
 662 67 1 3 
 571 1021 2 6 
 662 67 1 3 
 571 1022 1 2 
 662 67 1 3 
 595 987 3 4 
 595 987 3 4 
 595 986 3 5 
 593 986 5 5 
 594 986 4 5 
 1488 970 5 4 
 1496 945 2 2 
 1496 945 2 2 
 1496 945 2 2 
 1496 945 2 2 
 1485 968 6 6 
 1485 971 3 3 
 1485 971 3 3 
 1487 970 3 3 
 1489 971 2 3 
 1490 970 3 4 
 1502 972 2 1 
 1490 970 4 4 
 433 1070 4 3 
 1491 970 3 3 
 0 790 3 3 
 595 1028 2 2 
 561 1008 3 4 
 574 1030 3 3 
 579 1031 3 3 
 592 1027 2 2 
 595 1025 2 2 
 665 77 2 1 
 665 77 2 1 
 665 77 2 1 
 665 77 2 1 
 654 82 3 4 
 654 82 3 4 
 654 82 3 4 
 654 82 3 4 
 581 1012 2 2 
 974 681 5 4 
 974 681 5 4 
 561 1010 1 2 
