 901 984 2 2 
 895 984 1 2 
 886 983 8 5 
 889 984 3 3 
 887 984 3 3 
 858 976 2 3 
 850 996 3 3 
 860 995 4 3 
 879 994 4 3 
 871 994 3 3 
 862 994 3 3 
 877 993 3 3 
 872 993 10 10 
 876 992 3 3 
 862 992 3 3 
 858 992 5 5 
 856 992 3 3 
 882 991 3 3 
 871 991 3 4 
 851 991 4 3 
 848 991 3 3 
 877 990 5 4 
 875 990 4 3 
 873 990 4 4 
 868 990 4 5 
 867 990 3 3 
 872 989 3 3 
 860 989 5 5 
 859 989 3 3 
 848 989 3 3 
 867 988 3 3 
 850 988 3 3 
 863 987 5 7 
 860 987 3 3 
 873 986 5 3 
 866 986 4 3 
 852 986 8 8 
 849 986 3 3 
 863 985 4 4 
 860 985 4 3 
 878 984 3 3 
 852 984 4 4 
 847 984 3 3 
 870 983 6 8 
 868 983 3 3 
 857 983 3 5 
 854 983 4 4 
 844 983 3 3 
 877 982 3 3 
 871 982 3 3 
 864 982 6 3 
 862 982 3 5 
 858 982 3 3 
 844 981 3 3 
 870 980 3 4 
 858 980 3 3 
 846 980 3 4 
 843 980 3 3 
 868 975 2 4 
 851 975 4 3 
 908 972 3 2 
 872 966 3 3 
 854 964 4 3 
 860 963 10 6 
 859 961 3 3 
 851 961 5 2 
 848 961 2 2 
 843 960 5 4 
 871 958 1 2 
 862 948 2 2 
 858 940 5 5 
 858 942 3 3 
 861 939 2 2 
 862 937 64 36 
 891 969 3 3 
 904 968 3 3 
 901 968 3 3 
 907 967 3 3 
 902 967 3 3 
 900 967 3 3 
 909 966 3 3 
 881 966 3 3 
 878 966 3 3 
 912 965 3 5 
 903 965 4 4 
 879 964 4 4 
 888 963 3 4 
 906 961 4 3 
 908 960 4 3 
 897 960 3 3 
 903 959 3 3 
 889 959 20 10 
 889 959 3 3 
 883 959 4 3 
 881 959 3 4 
 907 958 3 3 
 897 958 3 3 
 894 958 3 3 
 888 958 3 3 
 910 957 3 4 
 904 957 4 4 
 893 957 3 3 
 907 956 3 3 
 898 956 3 3 
 892 956 3 3 
 904 955 4 3 
 899 955 7 6 
 911 954 3 3 
 915 953 4 3 
 904 953 3 3 
 889 953 5 7 
 887 953 3 3 
 879 953 3 3 
 914 952 3 3 
 905 952 6 5 
 892 952 3 3 
 878 952 3 3 
 916 951 3 3 
 910 951 3 3 
 904 951 3 3 
 893 951 13 8 
 888 951 3 3 
 883 951 8 9 
 883 951 3 3 
 880 951 5 9 
 908 950 3 3 
 878 950 5 3 
 872 950 3 3 
 917 949 3 3 
 910 949 3 3 
 905 949 4 4 
 903 949 4 4 
 887 949 4 4 
 884 949 3 3 
 882 949 3 3 
 873 949 4 3 
 885 948 4 3 
 881 948 3 3 
 878 948 3 3 
 869 948 4 3 
 909 947 4 3 
 907 947 3 3 
 901 947 3 3 
 883 947 4 3 
 876 947 4 5 
 871 947 3 3 
 905 946 4 3 
 903 946 4 4 
 873 946 4 4 
 868 946 3 3 
 919 945 4 3 
 911 945 3 3 
 904 945 3 3 
 896 945 3 3 
 887 945 4 4 
 869 945 3 3 
 912 944 7 5 
 899 944 4 3 
 897 944 3 3 
 877 944 4 5 
 873 944 3 3 
 915 943 3 3 
 893 943 3 3 
 884 943 4 4 
 881 943 5 5 
 880 943 3 3 
 871 943 3 4 
 863 943 3 3 
 910 942 4 4 
 908 942 4 3 
 886 942 4 3 
 873 942 6 3 
 864 942 5 5 
 918 941 3 3 
 916 941 3 4 
 882 941 4 4 
 877 941 3 3 
 888 940 15 15 
 881 940 3 3 
 878 940 3 3 
 876 937 2 1 
 920 933 2 2 
 920 925 7 8 
 922 927 3 3 
 936 918 2 3 
 921 914 12 7 
 930 916 3 3 
 927 915 3 3 
 924 915 3 4 
 925 914 3 3 
 945 913 3 2 
 915 913 7 5 
 917 914 3 3 
 954 912 3 2 
 941 909 2 1 
 944 908 1 2 
 946 906 8 7 
 885 906 2 1 
 969 904 2 3 
 942 904 1 2 
 883 904 2 1 
 954 903 13 11 
 885 901 2 3 
 963 898 10 6 
 965 900 3 3 
 967 899 3 3 
 963 895 1 2 
 990 891 2 1 
 949 877 5 4 
 949 877 3 3 
 968 875 3 3 
 915 875 2 2 
 929 874 1 2 
 969 873 2 1 
 987 870 2 2 
 937 869 3 4 
 957 868 2 3 
 929 866 1 2 
 919 866 2 2 
 920 864 2 1 
 920 862 2 1 
 922 851 4 4 
 890 832 97 82 
 927 908 3 3 
 933 907 3 3 
 931 907 3 4 
 928 907 3 3 
 918 907 3 3 
 936 905 3 3 
 928 905 4 3 
 922 905 4 3 
 918 905 3 3 
 915 905 3 3 
 937 904 3 3 
 926 904 3 3 
 929 903 3 3 
 916 903 4 4 
 905 903 4 3 
 900 903 3 3 
 931 902 4 6 
 924 902 3 3 
 929 901 3 3 
 925 901 3 3 
 921 901 4 6 
 919 901 4 4 
 910 901 8 8 
 907 901 5 6 
 902 901 5 3 
 899 901 3 4 
 941 900 4 3 
 933 900 7 7 
 932 900 3 3 
 930 900 3 3 
 927 900 4 3 
 924 900 3 3 
 920 900 3 3 
 906 900 3 3 
 918 899 3 3 
 912 899 4 5 
 909 899 3 3 
 922 898 4 3 
 906 898 3 3 
 904 898 3 3 
 941 897 4 4 
 921 897 3 3 
 919 897 3 4 
 914 897 4 3 
 912 897 3 3 
 903 897 3 3 
 933 896 4 6 
 931 896 4 5 
 947 895 3 3 
 940 895 4 4 
 936 895 5 5 
 928 895 3 3 
 944 894 3 3 
 950 893 3 3 
 942 893 3 4 
 936 893 4 4 
 929 893 3 3 
 947 892 3 4 
 944 892 4 3 
 935 892 3 3 
 930 892 3 3 
 948 891 3 3 
 938 891 3 3 
 943 890 3 3 
 940 890 3 3 
 934 890 3 3 
 948 889 3 3 
 935 889 3 3 
 934 888 3 3 
 931 888 4 6 
 947 887 3 3 
 930 887 3 3 
 945 886 3 3 
 933 886 3 4 
 929 885 3 3 
 930 884 4 5 
 936 883 4 4 
 933 883 4 5 
 932 882 3 3 
 929 882 3 4 
 938 881 6 4 
 930 881 3 3 
 940 877 3 3 
 944 876 3 3 
 941 876 3 3 
 938 875 3 3 
 946 874 3 3 
 942 874 3 3 
 947 870 3 4 
 946 867 3 3 
 948 866 3 3 
 938 866 3 3 
 940 865 4 4 
 937 865 3 3 
 971 864 3 3 
 943 864 3 3 
 938 864 3 3 
 945 862 3 3 
 974 861 4 3 
 950 861 3 3 
 948 861 3 3 
 946 861 3 3 
 976 860 3 3 
 983 858 3 3 
 976 858 3 3 
 969 858 4 6 
 957 858 3 4 
 947 858 3 4 
 974 857 3 3 
 968 857 3 3 
 969 856 3 3 
 976 854 4 4 
 971 854 3 3 
 975 853 3 3 
 970 853 3 3 
 946 853 5 7 
 981 852 3 3 
 973 852 4 4 
 961 852 3 3 
 959 852 3 3 
 947 851 3 3 
 973 850 3 3 
 970 850 3 3 
 963 850 3 4 
 960 850 3 4 
 956 850 3 3 
 948 850 4 3 
 946 850 3 3 
 943 850 3 3 
 984 849 3 3 
 979 849 3 3 
 969 849 3 3 
 961 849 4 3 
 958 849 3 3 
 947 849 3 3 
 967 848 3 3 
 948 848 3 3 
 946 848 3 3 
 962 847 3 3 
 953 847 3 3 
 969 846 4 4 
 966 846 3 3 
 959 845 3 3 
 971 844 5 4 
 964 842 3 4 
 954 841 5 4 
 958 840 6 7 
 958 840 3 3 
 959 839 3 3 
 961 838 4 3 
 955 838 3 4 
 961 836 4 3 
 958 836 3 3 
 970 831 2 1 
 959 831 1 2 
 977 827 6 3 
 971 827 2 3 
 975 825 1 2 
 972 825 2 3 
 956 823 13 8 
 964 823 3 3 
 988 822 3 2 
 962 820 1 2 
 1051 802 2 2 
 1042 797 8 13 
 1043 805 3 4 
 1043 801 3 3 
 963 796 3 3 
 1046 794 1 2 
 1020 793 1 2 
 1039 789 8 9 
 1034 785 3 2 
 991 780 1 2 
 983 778 1 2 
 1040 775 3 4 
 983 775 2 1 
 1034 774 2 2 
 987 765 2 2 
 1074 763 3 4 
 1071 762 2 2 
 1073 760 2 2 
 1060 755 3 2 
 1054 752 1 3 
 1050 752 2 4 
 1046 742 8 7 
 1050 744 3 3 
 1046 743 6 4 
 1062 738 2 1 
 1047 738 2 3 
 1047 734 5 5 
 1064 733 2 2 
 1013 733 4 2 
 1067 732 3 6 
 1017 731 2 2 
 1022 730 1 2 
 1028 724 1 2 
 1087 714 2 2 
 1032 688 2 1 
 1045 675 3 2 
 1043 675 1 2 
 1039 669 7 7 
 1093 667 1 3 
 1098 665 2 2 
 1094 663 17 30 
 1096 690 3 3 
 1096 687 3 3 
 1096 678 3 3 
 1096 675 5 5 
 1095 674 3 3 
 1099 671 4 3 
 1101 670 3 3 
 1097 669 3 4 
 1102 668 3 4 
 1101 667 3 3 
 1103 666 4 4 
 1105 665 3 3 
 1102 662 1 2 
 1053 659 7 5 
 1104 657 2 1 
 1100 654 3 2 
 1107 653 3 2 
 1095 651 6 8 
 1100 650 2 2 
 1097 649 2 1 
 983 816 4 3 
 1017 814 3 3 
 997 814 4 3 
 986 814 6 7 
 979 814 3 3 
 1020 813 3 3 
 1012 813 4 4 
 1006 813 3 3 
 999 813 3 3 
 980 813 7 6 
 1019 811 3 3 
 1017 811 3 3 
 1010 811 4 3 
 1006 811 3 3 
 1003 811 3 6 
 988 811 3 3 
 982 811 3 3 
 970 811 3 3 
 964 811 3 3 
 962 811 3 3 
 1012 810 3 3 
 1002 810 3 3 
 999 810 3 3 
 975 810 3 3 
 1014 809 5 4 
 984 809 4 3 
 963 809 3 4 
 961 809 3 4 
 1019 808 3 3 
 988 808 3 4 
 972 808 3 3 
 970 808 3 3 
 965 808 3 3 
 1013 807 4 3 
 974 807 3 3 
 968 807 3 3 
 1018 806 3 3 
 988 806 3 3 
 986 806 4 4 
 961 806 3 3 
 958 806 4 4 
 956 806 3 3 
 1019 805 3 3 
 1007 805 3 3 
 1002 805 3 3 
 989 805 4 3 
 969 805 3 4 
 966 805 3 3 
 955 805 3 3 
 1017 804 3 3 
 995 804 3 4 
 965 804 3 3 
 1008 803 3 3 
 997 803 5 5 
 990 803 3 3 
 970 803 4 5 
 999 802 3 3 
 994 802 3 3 
 973 802 3 3 
 971 802 3 3 
 995 801 3 3 
 991 801 3 3 
 975 801 3 3 
 962 801 7 6 
 1004 800 5 6 
 996 799 3 3 
 1018 798 4 3 
 1005 798 3 3 
 995 798 3 3 
 977 798 3 3 
 1007 797 13 16 
 996 797 3 3 
 981 797 3 3 
 971 797 5 3 
 1009 796 3 3 
 992 796 3 3 
 988 796 3 3 
 982 796 3 3 
 1010 795 7 3 
 1006 795 3 3 
 995 795 3 3 
 986 795 3 3 
 981 795 3 3 
 979 795 3 3 
 993 794 3 3 
 983 794 3 3 
 978 794 3 3 
 975 794 3 3 
 973 794 3 4 
 970 794 4 3 
 1011 793 3 3 
 982 793 3 3 
 972 793 3 3 
 996 792 3 3 
 971 792 3 3 
 966 792 5 4 
 1009 791 4 3 
 985 791 4 3 
 980 791 3 5 
 976 791 3 3 
 970 791 3 3 
 1016 790 3 3 
 993 790 3 3 
 982 790 3 3 
 975 790 3 3 
 1021 789 3 3 
 1014 789 12 10 
 992 789 3 3 
 987 789 3 3 
 980 789 3 3 
 968 789 3 3 
 965 789 3 5 
 985 788 3 3 
 982 788 3 3 
 970 788 3 3 
 964 788 3 3 
 1009 787 3 3 
 977 787 3 5 
 972 787 4 3 
 982 786 3 3 
 965 786 4 4 
 963 786 3 3 
 1030 785 3 3 
 1022 785 3 3 
 990 785 3 3 
 973 785 6 4 
 969 785 5 3 
 967 785 3 3 
 1029 784 3 3 
 991 784 3 3 
 988 784 3 3 
 978 784 4 4 
 992 783 3 3 
 989 783 3 3 
 980 783 4 5 
 977 783 3 3 
 975 783 3 3 
 973 783 3 3 
 967 783 4 3 
 965 783 3 3 
 1016 782 3 4 
 997 782 3 3 
 978 782 3 3 
 1012 781 3 3 
 975 781 3 3 
 1015 780 3 4 
 978 780 3 3 
 976 780 3 3 
 976 778 3 3 
 997 777 15 27 
 977 777 3 3 
 974 777 4 4 
 1010 776 8 7 
 1010 776 3 3 
 1006 776 3 3 
 978 776 3 3 
 1019 775 3 3 
 1012 775 3 3 
 1003 775 3 3 
 1015 774 3 3 
 1000 774 3 3 
 1023 773 3 3 
 1008 773 3 3 
 1003 773 3 3 
 976 772 5 7 
 1021 771 3 4 
 1001 771 3 3 
 979 771 3 3 
 1020 770 3 3 
 1015 770 3 3 
 1012 770 5 5 
 1021 769 3 3 
 1011 769 3 4 
 1008 769 3 4 
 995 769 3 3 
 1022 768 3 3 
 1020 768 3 3 
 1015 768 3 3 
 1018 767 3 3 
 995 767 3 3 
 1001 766 3 3 
 1039 765 3 3 
 1035 765 5 3 
 1040 764 3 3 
 1038 764 3 3 
 1034 764 3 3 
 1032 764 3 3 
 1024 764 3 3 
 1005 764 4 3 
 1035 763 3 3 
 1028 763 5 6 
 1007 763 3 3 
 1002 763 3 3 
 1038 762 3 3 
 1031 762 3 3 
 1025 762 3 3 
 1006 762 3 3 
 996 762 5 3 
 1032 761 3 3 
 1017 761 3 3 
 1003 761 4 5 
 1039 760 3 3 
 1030 760 3 3 
 1005 760 3 3 
 1001 760 4 5 
 1041 759 3 3 
 1033 759 3 3 
 1031 759 3 3 
 1018 759 3 3 
 1007 759 3 3 
 1035 758 4 3 
 1028 758 3 3 
 1004 758 3 3 
 1041 757 3 3 
 1039 757 3 4 
 1037 757 3 3 
 1021 757 6 7 
 1020 757 3 3 
 1005 757 3 3 
 1036 756 3 3 
 1027 756 3 3 
 1019 756 3 3 
 1017 755 3 3 
 1007 755 3 3 
 1005 755 3 3 
 1042 754 3 3 
 1039 754 3 3 
 1030 754 3 3 
 1025 754 3 3 
 1020 754 3 3 
 1018 754 3 3 
 1040 753 3 3 
 1014 753 3 3 
 998 753 3 3 
 1025 752 3 3 
 1009 752 3 3 
 1000 752 3 3 
 1029 751 5 4 
 1026 751 3 3 
 1024 751 3 3 
 1022 751 3 3 
 1019 751 3 3 
 999 751 3 3 
 997 751 3 3 
 993 751 3 3 
 1011 750 3 3 
 1009 750 3 3 
 996 750 3 3 
 1008 749 3 3 
 994 749 3 3 
 1032 746 3 3 
 1035 744 3 3 
 1033 744 3 3 
 1031 744 3 3 
 1024 742 3 3 
 1036 741 3 3 
 1037 739 4 4 
 1020 739 3 3 
 1037 737 3 3 
 1033 737 3 3 
 1055 735 3 3 
 1031 735 3 3 
 1054 734 3 3 
 1036 734 3 3 
 1033 734 3 3 
 1027 734 3 3 
 1055 733 3 3 
 1029 733 4 4 
 1054 732 3 3 
 1041 732 3 3 
 1032 732 3 3 
 1029 732 3 3 
 1055 731 3 3 
 1043 731 3 3 
 1037 731 6 6 
 1040 730 4 4 
 1053 729 5 3 
 1038 728 4 4 
 1037 728 3 3 
 1031 728 8 6 
 1058 727 3 3 
 1051 727 5 3 
 1038 727 3 3 
 1059 726 3 3 
 1048 726 3 3 
 1032 726 3 3 
 1055 725 3 3 
 1049 725 3 3 
 1042 725 3 3 
 1037 725 3 3 
 1035 725 3 3 
 1031 725 3 3 
 1064 724 3 3 
 1057 724 4 5 
 1051 724 4 4 
 1046 724 3 4 
 1032 724 4 4 
 1036 723 3 3 
 1034 723 3 3 
 1079 722 3 3 
 1077 722 3 3 
 1050 722 3 3 
 1043 722 5 8 
 1073 720 5 5 
 1050 719 3 3 
 1075 718 3 3 
 1043 718 3 3 
 1062 716 3 3 
 1082 715 3 3 
 1073 714 3 3 
 1032 714 3 3 
 1025 714 4 4 
 1019 714 3 3 
 1016 714 3 3 
 1082 713 3 3 
 1036 713 3 3 
 1027 713 3 3 
 1035 712 3 3 
 1017 712 3 3 
 1013 712 3 3 
 1036 711 3 3 
 1029 711 4 4 
 1082 710 3 3 
 1033 710 3 3 
 1031 710 3 3 
 1026 710 3 3 
 1023 710 3 3 
 1085 709 3 3 
 1051 709 3 3 
 1042 709 5 4 
 1036 709 3 3 
 1025 709 3 3 
 1084 708 3 3 
 1049 708 3 4 
 1030 708 3 3 
 1050 707 3 3 
 1045 707 3 3 
 1036 707 4 3 
 1032 707 3 3 
 1026 707 3 3 
 1022 707 3 3 
 1049 706 3 3 
 1038 706 3 3 
 1034 706 3 3 
 1032 705 4 3 
 1030 705 3 3 
 1021 705 3 3 
 1015 705 3 3 
 1057 704 3 3 
 1052 704 3 3 
 1046 704 3 4 
 1035 704 3 4 
 1023 704 3 3 
 1019 704 3 3 
 1016 704 3 3 
 1043 703 3 3 
 1036 703 3 3 
 1034 703 3 3 
 1067 702 3 3 
 1056 702 3 3 
 1027 702 6 5 
 1044 701 4 3 
 1042 701 3 3 
 1035 701 3 3 
 1032 701 4 3 
 1036 700 4 3 
 1030 700 4 3 
 1046 699 3 3 
 1042 699 3 3 
 1052 698 3 3 
 1048 698 3 5 
 1067 697 3 3 
 1046 697 3 3 
 1042 697 3 3 
 1039 697 5 6 
 1050 696 5 3 
 1037 696 3 5 
 1034 696 3 3 
 1058 695 3 4 
 1049 695 3 3 
 1041 695 3 4 
 1039 695 3 3 
 1026 695 5 5 
 1056 694 3 3 
 1051 694 3 3 
 1047 694 4 3 
 1042 694 3 3 
 1040 694 3 3 
 1038 694 3 3 
 1036 694 3 4 
 1033 694 3 4 
 1050 693 3 3 
 1046 693 3 3 
 1032 693 3 3 
 1052 692 3 3 
 1044 692 4 4 
 1035 692 3 3 
 1051 691 3 3 
 1049 691 3 4 
 1039 691 3 3 
 1070 690 3 3 
 1043 690 3 3 
 1036 690 3 4 
 1033 690 3 3 
 1059 689 3 3 
 1056 689 3 3 
 1046 689 3 3 
 1042 689 3 3 
 1051 688 5 4 
 1047 688 3 3 
 1039 688 4 3 
 1065 687 3 3 
 1058 687 3 3 
 1043 687 3 3 
 1087 686 4 4 
 1049 686 5 6 
 1057 685 3 3 
 1046 685 3 3 
 1042 685 3 3 
 1040 685 3 3 
 1038 684 3 3 
 1059 683 4 4 
 1042 683 4 3 
 1087 682 3 3 
 1067 682 3 3 
 1088 681 3 3 
 1083 681 3 3 
 1080 681 3 3 
 1076 681 3 3 
 1064 681 3 3 
 1061 681 3 3 
 1049 681 5 6 
 1065 680 3 3 
 1056 680 3 3 
 1036 680 8 6 
 1084 679 4 3 
 1067 679 3 3 
 1062 679 3 3 
 1058 679 3 4 
 1052 679 8 8 
 1039 679 3 3 
 1087 678 3 3 
 1066 678 3 3 
 1059 678 4 4 
 1054 678 3 3 
 1052 678 3 3 
 1050 678 3 4 
 1042 678 10 8 
 1062 677 3 3 
 1039 677 4 4 
 1079 676 3 3 
 1066 676 3 3 
 1052 676 3 3 
 1074 675 3 3 
 1065 675 3 3 
 1051 675 3 3 
 1062 674 3 3 
 1055 674 3 3 
 1051 673 3 3 
 1080 672 3 3 
 1062 672 4 4 
 1057 672 7 7 
 1056 672 3 3 
 1048 672 3 3 
 1087 671 3 3 
 1061 671 3 3 
 1062 670 3 3 
 1053 670 3 3 
 1086 669 3 3 
 1082 669 3 3 
 1069 669 3 3 
 1056 669 3 3 
 1067 668 3 3 
 1085 667 3 3 
 1082 666 3 4 
 1057 666 3 3 
 1068 665 3 3 
 1056 665 3 3 
 1054 665 3 3 
 1055 664 3 3 
 1072 663 3 3 
 1086 661 3 3 
 1087 656 3 3 
 1085 651 3 3 
 1083 649 3 3 
 1089 648 3 3 
 1086 648 3 3 
 1086 646 3 3 
 1106 646 3 3 
 1109 644 3 3 
 1110 642 3 3 
 1107 642 4 3 
 1099 642 3 3 
 1095 640 3 3 
 1089 640 3 3 
 1106 639 3 3 
 944 990 3 4 
 895 984 1 2 
 895 983 34 35 
 907 997 6 4 
 902 997 3 3 
 898 997 4 3 
 905 996 3 3 
 903 995 3 3 
 899 994 5 4 
 903 993 5 4 
 901 992 4 4 
 898 992 3 3 
 901 990 3 3 
 898 990 4 3 
 897 987 3 3 
 902 986 5 6 
 902 983 3 3 
 889 984 3 3 
 903 980 8 6 
 956 963 3 2 
 894 959 2 3 
 957 958 5 5 
 957 956 1 2 
 925 956 2 1 
 900 953 2 1 
 897 952 2 2 
 959 951 4 6 
 950 946 7 3 
 889 941 68 65 
 932 997 3 3 
 929 997 4 4 
 923 997 3 3 
 917 996 3 3 
 925 995 3 3 
 920 995 4 4 
 935 994 3 3 
 923 992 3 3 
 919 992 4 3 
 927 991 3 4 
 920 990 3 3 
 939 989 3 3 
 931 989 3 3 
 919 989 3 3 
 922 988 3 5 
 920 988 3 3 
 924 987 4 5 
 921 987 3 3 
 931 985 3 3 
 928 985 4 7 
 920 983 5 4 
 939 982 4 3 
 934 982 3 3 
 932 982 3 3 
 926 981 3 4 
 922 981 7 8 
 920 981 3 3 
 924 980 3 3 
 927 978 3 4 
 932 977 4 3 
 929 977 8 6 
 926 977 3 3 
 935 976 4 4 
 925 976 3 3 
 923 976 3 3 
 937 975 3 3 
 930 975 3 4 
 927 975 3 4 
 920 975 4 7 
 938 974 3 3 
 935 974 3 3 
 932 974 3 4 
 929 974 3 3 
 926 974 3 3 
 934 973 3 3 
 922 973 5 5 
 928 972 7 3 
 920 972 4 3 
 939 971 3 3 
 937 971 3 3 
 918 971 4 3 
 949 970 3 3 
 928 970 3 3 
 920 970 3 3 
 951 969 4 3 
 945 969 3 4 
 937 969 3 3 
 932 969 7 5 
 891 969 3 3 
 940 968 4 5 
 936 968 3 3 
 917 968 3 3 
 910 968 3 3 
 904 968 3 3 
 901 968 3 3 
 943 967 3 3 
 924 967 3 3 
 921 967 4 4 
 918 967 4 3 
 912 967 5 8 
 912 967 3 3 
 907 967 3 3 
 902 967 3 3 
 900 967 3 3 
 950 966 4 4 
 949 966 3 3 
 938 966 4 4 
 924 966 6 8 
 923 966 3 3 
 916 966 3 3 
 909 966 3 3 
 891 966 3 3 
 950 965 3 3 
 926 965 3 3 
 919 965 3 3 
 903 965 4 4 
 939 964 3 3 
 924 964 3 3 
 949 963 3 3 
 922 963 4 5 
 920 963 3 4 
 909 963 3 4 
 945 962 3 4 
 941 962 4 5 
 929 962 11 10 
 926 962 4 4 
 951 961 3 3 
 944 961 3 3 
 940 961 3 3 
 930 961 9 6 
 927 961 3 3 
 917 961 5 7 
 912 961 6 6 
 910 961 4 4 
 906 961 4 3 
 950 960 3 3 
 948 960 3 3 
 938 960 3 3 
 932 960 4 4 
 930 960 3 3 
 917 960 3 3 
 908 960 4 3 
 897 960 3 3 
 951 959 3 3 
 947 959 3 3 
 945 959 3 3 
 941 959 3 3 
 903 959 3 3 
 946 958 3 3 
 936 958 3 4 
 934 958 3 3 
 931 958 3 4 
 907 958 3 3 
 937 957 3 3 
 910 957 3 4 
 904 957 4 4 
 947 956 5 4 
 936 956 3 3 
 933 956 3 3 
 907 956 3 3 
 948 955 3 3 
 930 955 4 3 
 904 955 4 3 
 899 955 7 6 
 941 954 3 3 
 911 954 3 3 
 938 953 4 3 
 934 953 3 3 
 915 953 4 3 
 904 953 3 3 
 914 952 3 3 
 905 952 6 5 
 940 951 3 3 
 916 951 3 3 
 910 951 3 3 
 904 951 3 3 
 939 950 3 3 
 935 950 5 6 
 908 950 3 3 
 929 949 7 6 
 917 949 3 3 
 910 949 3 3 
 905 949 4 4 
 903 949 4 4 
 941 948 3 3 
 929 948 3 3 
 907 947 3 3 
 901 947 3 3 
 937 946 5 6 
 909 946 4 4 
 905 946 4 3 
 935 945 3 4 
 919 945 4 3 
 911 945 3 3 
 904 945 3 3 
 931 944 5 6 
 912 944 7 5 
 917 943 3 3 
 915 943 3 3 
 910 942 4 4 
 908 942 4 3 
 918 941 3 3 
 916 941 3 4 
 952 937 1 2 
 954 936 2 3 
 937 936 3 1 
 946 935 6 4 
 948 935 3 3 
 939 933 3 2 
 920 933 2 2 
 920 925 7 8 
 921 914 12 7 
 930 916 3 3 
 927 915 3 3 
 924 915 3 4 
 925 914 3 3 
 915 914 5 4 
 917 914 3 3 
 1001 887 4 4 
 1002 880 4 6 
 1001 877 2 2 
 953 877 1 2 
 1001 860 1 2 
 1006 858 15 15 
 1011 867 3 3 
 1010 866 3 3 
 1008 866 3 4 
 1017 864 3 4 
 1012 862 3 3 
 1009 862 3 3 
 1011 858 3 3 
 947 855 2 2 
 1013 852 3 2 
 999 852 1 2 
 1004 851 7 6 
 1004 853 3 3 
 1002 851 2 2 
 1000 849 2 2 
 1004 848 2 2 
 987 838 2 1 
 982 837 2 3 
 926 834 76 91 
 968 922 3 3 
 955 922 3 3 
 967 921 3 3 
 954 921 3 3 
 963 920 3 3 
 956 920 3 3 
 953 919 5 4 
 951 917 3 3 
 956 915 3 4 
 954 914 4 3 
 977 913 3 4 
 958 913 3 3 
 945 913 3 3 
 982 912 3 3 
 973 912 4 3 
 969 912 3 3 
 964 912 3 3 
 952 912 4 3 
 979 911 5 5 
 970 910 3 3 
 962 910 4 4 
 954 910 3 3 
 978 909 3 3 
 968 909 3 3 
 964 909 4 5 
 963 909 3 3 
 951 909 3 5 
 986 908 4 3 
 980 908 6 5 
 974 908 7 6 
 970 908 3 3 
 966 908 4 3 
 964 908 3 3 
 948 908 4 5 
 983 907 5 3 
 960 907 4 4 
 955 907 5 5 
 950 907 3 3 
 933 907 3 3 
 931 907 3 4 
 928 907 3 3 
 971 906 6 5 
 968 906 5 4 
 961 906 3 3 
 959 906 3 3 
 948 906 4 3 
 995 905 3 3 
 991 905 3 3 
 958 905 3 3 
 945 905 4 5 
 935 905 4 4 
 928 905 4 3 
 973 904 3 3 
 969 904 3 3 
 955 904 3 3 
 951 904 5 3 
 947 904 3 3 
 937 904 3 3 
 932 904 3 5 
 975 903 5 5 
 970 903 4 3 
 939 903 4 3 
 929 903 3 3 
 990 902 6 3 
 986 902 3 3 
 961 902 3 3 
 954 902 4 3 
 931 902 3 4 
 994 901 3 3 
 987 901 6 8 
 979 901 9 8 
 961 901 11 9 
 956 901 7 6 
 950 901 5 4 
 984 900 3 4 
 965 900 3 3 
 933 900 7 7 
 932 900 3 3 
 929 900 4 4 
 927 900 4 3 
 998 899 3 3 
 990 899 3 3 
 977 899 3 3 
 972 899 3 3 
 970 899 3 3 
 964 899 3 3 
 944 899 3 3 
 994 898 3 3 
 992 898 4 5 
 986 898 4 4 
 983 898 3 4 
 979 898 5 5 
 978 898 3 3 
 969 898 3 3 
 967 898 3 3 
 961 898 4 5 
 957 898 4 4 
 951 898 3 3 
 948 898 3 3 
 993 897 3 3 
 977 897 3 3 
 963 897 3 3 
 952 897 4 3 
 949 897 3 3 
 945 897 4 3 
 942 897 3 3 
 984 896 3 3 
 966 896 4 3 
 964 896 3 3 
 960 896 3 4 
 955 896 4 4 
 951 896 3 3 
 938 896 3 3 
 936 896 4 4 
 934 896 3 6 
 931 896 4 5 
 989 895 3 3 
 987 895 4 5 
 978 895 7 4 
 954 895 3 3 
 952 895 3 3 
 947 895 3 3 
 941 895 3 3 
 937 895 3 3 
 928 895 3 3 
 992 894 3 4 
 986 894 3 3 
 984 894 3 3 
 976 894 3 4 
 968 894 3 3 
 944 894 3 3 
 993 893 3 3 
 988 893 3 3 
 980 893 3 3 
 978 893 4 4 
 975 893 3 3 
 959 893 5 5 
 957 893 3 4 
 955 893 3 4 
 950 893 3 3 
 947 893 3 3 
 942 893 3 4 
 936 893 4 3 
 996 892 3 3 
 994 892 3 3 
 983 892 3 4 
 979 892 3 3 
 967 892 4 3 
 944 892 4 3 
 935 892 3 3 
 997 891 3 3 
 978 891 3 3 
 975 891 3 3 
 970 891 6 10 
 958 891 3 3 
 948 891 3 3 
 938 891 3 3 
 933 891 3 3 
 990 890 5 5 
 980 890 5 4 
 953 890 5 5 
 943 890 3 3 
 940 890 3 3 
 934 890 3 3 
 984 889 6 7 
 963 889 5 6 
 959 889 4 3 
 948 889 3 3 
 933 889 3 3 
 983 888 3 3 
 961 888 5 3 
 956 888 3 3 
 951 888 4 5 
 934 888 4 4 
 982 887 3 3 
 960 887 3 3 
 947 887 3 3 
 963 886 3 3 
 945 886 3 3 
 964 884 9 8 
 963 884 3 3 
 971 883 3 3 
 968 883 3 4 
 966 883 3 3 
 936 883 4 4 
 963 882 3 3 
 969 881 4 4 
 938 881 7 4 
 964 880 3 3 
 940 879 3 3 
 980 878 3 3 
 976 878 4 4 
 971 878 3 3 
 974 877 3 3 
 967 877 4 4 
 949 877 3 3 
 940 877 14 12 
 979 876 3 3 
 977 876 3 3 
 975 876 3 3 
 970 876 3 3 
 944 876 3 3 
 941 876 3 3 
 974 875 3 3 
 971 875 3 3 
 969 875 3 3 
 943 875 3 3 
 984 874 5 5 
 980 874 3 3 
 976 874 3 3 
 946 874 3 3 
 975 873 3 3 
 973 872 3 4 
 983 871 3 3 
 981 871 3 3 
 979 871 3 3 
 977 871 3 3 
 972 871 3 3 
 987 870 3 4 
 970 870 3 5 
 947 870 3 3 
 976 869 4 3 
 974 869 3 3 
 961 869 3 3 
 986 868 3 4 
 972 868 3 3 
 963 868 5 4 
 945 868 3 3 
 988 867 3 4 
 984 867 3 3 
 978 867 3 4 
 973 867 3 3 
 967 867 4 4 
 946 867 3 3 
 980 866 5 5 
 969 866 3 3 
 948 866 3 3 
 989 865 3 3 
 987 865 3 3 
 979 865 4 3 
 975 865 3 4 
 972 865 3 3 
 965 865 3 4 
 960 865 3 3 
 981 864 3 3 
 974 864 3 3 
 963 864 3 3 
 961 864 3 3 
 959 864 3 3 
 989 863 4 3 
 966 863 3 3 
 960 863 3 3 
 956 863 3 3 
 986 862 3 3 
 972 862 3 3 
 964 862 3 3 
 958 862 4 3 
 945 862 3 3 
 981 861 4 4 
 975 861 3 3 
 950 861 3 3 
 946 861 3 3 
 990 860 3 3 
 979 860 3 3 
 976 860 3 3 
 969 860 4 3 
 987 859 4 5 
 973 859 3 4 
 984 858 3 3 
 970 858 3 3 
 957 858 3 4 
 947 858 3 4 
 988 857 3 4 
 977 857 3 3 
 974 857 3 3 
 968 857 3 3 
 991 856 3 3 
 969 856 3 3 
 980 855 3 3 
 963 855 3 3 
 959 855 12 10 
 990 854 3 4 
 981 854 3 3 
 976 854 3 3 
 971 854 3 3 
 958 854 4 4 
 985 853 3 3 
 982 853 3 3 
 970 853 3 3 
 963 853 3 3 
 960 853 3 3 
 986 852 3 3 
 973 852 3 3 
 961 852 3 3 
 991 851 3 3 
 984 851 3 4 
 960 851 3 3 
 977 850 5 5 
 970 850 3 3 
 963 850 3 4 
 991 849 4 3 
 984 849 3 3 
 969 849 3 3 
 961 849 4 3 
 958 849 3 3 
 993 848 3 3 
 990 848 3 3 
 985 848 3 3 
 981 848 4 5 
 967 848 3 3 
 991 847 4 3 
 984 847 3 3 
 982 847 3 3 
 980 847 3 3 
 962 847 3 3 
 987 846 4 4 
 985 846 3 3 
 981 846 3 3 
 969 846 4 4 
 966 846 3 3 
 971 845 4 3 
 986 844 3 4 
 983 844 4 4 
 982 844 3 3 
 987 843 3 3 
 964 843 3 3 
 982 842 6 3 
 967 841 3 3 
 988 831 1 2 
 986 831 1 2 
 1014 827 5 4 
 981 827 2 2 
 977 827 3 6 
 971 827 2 3 
 1017 824 3 2 
 1029 817 5 5 
 1036 807 1 2 
 1051 802 2 2 
 1042 798 10 10 
 1047 800 3 4 
 1046 799 3 3 
 1046 794 1 2 
 1042 790 5 8 
 1039 789 2 3 
 1060 755 3 2 
 1053 752 2 3 
 1050 752 2 4 
 1011 744 1 2 
 1059 739 2 1 
 1062 738 2 1 
 1002 830 3 3 
 994 829 3 3 
 992 829 3 3 
 1002 827 3 3 
 995 827 3 3 
 996 825 3 3 
 1002 819 3 3 
 999 818 3 3 
 997 818 3 3 
 987 818 3 3 
 1023 817 3 3 
 1006 817 3 3 
 998 817 3 3 
 1019 816 3 3 
 1000 816 4 4 
 997 816 3 3 
 983 816 4 3 
 978 816 3 3 
 1001 815 3 3 
 982 815 3 3 
 980 815 4 4 
 1017 814 3 3 
 1014 814 3 3 
 988 814 4 5 
 986 814 3 5 
 984 814 3 3 
 979 814 3 3 
 1022 813 4 5 
 1020 813 3 4 
 1012 813 3 3 
 1005 813 4 3 
 999 813 3 3 
 987 813 3 3 
 980 813 4 4 
 1021 812 3 3 
 1002 812 4 4 
 1024 811 4 4 
 988 811 3 3 
 982 811 3 3 
 1002 810 3 3 
 999 810 3 3 
 1025 809 3 3 
 1014 809 4 4 
 1010 809 3 3 
 1007 809 3 4 
 991 809 3 3 
 984 809 4 3 
 1024 808 3 3 
 1008 808 4 3 
 988 808 3 4 
 1025 807 3 3 
 1021 807 4 3 
 974 807 3 3 
 988 806 3 3 
 986 806 4 4 
 1024 805 3 4 
 1002 805 3 3 
 995 805 3 3 
 989 805 4 3 
 1017 804 3 3 
 999 804 3 3 
 1008 803 3 3 
 997 803 4 4 
 990 803 3 3 
 1031 802 3 3 
 1023 802 3 4 
 1021 802 3 3 
 1019 802 3 3 
 1014 802 3 3 
 1009 802 4 3 
 1005 802 4 4 
 994 802 3 3 
 1013 801 3 3 
 1004 801 3 3 
 1002 801 3 3 
 995 801 3 3 
 991 801 3 3 
 1027 800 4 3 
 1020 800 4 3 
 1012 800 3 3 
 1005 800 3 3 
 1009 799 3 4 
 996 799 3 3 
 984 799 4 3 
 980 799 4 3 
 1024 798 3 3 
 1022 798 3 3 
 1019 798 3 3 
 1005 798 3 3 
 998 798 3 3 
 1016 797 3 3 
 996 797 3 3 
 990 797 3 4 
 1009 796 3 3 
 992 796 3 3 
 988 796 3 3 
 982 796 3 3 
 1025 795 4 3 
 1021 795 3 3 
 1019 795 3 3 
 1006 795 3 3 
 995 795 3 3 
 986 795 3 3 
 993 794 3 3 
 983 794 4 3 
 1029 791 3 3 
 1026 791 4 4 
 985 791 4 3 
 1030 790 3 3 
 1017 790 3 3 
 993 790 3 3 
 1029 789 3 3 
 992 789 3 3 
 983 789 3 3 
 1030 788 3 3 
 1018 788 4 4 
 986 788 4 4 
 985 788 3 3 
 1028 787 3 3 
 1009 787 3 3 
 1013 785 3 3 
 990 785 3 3 
 987 785 3 3 
 1014 784 3 3 
 1012 784 3 3 
 991 784 3 3 
 1026 783 3 3 
 992 783 3 3 
 1031 782 5 5 
 1021 782 3 3 
 1013 782 3 4 
 997 782 3 3 
 990 782 3 3 
 1015 781 3 3 
 1012 781 3 3 
 992 781 3 3 
 1030 780 3 3 
 1028 780 3 3 
 1025 780 3 3 
 1022 780 3 3 
 1036 779 4 4 
 1034 779 3 3 
 1038 778 3 3 
 1036 778 3 3 
 1025 778 3 3 
 1023 778 3 3 
 1031 777 5 5 
 1024 777 3 3 
 1017 777 6 6 
 997 777 17 26 
 1037 776 4 4 
 1035 776 3 3 
 1027 776 3 3 
 1025 776 3 3 
 1023 776 3 3 
 1010 776 8 7 
 1010 776 3 3 
 1006 776 3 3 
 1030 775 3 3 
 1019 775 3 3 
 1014 775 3 3 
 1003 775 3 3 
 1032 774 8 4 
 1015 774 3 3 
 1012 774 3 4 
 1000 774 3 3 
 1032 773 3 3 
 1008 773 3 3 
 1003 773 3 3 
 1036 772 3 3 
 1034 772 3 3 
 1025 772 3 3 
 1030 771 5 4 
 1026 771 3 3 
 1021 771 4 4 
 1001 771 3 3 
 1028 770 3 3 
 1015 770 3 3 
 1012 770 5 5 
 1034 769 3 3 
 1011 769 3 3 
 1008 769 3 4 
 995 769 3 3 
 1035 768 3 3 
 1031 768 4 3 
 1015 768 3 3 
 1018 767 3 3 
 995 767 3 3 
 1005 766 3 3 
 1000 766 4 4 
 1039 765 3 3 
 1037 765 3 3 
 1035 765 3 3 
 1034 764 3 3 
 1005 764 4 3 
 1007 763 3 3 
 1038 762 3 3 
 1025 762 3 3 
 1006 762 3 3 
 1017 761 3 3 
 1032 760 3 3 
 1030 760 3 3 
 1024 760 3 3 
 1022 760 3 3 
 1005 760 3 3 
 1041 759 3 3 
 1031 759 3 3 
 1023 759 3 3 
 1018 759 3 3 
 1007 759 3 3 
 1039 758 3 5 
 1036 758 3 3 
 1041 757 3 3 
 1037 757 3 3 
 1023 757 3 3 
 1020 757 3 3 
 1019 756 3 3 
 1017 755 3 3 
 1004 755 6 6 
 1042 754 3 3 
 1020 754 3 3 
 1018 754 3 3 
 1004 754 3 3 
 1043 753 3 3 
 1040 753 3 3 
 1031 753 3 3 
 1014 753 3 3 
 1044 752 3 3 
 1024 752 3 3 
 1009 752 3 3 
 1042 751 3 3 
 1034 751 3 3 
 1022 751 3 3 
 1019 751 3 3 
 1020 750 3 3 
 1011 750 3 3 
 1009 750 3 3 
 1032 749 3 4 
 1029 749 4 3 
 1008 749 3 3 
 1035 748 4 5 
 1043 747 3 3 
 1038 747 6 6 
 1047 746 3 4 
 1044 746 3 3 
 1035 746 7 5 
 1051 745 3 3 
 1045 745 3 3 
 1042 745 3 3 
 1039 745 3 3 
 1052 744 3 3 
 1035 744 3 3 
 1033 744 3 3 
 1031 744 3 3 
 1051 743 3 3 
 1046 742 3 3 
 1051 741 3 3 
 1036 741 3 3 
 1038 740 3 3 
 1047 739 3 3 
 1037 739 3 3 
 1045 738 3 3 
 1038 737 4 4 
 1037 737 3 3 
 1033 737 3 3 
 1025 737 3 3 
 1050 736 4 6 
 1030 736 3 3 
 938 998 3 3 
 940 996 3 4 
 942 995 3 3 
 942 993 3 3 
 946 991 3 3 
 942 989 3 3 
 947 986 3 4 
 947 984 4 3 
 944 984 3 3 
 949 983 3 3 
 945 983 3 3 
 946 982 3 3 
 944 982 3 3 
 947 981 5 3 
 945 981 3 3 
 950 980 3 3 
 948 978 4 4 
 946 978 3 3 
 952 975 3 3 
 952 972 3 3 
 954 969 3 3 
 957 966 3 3 
 955 964 3 3 
 962 956 3 3 
 966 953 3 3 
 960 949 4 3 
 962 948 3 3 
 964 944 3 3 
 970 943 3 3 
 966 941 4 7 
 973 937 3 3 
 972 932 3 3 
 972 930 4 3 
 977 929 3 3 
 973 928 3 3 
 976 927 3 3 
 977 925 3 3 
 978 921 4 3 
 976 921 3 5 
 974 921 3 3 
 982 920 3 3 
 977 920 3 3 
 980 917 4 5 
 984 914 3 3 
 981 914 3 4 
 977 913 3 3 
 982 912 3 3 
 979 911 5 4 
 983 905 3 3 
 981 905 3 3 
 983 903 3 3 
 988 901 3 3 
 987 900 3 3 
 986 898 3 4 
 987 895 4 4 
 990 891 3 3 
 992 889 3 3 
 989 888 4 3 
 993 887 3 3 
 995 883 3 3 
 996 880 3 3 
 997 874 3 3 
 998 873 3 3 
 999 870 3 3 
 1003 868 3 3 
 999 868 3 3 
 1001 864 3 3 
 1003 861 4 5 
 1006 859 3 3 
 1004 858 3 3 
 1007 857 3 3 
 1003 857 3 3 
 1005 854 3 3 
 1006 851 3 3 
 1009 848 3 3 
 1014 842 3 3 
 1017 836 3 3 
 1019 835 4 3 
 956 937 1 2 
 958 931 2 2 
 961 920 4 3 
 926 1001 3 3 
 921 1001 3 3 
 920 1000 3 3 
 930 999 3 3 
 928 999 3 3 
 924 998 3 3 
 932 997 3 3 
 925 997 4 3 
 923 997 3 3 
 919 997 3 3 
 933 996 3 3 
 928 996 3 3 
 925 995 3 3 
 921 995 3 3 
 930 994 4 3 
 926 994 3 3 
 928 993 3 3 
 923 992 3 3 
 920 992 3 3 
 915 992 4 3 
 927 991 3 3 
 920 990 3 3 
 917 990 3 3 
 931 989 3 3 
 922 989 3 3 
 916 989 3 3 
 924 988 3 3 
 918 987 3 3 
 929 986 3 3 
 931 985 3 3 
 928 985 3 3 
 926 985 3 4 
 916 985 3 3 
 923 984 3 5 
 917 984 4 3 
 924 983 3 3 
 920 983 3 3 
 936 982 3 3 
 934 982 3 3 
 932 982 3 3 
 919 982 3 3 
 917 982 3 3 
 926 981 3 4 
 922 981 3 3 
 920 981 3 3 
 936 980 3 3 
 924 980 3 3 
 937 979 3 3 
 927 979 3 3 
 921 978 3 3 
 930 977 5 5 
 929 977 3 4 
 926 977 3 3 
 919 977 3 3 
 935 976 4 4 
 925 976 3 3 
 923 976 3 3 
 921 976 3 3 
 937 975 3 3 
 932 975 3 4 
 930 975 3 4 
 927 975 3 4 
 920 975 3 3 
 938 974 3 3 
 935 974 3 3 
 929 974 3 3 
 926 974 3 3 
 917 974 3 3 
 934 973 3 3 
 924 973 3 5 
 918 973 3 3 
 930 972 5 3 
 928 972 3 3 
 934 971 4 3 
 925 971 4 3 
 919 971 3 3 
 936 970 3 3 
 933 970 3 3 
 928 970 3 3 
 920 970 3 3 
 940 969 3 4 
 934 969 3 3 
 932 969 3 3 
 941 968 3 3 
 936 968 3 3 
 922 968 3 3 
 943 967 4 3 
 939 967 3 3 
 935 967 3 3 
 925 967 5 4 
 924 967 3 3 
 921 967 3 3 
 919 967 3 3 
 945 966 3 3 
 934 966 3 3 
 930 966 5 5 
 935 965 4 3 
 922 965 3 3 
 941 964 3 3 
 933 964 3 3 
 920 964 3 3 
 917 964 3 3 
 937 963 3 4 
 935 963 3 3 
 926 963 4 3 
 923 963 3 3 
 945 962 4 4 
 942 962 3 3 
 934 962 3 3 
 930 962 3 3 
 919 962 3 3 
 947 961 3 3 
 944 961 3 3 
 940 961 3 3 
 933 961 3 3 
 923 961 5 4 
 918 961 3 3 
 941 960 3 3 
 938 960 3 3 
 932 960 3 3 
 930 960 3 3 
 928 959 3 4 
 923 959 3 3 
 920 959 3 3 
 943 958 3 3 
 936 958 3 3 
 931 958 3 3 
 926 958 3 3 
 924 958 3 3 
 919 958 3 3 
 917 958 3 3 
 925 957 3 3 
 920 957 3 3 
 943 956 5 3 
 936 956 3 3 
 933 956 3 3 
 926 956 4 3 
 923 956 3 3 
 930 955 3 3 
 941 954 4 3 
 920 954 3 4 
 939 953 3 3 
 934 953 3 3 
 926 953 3 3 
 933 952 3 3 
 931 952 3 3 
 927 952 3 3 
 919 952 3 3 
 945 951 3 3 
 932 951 3 3 
 930 951 3 3 
 925 951 3 3 
 916 951 3 3 
 942 950 4 4 
 939 950 3 3 
 935 950 4 6 
 928 950 3 3 
 926 950 3 3 
 919 950 4 3 
 925 949 3 3 
 922 949 3 3 
 946 948 4 3 
 944 948 4 4 
 937 948 3 4 
 924 948 3 3 
 945 947 3 3 
 931 947 3 3 
 919 947 4 3 
 916 947 4 3 
 947 946 3 3 
 921 946 3 3 
 918 946 3 3 
 942 945 3 4 
 935 945 3 3 
 920 945 3 3 
 943 944 4 3 
 936 943 3 3 
 933 943 3 3 
 930 943 3 3 
 926 943 4 3 
 917 943 3 3 
 932 942 3 3 
 916 942 3 3 
 929 941 3 4 
 924 941 3 3 
 918 941 3 3 
 946 940 3 3 
 929 939 3 3 
 925 939 5 5 
 917 939 3 3 
 950 938 3 3 
 920 938 6 6 
 918 938 3 3 
 948 937 3 3 
 942 937 4 4 
 933 937 3 3 
 930 937 4 3 
 926 937 3 3 
 921 937 4 3 
 945 936 4 4 
 938 936 5 5 
 916 936 4 4 
 950 935 3 4 
 948 935 3 3 
 935 935 3 3 
 931 935 5 3 
 927 935 3 3 
 920 935 3 3 
 937 934 3 3 
 928 934 4 3 
 923 934 5 6 
 947 933 5 4 
 941 933 5 5 
 931 933 3 3 
 921 933 4 5 
 918 933 3 3 
 954 932 3 3 
 945 932 3 3 
 940 932 3 3 
 925 932 3 3 
 953 931 3 3 
 949 931 6 4 
 941 931 3 3 
 927 931 4 4 
 924 931 3 3 
 916 931 4 5 
 952 930 3 3 
 945 930 4 4 
 926 930 3 3 
 940 929 3 3 
 932 929 9 7 
 931 929 3 4 
 918 929 3 4 
 952 928 4 3 
 939 928 3 3 
 919 928 3 3 
 948 927 4 5 
 944 927 6 5 
 940 927 3 3 
 916 927 3 3 
 938 926 3 4 
 935 926 4 4 
 928 926 5 5 
 925 926 3 3 
 936 925 4 3 
 926 925 3 3 
 923 925 4 3 
 921 925 3 4 
 945 924 4 4 
 941 924 4 3 
 930 924 6 3 
 916 924 3 3 
 948 923 3 3 
 946 923 3 3 
 938 923 5 5 
 935 923 3 3 
 947 922 3 3 
 936 922 3 3 
 928 922 3 3 
 922 922 4 4 
 919 922 4 4 
 954 921 3 3 
 943 921 6 3 
 938 921 4 3 
 931 921 5 4 
 915 921 5 4 
 942 920 3 3 
 936 920 4 3 
 932 920 3 3 
 927 920 4 4 
 916 920 3 3 
 953 919 3 4 
 949 919 4 4 
 944 919 3 3 
 939 919 5 4 
 934 919 3 4 
 947 918 3 4 
 935 918 3 3 
 928 918 3 3 
 918 918 4 3 
 951 917 3 3 
 949 917 3 3 
 946 917 3 3 
 941 917 4 3 
 926 917 3 3 
 921 917 5 7 
 920 917 3 3 
 943 916 3 3 
 936 916 3 3 
 932 916 3 3 
 938 915 3 3 
 935 915 3 3 
 927 915 3 3 
 954 914 3 3 
 936 914 3 3 
 933 914 3 3 
 929 914 3 3 
 923 914 3 3 
 921 914 3 3 
 958 913 3 3 
 950 913 5 6 
 944 913 3 4 
 940 913 3 3 
 937 913 4 3 
 931 913 3 3 
 926 913 3 3 
 919 913 3 3 
 964 912 3 3 
 957 912 3 3 
 952 912 4 3 
 936 912 3 3 
 933 912 5 4 
 928 912 3 3 
 923 912 3 3 
 921 912 3 3 
 917 912 3 3 
 947 911 3 3 
 927 911 3 3 
 922 911 3 3 
 919 911 3 3 
 962 910 4 4 
 951 910 3 4 
 941 910 6 3 
 935 910 3 3 
 917 910 3 3 
 968 909 3 3 
 964 909 4 5 
 963 909 3 3 
 957 909 3 3 
 955 909 3 3 
 936 909 3 3 
 928 909 3 3 
 925 909 3 3 
 919 909 3 3 
 966 908 4 3 
 964 908 3 3 
 949 908 3 3 
 932 908 3 3 
 927 908 3 3 
 960 907 4 4 
 945 907 3 3 
 939 907 3 3 
 924 907 3 3 
 918 907 3 3 
 959 906 3 3 
 941 906 3 4 
 963 905 5 5 
 946 905 3 3 
 942 905 3 3 
 939 905 3 3 
 936 905 3 4 
 932 905 3 3 
 929 905 3 3 
 969 904 3 3 
 967 904 3 4 
 961 904 5 4 
 955 904 3 3 
 953 904 3 3 
 970 903 4 3 
 931 903 3 3 
 929 903 3 3 
 965 1002 3 3 
 962 1003 20 21 
 973 1004 12 18 
 970 1005 18 21 
 972 1006 18 20 
 979 1007 23 24 
 979 1008 23 20 
 972 1002 1 2 
 956 1009 7 5 
 949 1009 3 4 
 962 1008 3 3 
 960 1008 3 4 
 958 1008 3 3 
 961 1007 3 3 
 951 1007 3 3 
 949 1007 3 3 
 959 1006 4 4 
 954 1006 3 3 
 964 1005 4 3 
 958 1005 3 3 
 953 1003 3 3 
 960 1002 3 5 
 950 1002 3 3 
 962 1000 6 7 
 967 999 3 3 
 958 999 3 3 
 965 998 3 3 
 952 998 4 3 
 964 996 3 3 
 961 996 3 3 
 959 996 3 3 
 965 995 3 3 
 962 995 3 3 
 961 994 3 3 
 958 994 3 3 
 951 993 5 6 
 954 992 3 3 
 950 992 3 3 
 962 991 4 3 
 968 990 3 3 
 964 990 3 3 
 971 989 3 3 
 960 989 3 3 
 955 989 3 3 
 963 988 3 3 
 954 988 3 3 
 951 988 3 4 
 966 987 3 3 
 973 986 3 3 
 967 986 3 3 
 965 985 3 3 
 966 984 3 3 
 975 983 3 4 
 949 983 3 3 
 974 982 3 3 
 967 982 3 3 
 962 982 3 3 
 951 982 3 3 
 969 981 3 3 
 965 981 3 3 
 967 980 3 3 
 959 980 3 3 
 954 980 3 3 
 968 978 3 3 
 955 978 3 3 
 981 977 3 3 
 961 977 3 3 
 965 976 3 3 
 973 975 3 3 
 960 975 3 3 
 980 974 3 3 
 976 974 3 3 
 970 974 3 3 
 955 974 4 4 
 966 973 3 3 
 959 973 4 3 
 967 972 3 3 
 961 972 3 3 
 955 972 3 3 
 978 971 3 3 
 972 971 3 3 
 968 971 3 3 
 966 971 3 3 
 962 971 3 3 
 957 971 4 3 
 982 969 3 3 
 971 969 3 3 
 960 969 3 3 
 957 969 3 3 
 954 969 3 3 
 980 968 3 3 
 974 968 3 3 
 963 968 3 4 
 982 967 3 3 
 967 967 3 3 
 961 967 3 3 
 978 966 3 3 
 956 966 3 3 
 981 964 3 3 
 978 964 3 3 
 982 963 3 3 
 973 963 3 3 
 964 963 3 5 
 962 963 3 3 
 960 963 3 3 
 957 963 3 3 
 971 961 4 3 
 968 961 3 4 
 961 961 3 3 
 958 961 3 3 
 975 960 3 3 
 967 960 3 3 
 963 959 3 4 
 961 959 3 3 
 983 958 3 3 
 979 958 3 3 
 977 958 3 3 
 967 958 3 3 
 985 957 3 3 
 984 956 3 3 
 979 956 3 3 
 969 956 3 4 
 974 955 3 3 
 962 955 5 5 
 980 954 3 3 
 976 954 4 5 
 972 953 3 3 
 968 953 3 3 
 965 953 5 5 
 979 952 3 3 
 976 952 3 3 
 974 951 3 3 
 969 950 3 3 
 979 924 2 2 
 990 923 1 2 
 980 921 4 3 
 972 914 2 1 
 986 919 4 4 
 984 919 3 3 
 987 918 4 4 
 985 917 3 3 
 990 916 3 3 
 1001 914 3 3 
 998 914 4 4 
 984 914 3 3 
 981 914 3 4 
 975 914 3 3 
 1000 913 3 3 
 994 913 3 3 
 991 913 3 3 
 977 913 3 3 
 1003 912 3 3 
 987 912 4 5 
 982 912 3 3 
 1001 911 3 3 
 985 911 4 3 
 979 911 5 4 
 999 1010 13 16 
 1169 1076 11 4 
 1010 1016 3 3 
 1008 1011 12 15 
 1007 1012 14 14 
 1007 1013 15 13 
 1009 1014 15 13 
 1009 1015 17 12 
 1010 1016 17 11 
 1016 1017 13 10 
 1014 1018 15 9 
 1014 1019 15 8 
 1017 1021 14 7 
 1069 1028 3 3 
 1069 1025 3 3 
 1068 1024 3 3 
 1072 1014 3 3 
 1070 1009 3 3 
 1076 998 3 3 
 1026 1023 3 3 
 1017 1022 15 7 
 1024 1029 4 4 
 1012 1035 1 2 
 1018 1028 2 1 
 1019 1023 10 9 
 1024 1027 3 4 
 1032 1054 2 1 
 1056 1073 2 4 
 1046 1065 1 2 
 1038 1058 1 2 
 1036 1055 2 2 
 1056 1072 2 5 
 1037 1056 3 5 
 1056 1072 2 5 
 1045 1064 3 3 
 1051 1061 2 2 
 1037 1057 3 4 
 1056 1073 3 3 
 1045 1064 1 2 
 989 1058 3 2 
 1056 1072 3 4 
 1056 1070 2 1 
 1042 1079 2 1 
 788 1077 2 3 
 788 1077 2 3 
 926 1035 2 3 
 1023 1026 1 2 
 864 1033 2 2 
 859 1013 2 2 
 864 1033 2 2 
 864 1033 2 2 
 864 1033 2 2 
 99 37 6 6 
 844 1036 2 1 
 880 580 2 3 
 827 1057 2 2 
 523 35 3 2 
 804 1070 3 4 
 888 579 4 6 
 523 35 3 2 
 804 1070 3 4 
 888 579 4 6 
 523 35 3 2 
 804 1070 3 4 
 879 579 3 3 
 523 35 3 2 
 865 575 4 5 
 883 589 2 6 
 865 575 4 4 
 865 575 5 8 
 869 576 1 2 
 1514 1031 2 2 
 867 575 3 5 
 1514 1031 2 2 
