 965 1025 1 2 
 1017 1051 4 3 
 1015 1038 2 2 
 1003 1039 2 3 
 993 1030 2 1 
 1015 1038 2 2 
 1003 1040 2 2 
 993 1030 2 1 
 1015 1039 2 1 
 1018 1044 2 2 
 997 1022 3 2 
 993 1030 2 1 
 1019 1051 2 2 
 1026 1066 2 4 
 1019 1051 2 1 
 997 1021 3 3 
 992 1030 2 2 
 1038 1067 2 2 
 1026 1067 2 2 
 1019 1051 2 1 
 997 1021 3 3 
 992 1030 2 2 
 1038 1068 2 1 
 996 1021 3 4 
 992 1030 2 2 
 1003 1039 4 3 
 1016 1041 3 3 
 1019 1050 2 2 
 1011 1069 7 5 
 1012 1069 4 4 
 1037 1074 2 3 
 1011 1071 2 1 
 991 1071 4 4 
 1036 1074 3 3 
 990 1072 3 3 
 1036 1074 3 3 
 991 1018 6 8 
 991 1018 6 8 
 993 1019 3 3 
 991 1017 6 9 
 991 1017 6 9 
 993 1019 3 3 
 993 1019 3 3 
 993 1019 3 3 
 993 1019 3 2 
 990 1021 2 2 
 991 1018 2 2 
 990 1018 4 7 
 989 1017 5 8 
 991 1020 3 4 
 991 1020 3 4 
 990 1018 4 3 
 1109 1078 3 2 
 1109 1078 3 2 
 1109 1078 3 2 
 984 1017 5 10 
 983 1017 6 10 
 983 1017 5 10 
 983 1017 5 10 
 983 1017 5 10 
 983 1017 5 10 
 982 1017 6 10 
 984 1022 3 3 
 982 1017 5 10 
 982 1017 3 9 
 1129 1076 2 2 
 980 1017 4 9 
 980 1017 4 10 
 982 1018 4 5 
 982 1019 3 4 
 978 1017 8 10 
 977 1017 8 10 
 976 1016 8 11 
 976 1016 8 11 
 829 1017 1 2 
 829 1017 1 2 
 829 1017 1 3 
 829 1017 1 3 
 829 1017 1 2 
 837 1012 3 3 
 837 1011 4 5 
 837 1011 4 5 
 838 1013 3 2 
 973 1018 6 9 
 973 1018 4 9 
 974 1019 3 7 
 976 1018 2 2 
 976 1018 2 2 
 946 1023 3 3 
 532 48 1 3 
 1029 1074 1 2 
 532 48 1 3 
 987 1074 1 2 
 532 48 1 3 
 1014 1075 4 4 
 532 48 1 3 
 1023 1072 10 5 
 1014 1076 5 4 
 532 48 1 3 
 532 48 1 3 
 1016 1076 3 3 
 532 48 1 3 
 1016 1076 2 1 
 532 48 1 3 
 1023 1071 10 5 
 1023 1071 12 6 
 835 1006 10 9 
