 0 569 2 3 
 62 642 2 2 
 63 663 2 2 
 57 671 1 2 
 71 683 1 2 
 75 687 2 2 
 47 634 2 1 
 49 636 2 2 
 73 696 2 1 
 67 698 4 4 
 49 636 3 2 
 73 696 2 1 
 67 699 4 3 
 51 636 2 2 
 33 697 3 2 
 67 700 3 3 
 67 699 4 5 
 71 703 12 9 
 75 704 8 5 
 64 716 2 2 
 64 801 4 10 
 78 705 3 3 
 61 792 2 2 
 70 791 3 3 
 58 791 1 2 
 33 785 2 2 
 46 782 2 2 
 46 778 2 3 
 71 709 4 4 
 73 770 2 2 
 39 770 1 2 
 44 768 1 2 
 84 711 1 2 
 65 712 2 1 
 81 763 3 5 
 75 762 2 3 
 68 715 2 3 
 54 727 3 3 
 74 758 3 3 
 77 727 1 2 
 64 756 5 3 
 78 729 6 7 
 63 746 1 2 
 71 805 3 6 
 58 804 2 3 
 52 802 2 3 
 63 801 4 12 
 63 802 3 3 
 70 791 3 3 
 71 786 1 2 
 45 778 3 5 
 72 770 3 3 
 43 768 2 4 
 81 763 3 6 
 74 758 3 7 
 64 756 6 4 
 66 756 3 3 
 60 752 2 1 
 63 747 1 2 
 78 733 3 5 
 82 729 3 3 
 55 728 2 2 
 76 727 2 2 
 67 715 4 5 
 71 711 4 2 
 76 708 3 2 
 71 805 3 6 
 52 802 2 3 
 63 801 4 12 
 63 806 3 3 
 63 802 3 3 
 62 796 2 2 
 57 793 2 3 
 70 792 2 4 
 41 787 2 2 
 71 780 1 2 
 45 779 2 4 
 72 770 3 3 
 41 770 4 2 
 81 763 3 6 
 81 759 2 3 
 73 759 4 8 
 64 756 7 5 
 66 756 3 3 
 60 754 2 1 
 79 735 2 3 
 77 733 2 3 
 79 730 1 2 
 82 729 3 3 
 55 728 2 2 
 76 727 2 4 
 60 724 2 1 
 65 712 6 8 
 68 717 3 3 
 72 711 3 2 
 71 805 3 6 
 62 801 5 13 
 55 797 2 2 
 61 793 2 2 
 57 793 3 3 
 70 792 2 5 
 41 785 2 5 
 45 781 2 2 
 72 771 3 2 
 41 770 4 3 
 81 766 3 4 
 74 761 3 6 
 81 759 2 6 
 73 759 2 1 
 63 756 8 5 
 62 748 2 2 
 75 745 2 1 
 54 744 2 2 
 79 736 2 2 
 77 733 2 3 
 82 729 2 3 
 76 727 2 4 
 67 715 4 5 
 68 717 3 3 
 71 806 2 6 
 62 801 5 13 
 72 798 2 1 
 55 797 2 2 
 70 793 2 4 
 61 793 1 2 
 57 793 3 3 
 41 786 2 4 
 45 781 2 2 
 72 771 3 2 
 41 770 4 3 
 81 766 3 4 
 75 764 2 3 
 74 761 2 3 
 81 758 3 7 
 63 756 8 6 
 60 753 1 2 
 62 748 2 2 
 75 745 2 1 
 77 733 2 3 
 77 729 1 2 
 67 716 3 3 
 71 810 2 2 
 62 803 4 10 
 62 801 3 1 
 72 798 2 1 
 70 793 2 4 
 61 793 1 2 
 57 793 2 3 
 41 785 2 5 
 45 781 2 2 
 72 771 2 2 
 41 769 8 4 
 81 768 3 2 
 75 765 2 2 
 74 762 1 2 
 81 760 2 3 
 82 758 2 1 
 63 758 8 4 
 60 752 3 3 
 60 752 3 3 
 62 748 2 2 
 75 745 2 1 
 77 733 2 3 
 77 729 1 2 
 68 718 3 3 
 64 811 2 2 
 63 807 2 2 
 62 803 2 2 
 62 801 3 1 
 72 798 2 1 
 70 794 2 3 
 61 793 1 2 
 57 793 1 3 
 41 785 2 5 
 41 771 2 2 
 45 769 5 3 
 75 766 2 1 
 81 760 3 3 
 68 760 2 2 
 82 758 2 1 
 63 758 2 3 
 61 752 2 3 
 62 748 2 2 
 75 745 2 1 
 62 803 1 2 
 62 801 3 1 
 72 798 2 1 
 70 794 1 2 
 57 794 1 2 
 41 787 2 3 
 42 772 2 2 
 45 769 5 3 
 68 760 2 2 
 64 759 2 2 
 82 758 2 1 
 61 752 2 3 
 63 748 1 3 
 72 811 1 2 
 42 788 2 2 
 41 785 2 2 
 20 781 2 1 
 42 773 2 1 
 45 769 5 3 
 64 759 2 2 
 61 752 2 3 
 63 749 1 2 
 59 793 1 2 
 34 792 3 2 
 42 786 2 4 
 59 793 1 2 
 34 792 3 2 
 70 806 1 3 
 28 248 2 2 
 483 853 3 2 
 69 464 2 2 
 9 265 1 2 
 70 806 2 3 
 17 272 2 2 
 46 637 6 4 
 58 261 1 2 
 31 488 1 2 
 53 219 1 2 
 6 424 2 2 
 50 218 4 2 
 5 424 2 2 
 52 218 2 2 
 496 855 2 2 
 5 424 2 2 
 52 218 1 2 
 480 773 2 3 
 5 424 2 2 
 52 218 1 2 
 19 420 2 2 
 52 218 2 2 
 19 420 2 2 
 56 259 5 2 
 82 766 1 2 
 29 462 3 1 
 54 219 2 1 
 431 886 2 1 
 19 420 2 2 
 659 70 3 3 
 517 862 2 2 
 61 300 2 2 
 659 70 3 3 
 70 285 2 2 
 517 862 2 2 
 659 70 3 3 
 20 347 2 1 
 461 779 1 2 
 55 562 2 1 
 659 70 3 3 
 62 300 1 2 
 483 774 2 2 
 659 70 3 3 
 25 337 1 2 
 63 647 2 1 
 659 70 3 3 
 36 324 2 2 
 461 779 3 3 
 659 70 3 3 
 47 437 2 1 
 461 779 3 3 
 659 70 3 3 
 453 806 1 2 
 659 70 3 3 
 50 638 1 2 
 55 742 2 2 
 485 774 2 4 
 68 756 1 2 
 55 741 2 2 
 475 769 2 4 
 476 770 2 5 
 476 770 3 5 
 336 971 5 3 
 476 770 3 5 
 334 977 5 3 
 476 770 3 5 
 334 977 6 3 
 476 770 3 5 
 476 770 3 5 
 334 976 6 4 
 476 769 3 6 
 334 976 6 4 
 16 291 2 2 
 477 769 2 1 
 334 976 6 4 
 16 291 2 2 
 341 1024 1 2 
 470 764 1 2 
 52 414 2 2 
 374 1054 6 8 
 474 763 4 4 
 12 355 1 2 
 375 1058 2 2 
 62 652 1 2 
 430 854 5 2 
 12 355 1 2 
 375 1058 2 2 
 62 652 1 2 
 431 854 5 2 
