 53 730 2 2 
 86 671 2 2 
 52 730 3 2 
 41 740 2 4 
 52 730 3 2 
 41 740 2 4 
 42 745 1 2 
 43 746 4 6 
 85 671 2 2 
 52 730 3 2 
 41 740 5 10 
 39 751 15 14 
 52 730 2 2 
 41 740 5 8 
 33 752 2 3 
 52 730 2 2 
 41 741 5 7 
 62 751 2 2 
 33 752 2 1 
 43 753 4 5 
 85 671 2 2 
 62 751 2 2 
 33 752 2 3 
 43 753 3 3 
 39 757 8 8 
 86 671 2 2 
 39 731 3 3 
 44 750 1 2 
 62 751 2 2 
 33 752 2 3 
 40 757 7 7 
 35 758 3 3 
 39 731 4 7 
 42 747 1 2 
 37 748 3 2 
 43 750 2 4 
 32 752 4 2 
 81 754 1 3 
 35 756 4 5 
 40 758 4 6 
 39 760 2 1 
 39 732 4 6 
 37 748 3 4 
 32 752 4 3 
 36 756 8 8 
 52 766 3 3 
 29 767 2 3 
 86 671 2 2 
 81 694 1 2 
 39 732 3 5 
 37 748 4 7 
 32 751 4 3 
 37 756 7 8 
 81 761 2 2 
 27 765 4 5 
 57 779 1 2 
 85 671 2 2 
 81 694 1 2 
 39 733 2 4 
 37 747 3 3 
 37 746 5 15 
 32 752 2 2 
 47 762 1 2 
 27 764 4 6 
 58 777 2 1 
 56 782 1 2 
 40 786 7 4 
 81 694 1 2 
 39 734 2 2 
 37 745 5 11 
 32 752 2 4 
 40 756 3 3 
 47 762 1 2 
 27 764 4 6 
 83 764 1 2 
 58 776 1 2 
 44 785 3 3 
 43 785 4 3 
 40 787 3 2 
 81 694 1 2 
 39 734 2 2 
 38 749 3 3 
 37 746 5 11 
 32 753 2 3 
 46 762 2 2 
 27 764 4 6 
 83 764 1 2 
 58 776 1 2 
 43 784 4 3 
 48 793 1 2 
 39 734 2 3 
 37 746 5 10 
 60 753 3 3 
 47 762 1 2 
 27 765 4 5 
 58 776 1 2 
 43 782 4 4 
 7 806 3 4 
 17 814 3 4 
 26 905 4 3 
 62 823 2 2 
 61 901 3 2 
 48 896 4 5 
 62 898 2 2 
 27 905 2 3 
 67 892 2 2 
 60 898 2 3 
 49 898 3 5 
 76 958 2 3 
 73 957 2 3 
 27 905 2 1 
 49 901 2 2 
 51 898 2 3 
 48 897 1 2 
 76 958 2 3 
 73 957 2 3 
 63 928 2 2 
 49 901 1 2 
 61 900 2 2 
 51 899 2 2 
 7 261 5 7 
 76 958 3 6 
 50 704 3 3 
 7 264 3 3 
 73 958 2 3 
 8 263 2 2 
 50 704 3 3 
 5 341 2 2 
 50 704 3 3 
 35 382 2 2 
 65 657 1 2 
 35 587 2 1 
 68 788 3 3 
 74 646 2 1 
 74 646 2 1 
 569 1027 2 2 
 33 502 3 2 
 66 708 1 3 
 565 1027 3 4 
 34 502 2 1 
 569 1028 1 3 
 66 708 1 3 
 4 269 2 4 
 691 1042 1 2 
 32 516 3 2 
 62 767 2 3 
 32 516 3 2 
 565 1026 6 6 
 71 763 1 2 
 32 516 3 2 
 565 1029 7 3 
 76 752 2 2 
 32 516 2 2 
 76 750 1 2 
 38 651 4 3 
 69 854 1 2 
 1 420 2 2 
 83 690 2 1 
 565 1027 7 7 
 2 309 3 2 
 61 679 1 2 
 2 309 3 2 
 1518 1018 2 2 
 58 705 3 2 
 2 309 3 2 
 566 1030 6 4 
 57 703 4 4 
 29 318 1 2 
 565 1031 7 3 
 56 703 3 4 
