 749 893 8 4 
 587 1040 2 6 
 577 1033 1 2 
 764 890 3 3 
 762 890 10 3 
 773 890 1 2 
 767 891 10 4 
 750 891 3 1 
 767 892 12 4 
 751 893 2 2 
 763 893 5 3 
 770 894 3 3 
 769 893 8 4 
 754 894 2 2 
 795 894 2 2 
 786 896 3 4 
 750 894 3 2 
 757 894 19 5 
 794 894 5 2 
 785 897 3 3 
 742 899 3 2 
 794 894 5 3 
 744 896 3 2 
 762 896 3 3 
 756 896 12 4 
 782 897 2 2 
 773 898 2 3 
 785 898 2 4 
 742 902 4 3 
 794 894 5 3 
 778 905 7 3 
 756 897 11 4 
 781 898 3 1 
 785 899 2 1 
 795 895 4 3 
 782 898 2 1 
 750 910 2 2 
 756 899 7 4 
 764 900 5 4 
 745 901 3 3 
 745 915 7 4 
 750 918 3 3 
 756 917 3 3 
 754 916 3 3 
 782 900 2 2 
 762 917 2 1 
 784 907 2 1 
 784 907 3 2 
 784 908 2 2 
 763 914 4 3 
 763 914 4 4 
 754 916 9 6 
 756 919 3 3 
 778 904 2 2 
 786 898 2 1 
 750 922 3 3 
 791 906 2 2 
 751 923 9 6 
 798 899 2 2 
 800 898 2 2 
 794 900 2 2 
 779 905 2 2 
 771 913 2 1 
 779 905 2 2 
 769 917 3 3 
 784 908 2 2 
 780 904 1 2 
 783 907 3 3 
 781 903 2 3 
 780 903 4 6 
 782 905 2 1 
 764 910 2 2 
 786 904 1 2 
 779 908 2 1 
 766 910 2 1 
 764 911 1 2 
 765 914 3 4 
 807 908 3 3 
 787 1011 2 1 
 786 1010 3 2 
 786 1010 3 2 
 786 1010 3 2 
 755 915 3 2 
 755 915 3 2 
 784 925 3 3 
 780 924 9 8 
 780 923 9 9 
 780 923 8 9 
 781 934 2 3 
 806 908 4 3 
 789 936 1 2 
 797 899 4 3 
 797 900 3 2 
 797 900 3 2 
 800 896 4 3 
 800 896 5 3 
 800 896 7 4 
 800 896 8 5 
 1238 182 2 1 
 800 896 8 5 
 1238 182 2 1 
 800 899 3 3 
 1238 182 2 1 
 800 899 3 3 
 782 930 1 3 
 784 929 2 2 
 804 896 4 2 
 785 928 3 1 
