 1203 975 6 6 
 1204 976 4 3 
 1204 948 45 58 
 1204 941 4 2 
 1198 941 3 2 
 1186 905 3 2 
 1194 892 3 2 
 1186 889 53 57 
 1196 928 3 3 
 1195 926 3 3 
 1199 924 3 3 
 1195 923 3 3 
 1193 922 3 3 
 1194 921 3 3 
 1197 920 3 3 
 1191 920 4 3 
 1193 919 3 3 
 1187 919 5 3 
 1197 916 3 3 
 1193 916 3 3 
 1188 916 3 4 
 1186 914 3 3 
 1194 912 3 3 
 1188 911 3 3 
 1196 909 3 3 
 1197 908 3 3 
 1194 906 3 3 
 1193 904 3 4 
 1205 896 3 3 
 1199 894 3 3 
 1207 891 3 3 
 1198 889 2 2 
 1194 889 3 2 
 1201 887 1 3 
 1181 871 10 14 
 1187 878 3 3 
 1188 875 3 3 
 1184 875 4 3 
 1182 874 4 3 
 1185 871 3 3 
 1187 866 2 1 
 1199 882 3 3 
 1197 880 3 3 
 1200 879 3 3 
 1200 864 3 3 
 1198 863 3 3 
 1152 962 2 3 
 1155 963 1 2 
 1156 966 3 7 
 1148 1014 4 3 
 1146 1014 1 2 
 1143 1004 15 9 
 1143 1009 3 3 
 1146 1005 3 3 
 1153 976 5 4 
 1147 992 5 6 
 1147 995 3 3 
 1148 994 3 3 
 1156 977 3 3 
 1155 978 3 3 
 1155 979 5 5 
 1155 982 3 3 
 1157 983 3 3 
 1153 974 9 15 
 1182 1076 8 4 
 870 971 15 6 
 1137 1049 3 3 
 1065 1071 2 1 
 1151 1066 2 2 
 1147 1054 3 2 
 1098 1059 2 2 
 1111 1048 4 7 
 1083 1061 3 4 
 1062 1066 3 2 
 1135 1049 5 6 
 975 1022 4 3 
 1111 1048 2 3 
 1134 1049 5 7 
 1144 1051 5 5 
 976 1023 3 2 
 1110 1049 3 2 
 1135 1052 3 3 
 1135 1050 4 6 
 1113 1051 3 2 
 1144 1051 5 5 
 977 1023 2 2 
 1017 1024 4 3 
 1109 1049 4 2 
 1135 1049 4 7 
 1113 1051 1 2 
 1144 1051 5 5 
 1109 1052 2 1 
 1094 1059 3 3 
 1081 1061 5 3 
 1116 1060 2 2 
 1092 1056 5 6 
 1109 1052 2 1 
 1144 1051 5 4 
 1113 1051 1 2 
 1134 1049 5 7 
 1135 1049 3 3 
 1109 1049 4 2 
 1018 1025 3 2 
 1109 1049 4 2 
 1113 1051 1 2 
 1109 1052 2 1 
 1091 1054 6 10 
 1081 1061 3 3 
 1081 1060 5 4 
 1068 1066 2 1 
 1055 1066 7 7 
 1116 1060 3 3 
 1116 1060 3 3 
 1069 1068 2 2 
 1054 1067 8 6 
 1068 1066 2 1 
 1051 1077 2 2 
 1061 1069 2 1 
 1055 1069 5 3 
 1056 1079 2 1 
 1147 1062 2 3 
 1149 1076 3 4 
 1016 1024 2 1 
 1013 1024 2 2 
 1013 1024 2 2 
 1150 1077 2 3 
 1013 1032 2 1 
 1005 1022 3 3 
 1004 1017 6 9 
 1000 1017 3 3 
 997 1022 3 3 
 1044 1069 2 1 
 522 36 2 2 
 1034 1070 2 2 
 522 36 2 2 
 997 1022 3 3 
 522 36 2 2 
 998 1021 4 3 
 522 36 2 2 
 1038 1067 2 2 
 522 36 2 2 
 996 1016 7 10 
 522 36 2 2 
 1034 1075 2 1 
 524 37 3 4 
 998 1016 5 7 
 524 37 3 4 
 998 1016 5 7 
 999 1016 4 7 
 995 1017 8 8 
 820 966 3 5 
 821 966 5 5 
 827 966 5 6 
 829 966 7 7 
 830 966 3 3 
 833 967 6 6 
 840 967 4 3 
 841 968 3 4 
 528 42 2 1 
 1036 1076 4 3 
 528 42 2 1 
 1045 1073 7 7 
 528 42 2 1 
 1045 1073 7 7 
 528 42 2 1 
 1046 1073 7 7 
 528 42 2 1 
 1048 1074 3 2 
 528 42 2 1 
 1121 1054 1 2 
 1044 1076 2 1 
 1146 1053 1 2 
 1146 1053 1 2 
 1146 1053 1 2 
 1030 1063 3 3 
 1030 1063 2 2 
 1042 1075 1 2 
 1158 1056 3 3 
 1149 1058 2 1 
 1163 1060 2 2 
