 279 254 17 19 
 285 255 17 15 
 284 259 17 17 
 274 268 22 18 
 259 278 23 22 
 250 293 18 21 
 241 307 18 24 
 238 326 11 19 
 239 338 13 17 
 244 344 16 19 
 262 354 24 13 
 329 267 18 8 
 316 268 19 10 
 305 272 17 9 
 292 275 18 10 
 281 278 16 8 
 269 282 16 10 
 257 288 15 12 
 248 295 15 15 
 241 307 13 17 
 235 322 9 19 
 229 340 9 24 
 224 362 10 25 
 223 385 6 28 
 225 411 14 27 
 524 34 3 2 
 235 437 20 25 
 528 55 3 3 
 255 461 20 24 
 528 55 3 3 
 274 483 24 23 
 524 34 3 2 
 297 502 29 17 
 524 35 2 1 
 325 514 31 14 
 524 35 2 1 
 352 522 32 15 
 524 35 2 1 
 382 533 31 9 
 524 35 2 1 
 408 536 31 9 
