 79 621 1 3 
 63 634 3 2 
 82 613 2 2 
 44 611 2 3 
 63 638 2 3 
 76 727 2 2 
 44 611 2 3 
 63 638 2 3 
 83 718 2 2 
 75 741 2 2 
 72 724 2 2 
 76 728 2 1 
 63 638 2 3 
 70 638 2 4 
 75 692 3 4 
 72 724 2 2 
 83 725 2 2 
 75 727 2 2 
 77 744 2 4 
 59 738 2 2 
 75 692 3 3 
 82 725 3 2 
 75 726 2 3 
 69 734 2 2 
 68 746 2 4 
 59 739 2 2 
 77 747 2 2 
 65 752 2 1 
 67 750 2 1 
 64 748 2 2 
 65 752 2 1 
 22 231 3 2 
 1453 930 2 2 
 69 437 3 3 
 23 231 2 2 
 1542 910 2 3 
 51 451 2 1 
 23 231 2 2 
 61 436 2 2 
 1454 930 1 2 
 52 381 6 3 
 1517 873 3 1 
 58 380 2 2 
 331 982 2 2 
 61 285 2 1 
 331 982 2 2 
 48 281 2 2 
 331 982 2 2 
 66 194 2 2 
 1547 992 2 2 
 36 420 2 1 
 66 194 2 2 
 331 982 2 2 
 39 396 3 3 
 331 982 2 2 
 53 242 1 2 
 331 982 2 2 
 40 701 2 2 
 42 221 2 1 
 1556 977 2 1 
 649 66 1 2 
 1554 997 3 1 
 30 272 2 2 
 665 71 2 1 
 1554 997 3 1 
 61 283 2 2 
 665 71 2 1 
 1535 1028 4 4 
 665 71 2 1 
 1546 1022 2 3 
 665 71 2 1 
 1616 1042 3 4 
 665 71 2 1 
 1546 1022 3 4 
 665 71 2 1 
 1547 1022 2 4 
 665 71 2 1 
 1616 1043 3 3 
 1616 1043 3 3 
 1540 1016 3 2 
 1476 984 3 2 
 1508 988 2 2 
 75 607 2 3 
 1509 988 1 2 
 75 607 2 2 
 1509 988 1 2 
 79 605 2 1 
 1509 988 1 2 
 655 74 1 2 
 74 607 2 1 
 655 74 1 2 
 73 606 3 2 
 655 74 1 2 
 73 606 3 2 
 655 74 1 2 
 73 607 3 3 
 1496 971 1 3 
 655 74 1 2 
 73 607 3 3 
 655 74 1 2 
 73 607 3 3 
 655 74 1 2 
 73 607 3 3 
 655 74 1 2 
 73 607 3 3 
 73 605 3 4 
 73 606 2 2 
 81 606 4 5 
 74 605 2 2 
 74 605 3 4 
 73 605 4 3 
 25 886 2 3 
 73 605 4 3 
 73 605 4 3 
 73 605 4 3 
 73 605 4 3 
 53 599 1 2 
 93 976 4 2 
