 864 874 2 2 
 886 887 3 3 
 858 873 3 2 
 885 894 9 6 
 863 874 3 3 
 863 875 2 1 
 869 875 1 3 
 885 895 10 7 
 887 888 5 4 
 889 889 2 3 
 887 893 5 5 
 888 894 3 3 
 888 894 4 4 
 886 901 7 6 
 888 895 3 5 
 886 904 3 3 
 886 902 7 6 
 886 903 7 5 
 886 904 3 3 
 886 904 3 3 
 887 898 3 3 
 887 896 4 5 
 887 896 4 6 
 887 896 4 6 
 655 81 2 2 
 886 904 7 5 
 655 81 2 2 
 886 905 7 5 
 655 81 2 2 
 888 901 2 1 
 655 81 2 2 
 890 897 1 2 
 890 897 1 2 
 885 906 8 5 
 885 907 7 4 
 855 880 3 3 
 851 879 11 10 
 851 879 11 10 
 851 880 11 11 
 850 881 12 11 
 857 882 3 3 
 857 882 3 3 
 858 888 3 3 
 857 888 4 3 
 851 890 3 3 
 849 888 12 9 
 855 890 3 3 
 855 890 3 3 
 885 911 4 4 
 856 893 3 3 
 853 893 6 3 
 885 912 5 3 
 855 894 1 2 
 630 62 5 3 
 629 62 6 5 
 629 62 6 5 
 630 62 5 4 
 630 62 5 4 
 630 62 5 4 
 627 88 6 5 
 631 62 4 4 
 653 63 2 2 
 653 63 2 2 
 653 63 2 2 
 653 63 2 2 
 653 63 2 2 
 653 63 2 2 
 653 63 2 2 
 653 63 2 2 
 662 79 2 2 
 662 79 2 2 
 662 79 2 2 
 662 79 2 2 
 662 79 2 2 
 662 79 2 2 
