 51 319 2 2 
 641 77 3 3 
 39 406 2 1 
 50 398 2 1 
 39 406 2 1 
 34 413 2 2 
 49 398 2 1 
 56 398 1 2 
 39 406 2 1 
 34 413 2 2 
 1 425 3 2 
 49 398 2 1 
 56 398 1 2 
 39 406 2 1 
 34 413 2 2 
 2 425 2 2 
 28 439 2 2 
 27 461 2 2 
 50 512 1 2 
 48 504 1 2 
 45 504 2 2 
 50 512 1 2 
 49 398 2 1 
 13 390 1 2 
 13 390 1 2 
 654 62 4 2 
 16 458 1 2 
 861 720 3 3 
 655 62 3 2 
 13 390 1 2 
 860 721 2 3 
 655 62 3 2 
 13 390 1 2 
 654 62 4 2 
 30 440 1 2 
 859 725 2 4 
 654 62 4 2 
 30 440 1 2 
 858 727 4 4 
 654 62 4 2 
 858 729 4 4 
 654 62 4 2 
 858 732 4 3 
 654 62 4 2 
 858 733 5 4 
 859 735 4 3 
 860 736 4 4 
 862 738 4 3 
 865 738 4 4 
 33 493 2 4 
 108 986 2 4 
 865 739 4 5 
 864 740 4 4 
 86 972 1 2 
 865 742 2 2 
 659 70 2 3 
 862 743 4 6 
 666 70 2 2 
 862 746 3 4 
 666 70 2 2 
 860 749 3 4 
 666 70 2 2 
 859 750 3 5 
 666 70 2 2 
 859 752 3 5 
 666 70 2 2 
 666 70 2 2 
 666 70 2 2 
 95 975 2 2 
 858 774 3 3 
 859 775 4 3 
 860 775 3 4 
