 473 884 7 5 
 478 886 9 6 
 485 889 7 8 
 491 896 7 8 
 496 903 7 8 
 501 910 7 9 
 506 918 6 8 
 509 923 7 9 
 513 930 7 9 
 516 938 6 7 
 519 944 5 9 
 521 952 5 8 
 523 958 5 8 
 524 964 5 7 
 526 969 4 6 
 525 973 5 6 
 526 976 5 7 
 525 978 5 7 
 523 981 6 8 
 526 981 3 3 
 519 988 5 5 
 508 1004 3 3 
 497 1016 5 6 
 495 1023 1 2 
 491 1025 5 5 
 490 1027 5 5 
 489 1029 5 5 
 486 1031 5 6 
 483 1037 5 6 
 482 1044 3 5 
 479 1048 5 6 
 527 52 2 5 
 527 52 2 5 
 527 52 2 5 
 527 52 2 5 
 527 52 2 5 
 524 61 2 1 
 524 61 2 1 
 524 61 2 1 
 1677 706 36 13 
 1710 707 35 13 
 1743 710 33 13 
 1775 717 27 13 
 1809 729 19 8 
 1835 737 2 2 
