 797 883 15 7 
 796 884 18 8 
 796 885 18 8 
 818 885 1 2 
 796 886 15 7 
 818 886 2 2 
 797 887 13 6 
 798 888 11 5 
 796 897 3 2 
 818 990 2 1 
 799 889 10 4 
 790 898 5 3 
 785 906 5 4 
 806 890 1 2 
 798 891 3 3 
 798 890 3 4 
 798 889 6 5 
 825 914 4 4 
 824 906 3 1 
 825 912 6 6 
 827 915 3 3 
 820 905 7 5 
 797 892 3 3 
 792 898 2 2 
 797 888 8 7 
 800 919 8 4 
 825 912 6 6 
 827 915 3 3 
 819 905 8 6 
 787 905 2 2 
 797 888 9 7 
 801 934 2 2 
 804 1000 5 5 
 781 995 7 6 
 784 997 3 3 
 809 990 9 12 
 817 984 4 5 
 788 941 2 1 
 788 1002 1 2 
 781 994 8 7 
 803 990 15 15 
 817 984 4 4 
 787 952 3 2 
 797 1006 3 3 
 799 1005 3 2 
 790 1004 3 3 
 781 995 11 9 
 803 990 15 16 
 805 1001 3 3 
 811 994 3 3 
 816 984 5 4 
 782 990 36 19 
 798 1006 3 3 
 797 1005 3 3 
 789 999 3 4 
 797 1005 3 3 
 803 1003 3 3 
 790 994 3 3 
 788 992 3 3 
 797 1005 3 3 
 802 1003 4 3 
 797 1005 3 3 
 796 1004 3 3 
 791 986 19 6 
 519 158 3 2 
 519 158 2 2 
 794 987 14 5 
 795 987 13 4 
 795 987 11 4 
 519 158 2 2 
 798 988 3 1 
 1506 339 2 1 
 813 895 4 2 
 1509 331 2 1 
 823 906 4 4 
 513 160 2 3 
 823 906 4 4 
 513 161 2 2 
 823 906 4 5 
 513 161 2 2 
 810 947 3 2 
 1132 502 2 3 
 1510 333 3 3 
 810 947 3 2 
 1510 333 3 3 
 824 899 2 3 
 1510 333 3 3 
 824 899 2 3 
 1510 333 3 3 
 824 899 2 3 
 1510 333 3 3 
 824 899 2 3 
 514 164 2 4 
 824 899 2 3 
 1511 336 1 2 
 824 899 2 3 
 1510 331 1 2 
 824 899 2 3 
 824 900 2 2 
 533 9 3 2 
 1510 338 1 2 
 824 913 1 2 
 512 165 3 2 
 533 10 2 1 
 814 911 1 2 
 533 10 2 1 
 824 913 1 2 
 509 168 2 2 
 509 168 2 2 
 820 914 2 2 
 509 168 2 2 
 824 913 1 2 
 509 172 2 2 
 824 913 1 2 
 1504 335 2 3 
 1502 337 3 2 
 1502 338 2 1 
 1502 338 2 1 
 553 1049 2 2 
 1502 338 2 1 
 553 1049 2 2 
 1503 337 2 2 
 553 1049 2 2 
 553 1049 2 2 
 505 176 2 1 
 553 1049 2 2 
 505 176 2 1 
 553 1049 2 2 
 505 176 2 1 
 553 1049 2 2 
 505 176 2 1 
 553 1049 2 2 
 1824 894 2 2 
 1506 341 1 2 
 1824 894 2 3 
 1824 894 2 3 
 1823 894 3 3 
 1517 351 2 1 
 1510 335 3 3 
 1510 335 3 5 
 1511 328 2 3 
 1511 328 2 6 
 1517 350 4 3 
 1511 328 2 6 
 1511 329 2 5 
 585 1042 1 2 
 585 1042 1 2 
 1511 329 2 3 
 585 1042 1 2 
 1511 329 2 3 
