 51 609 3 3 
 30 637 2 2 
 45 733 1 2 
 61 786 2 1 
 42 726 1 2 
 44 731 2 2 
 60 796 1 2 
 28 883 2 3 
 28 884 2 2 
 27 885 3 4 
 41 898 3 3 
 42 945 2 1 
 41 899 2 2 
 36 630 3 3 
 1611 1039 2 2 
 36 630 3 3 
 1611 1039 2 2 
 36 630 3 3 
 36 630 3 3 
 1611 1039 2 2 
 36 630 3 3 
 70 849 1 2 
 36 630 3 3 
 36 630 3 2 
 70 849 1 2 
 37 631 2 2 
 69 849 2 2 
 37 631 2 2 
 70 849 1 2 
 59 607 1 2 
 59 607 1 2 
 59 607 1 2 
 27 888 3 3 
 30 637 3 4 
 69 848 1 3 
 48 745 2 2 
 82 733 2 2 
 86 701 2 2 
 1539 910 2 3 
 57 609 2 3 
 1534 832 3 2 
 57 609 2 4 
 1539 911 4 3 
 57 611 2 2 
 1531 862 4 2 
 30 639 4 4 
 65 843 2 4 
 30 639 4 4 
 64 842 3 5 
 30 639 4 4 
 64 842 3 5 
 46 490 2 2 
 86 692 2 1 
 1538 911 5 5 
 46 490 2 2 
 1549 973 3 2 
 86 692 2 1 
 46 490 2 1 
 86 692 2 1 
 1542 913 1 2 
 60 476 3 2 
 86 692 2 1 
 61 476 2 2 
 1506 948 3 2 
 89 705 1 2 
 47 490 1 2 
 1506 948 3 2 
 86 692 2 1 
 47 490 1 2 
 1506 948 3 2 
 78 740 3 2 
 75 446 1 2 
 1506 948 3 2 
 75 446 1 2 
 1506 948 3 2 
 35 501 1 2 
 1506 948 3 2 
 58 575 3 3 
 1506 948 3 1 
 58 576 3 2 
 1506 947 2 3 
 80 664 2 2 
 68 742 1 2 
 51 612 3 3 
 1651 833 3 2 
 82 676 2 1 
 1506 949 2 2 
 1506 949 2 2 
 1506 949 2 2 
 1429 858 2 2 
 666 63 3 3 
 1503 991 4 4 
 666 64 2 1 
 666 64 2 1 
 1503 991 2 2 
 666 64 2 1 
 666 64 2 1 
 666 64 2 1 
 666 64 2 1 
 666 64 2 1 
 56 862 2 2 
 1503 991 4 4 
 47 641 2 3 
 60 684 2 2 
 60 684 2 2 
 60 684 2 2 
 41 705 1 2 
 41 705 1 2 
 41 705 1 2 
 41 705 1 2 
 41 705 1 2 
 60 684 2 1 
 46 719 2 2 
 46 719 3 2 
 666 63 2 1 
 46 719 2 2 
 666 63 2 1 
 666 63 2 1 
 666 63 2 1 
 666 63 2 1 
 666 63 2 1 
 666 63 2 1 
 666 63 2 1 
 67 674 2 1 
