 1918 556 2 2 
 1918 557 2 1 
 1918 558 1 2 
 1916 564 2 1 
 1917 566 3 2 
 1918 581 2 3 
 1918 581 2 3 
 1919 649 1 2 
 1917 563 3 5 
 1918 578 2 6 
 1918 649 2 2 
 1914 658 2 4 
 1918 564 2 3 
 1918 577 2 8 
 1916 620 1 2 
 1917 623 1 2 
 1918 649 2 2 
 1914 658 2 3 
 1907 659 2 3 
 1916 561 4 7 
 1918 577 2 7 
 1914 616 2 2 
 1918 616 2 2 
 1916 620 1 2 
 1917 623 3 3 
 1914 662 2 2 
 1907 659 2 4 
 1918 649 2 3 
 1913 656 4 5 
 1916 562 3 4 
 1916 561 4 5 
 1918 576 2 8 
 1917 588 3 3 
 1914 616 2 3 
 1912 665 3 6 
 1916 620 2 2 
 1917 623 3 4 
 1918 649 2 3 
 1907 659 2 3 
 1913 654 4 7 
 1916 562 3 4 
 1916 561 4 5 
 1918 578 2 6 
 1915 579 2 2 
 1917 588 3 3 
 1919 615 1 2 
 1914 616 4 6 
 1917 622 3 5 
 1918 649 2 3 
 1912 666 3 5 
 1913 655 4 6 
 1914 662 1 2 
 1907 659 2 3 
 1916 560 4 6 
 1918 578 2 5 
 1915 582 2 2 
 1917 588 3 4 
 1919 615 1 2 
 1914 616 4 6 
 1917 622 3 5 
 1918 649 2 3 
 1913 655 4 6 
 1916 672 2 3 
 1913 666 3 6 
 1913 667 3 4 
 1907 659 2 3 
 1917 588 3 4 
 1914 616 4 6 
 1917 622 3 5 
 1918 649 2 3 
 1914 656 2 5 
 1907 659 2 3 
 1913 666 3 6 
 1916 673 1 2 
 1900 685 2 1 
 1919 728 1 2 
 1908 686 2 2 
 655 64 6 5 
 844 924 3 3 
 1915 583 2 1 
 1913 669 5 4 
 0 452 3 3 
 1914 655 2 2 
 1916 560 4 4 
 1916 560 4 4 
 1915 554 2 3 
 1915 555 2 2 
 1915 555 2 2 
 1918 552 2 2 
 1915 555 2 2 
 1915 555 2 2 
 1915 555 2 2 
 1917 560 3 4 
 1916 560 4 4 
 1914 611 2 2 
 1916 672 4 2 
 1916 672 2 2 
 660 71 2 2 
 1914 666 3 4 
 660 71 2 2 
 1914 671 2 2 
 660 71 2 2 
 1914 666 3 4 
 660 71 2 2 
 1918 738 2 10 
 660 71 2 2 
 1918 743 2 6 
 297 1046 3 3 
 660 71 2 2 
 1913 653 3 3 
 665 71 2 4 
 1918 746 2 3 
 665 71 2 4 
 1913 651 3 7 
 1913 651 1 2 
 1916 564 2 2 
 1918 624 2 2 
 1918 622 2 1 
 1913 616 1 2 
 1913 616 1 2 
 653 73 3 2 
 653 73 3 2 
 653 73 3 2 
 653 73 3 2 
 653 73 3 2 
 653 73 3 2 
 653 73 3 2 
 653 73 3 2 
 1919 579 1 2 
 1912 658 1 2 
 1912 654 3 6 
 1912 654 3 6 
 655 62 5 4 
 1908 689 2 1 
 655 62 5 4 
 655 62 5 4 
 655 62 5 4 
 655 62 5 4 
