 258 443 5 10 
 256 451 6 9 
 256 458 6 10 
 256 464 5 11 
 256 470 6 10 
 256 476 6 9 
 256 480 6 9 
 257 484 6 9 
 257 488 6 8 
 257 490 7 7 
 257 491 6 8 
 256 493 6 9 
 255 498 6 9 
 254 503 6 9 
 254 510 6 8 
 253 515 6 9 
 253 521 6 8 
 254 526 6 9 
 256 533 6 8 
 263 542 7 7 
 267 545 9 6 
 533 36 1 2 
 958 1026 2 1 
 273 548 8 7 
 533 36 1 2 
 958 1026 2 1 
 279 551 8 8 
 533 36 1 2 
 1022 1053 1 2 
 284 556 6 9 
 533 36 1 2 
 948 1032 2 3 
 288 564 5 10 
 533 36 1 2 
 1005 1043 2 2 
 290 573 6 15 
 533 36 1 2 
 1005 1043 2 2 
 294 586 5 14 
 533 36 1 2 
 1005 1043 3 2 
 296 600 4 10 
 533 36 1 2 
 1005 1043 3 2 
 300 615 4 8 
 948 1033 2 3 
 303 629 4 9 
 305 640 5 9 
 954 1019 7 8 
 307 650 3 6 
 307 663 4 7 
 307 672 3 4 
 954 1019 7 9 
 307 684 4 10 
 955 1021 7 6 
 999 1032 1 2 
 308 694 5 9 
 999 1032 1 2 
 309 700 7 10 
 314 709 6 10 
 999 1032 1 2 
 319 721 6 8 
 324 730 7 7 
 332 736 5 6 
 335 738 7 7 
 340 742 7 7 
 345 747 7 7 
 349 753 7 8 
 353 758 9 10 
 359 766 7 10 
 518 39 2 2 
 364 774 5 7 
 518 39 2 2 
 366 779 6 6 
 518 39 2 2 
 367 780 6 7 
 518 39 2 2 
 519 39 1 2 
 519 39 1 2 
 362 782 8 6 
 519 39 1 2 
 956 1024 3 3 
 358 783 7 4 
 519 39 1 2 
 353 784 8 5 
 348 785 8 6 
 268 775 9 5 
 258 778 9 7 
 251 787 4 4 
 245 791 6 5 
 528 43 2 1 
 528 43 2 1 
 528 43 2 1 
 528 43 2 1 
 528 43 2 1 
 528 43 2 1 
 528 43 2 1 
 528 43 2 1 
 262 696 7 6 
 265 697 7 6 
 267 699 5 6 
 268 703 5 7 
 268 707 5 7 
 268 710 5 7 
 269 712 5 7 
