 70 478 2 2 
 70 478 2 2 
 57 538 2 3 
 74 594 2 2 
 70 478 2 2 
 64 525 1 3 
 58 542 3 3 
 57 539 7 9 
 52 541 4 5 
 70 478 2 2 
 52 515 1 2 
 58 542 3 3 
 60 543 3 3 
 57 538 7 10 
 52 541 4 5 
 53 547 3 5 
 69 478 3 2 
 37 497 2 2 
 48 499 1 2 
 52 515 2 2 
 60 528 1 3 
 57 538 7 9 
 52 541 4 4 
 54 548 1 2 
 37 497 2 2 
 48 499 1 2 
 52 515 3 2 
 28 516 2 2 
 32 518 1 2 
 59 528 2 3 
 57 538 7 9 
 52 541 2 4 
 60 549 1 2 
 68 471 2 1 
 60 472 2 1 
 68 478 2 2 
 32 495 2 2 
 37 497 2 2 
 48 499 2 3 
 52 515 3 2 
 28 516 2 2 
 32 518 1 2 
 59 528 2 3 
 71 603 2 2 
 57 538 7 9 
 52 541 2 5 
 60 549 1 2 
 50 464 2 1 
 32 466 1 2 
 65 471 2 2 
 68 471 2 1 
 60 472 2 1 
 68 478 2 3 
 57 482 1 2 
 32 495 2 2 
 48 499 1 2 
 52 514 3 3 
 65 632 3 4 
 79 604 2 1 
 71 603 2 4 
 28 516 2 2 
 32 518 1 2 
 59 563 1 2 
 60 549 1 2 
 59 528 2 3 
 52 541 2 5 
 57 538 7 9 
 58 633 2 1 
 65 632 3 4 
 32 466 1 2 
 65 471 2 2 
 70 604 3 2 
 50 601 2 2 
 68 471 2 2 
 60 472 2 1 
 68 478 2 3 
 57 482 1 2 
 59 563 1 2 
 67 490 2 2 
 54 550 2 1 
 54 547 2 2 
 52 541 2 5 
 57 540 7 7 
 60 543 3 3 
 32 495 2 2 
 60 528 1 3 
 48 499 2 2 
 32 518 1 2 
 28 516 2 2 
 52 514 3 3 
 36 641 1 2 
 38 635 2 1 
 58 631 3 3 
 63 449 3 1 
 50 463 2 2 
 32 466 1 2 
 60 468 2 2 
 72 603 2 3 
 50 601 2 2 
 68 470 2 3 
 65 471 2 2 
 60 472 2 1 
 45 474 2 2 
 68 478 2 3 
 67 490 2 2 
 32 495 2 2 
 48 498 2 3 
 57 563 3 2 
 59 559 2 2 
 53 549 3 3 
 55 547 1 2 
 58 540 6 8 
 60 528 1 3 
 63 502 2 4 
 28 516 2 4 
 52 514 3 3 
 40 702 2 2 
 36 641 1 2 
 38 635 2 1 
 58 631 3 3 
 72 603 3 3 
 50 601 2 2 
 77 584 2 1 
 72 577 2 2 
 67 565 1 2 
 57 563 4 2 
 59 559 2 2 
 53 547 3 5 
 59 540 5 8 
 47 704 2 3 
 40 702 2 2 
 36 641 1 2 
 58 635 2 1 
 38 635 2 2 
 58 631 3 3 
 69 727 2 1 
 66 745 2 2 
 48 730 2 2 
 66 744 4 3 
 78 740 2 2 
 61 734 1 2 
 65 742 5 5 
 67 744 3 3 
 78 739 2 3 
 61 737 1 2 
 79 743 3 2 
 64 742 9 5 
 67 744 3 3 
 77 739 3 3 
 79 743 3 2 
 63 740 10 7 
 67 744 3 3 
 68 743 3 3 
 79 742 3 3 
 63 741 10 6 
 68 743 4 3 
 39 782 1 2 
 79 742 3 3 
 64 815 2 2 
 39 782 2 2 
 41 747 3 3 
 49 745 2 2 
 65 815 1 2 
 39 782 2 2 
 17 776 1 3 
 11 774 2 3 
 41 747 3 3 
 56 225 2 2 
 17 776 1 3 
 56 225 2 2 
 17 776 1 3 
 34 385 2 2 
 66 742 6 3 
 653 73 2 1 
 25 415 2 2 
 66 742 6 3 
 653 73 2 1 
 15 426 1 2 
 41 747 2 2 
 653 73 2 1 
 40 780 1 3 
 653 73 2 1 
 40 780 1 3 
 73 409 2 1 
 40 780 1 2 
 653 73 2 1 
 68 404 4 3 
 653 73 2 1 
 40 780 1 2 
 71 404 4 2 
 653 73 2 1 
 55 376 1 2 
 81 729 2 2 
 653 73 2 1 
 55 376 1 2 
 84 715 3 2 
 42 380 2 2 
 80 726 2 2 
 43 381 2 1 
 74 641 3 2 
 38 394 2 2 
 81 729 2 2 
 76 429 1 2 
 37 631 2 2 
 48 377 2 1 
 78 724 2 2 
 40 381 2 1 
 70 636 3 4 
 40 381 2 1 
 70 636 3 4 
 70 636 3 3 
 558 571 3 5 
 39 729 2 3 
 80 654 2 1 
 84 686 2 3 
 80 606 1 2 
 36 582 2 2 
 16 242 2 2 
 53 586 2 2 
 35 582 3 3 
 35 583 3 2 
 655 62 4 3 
 76 703 1 2 
 655 62 4 3 
 69 685 2 2 
 655 62 4 3 
 69 685 2 2 
 655 62 4 3 
 62 910 1 2 
 35 583 3 2 
 655 62 4 3 
 62 910 1 3 
 35 583 3 2 
 2 311 2 3 
 655 62 4 3 
 62 910 1 3 
 35 583 2 2 
 0 313 1 2 
 655 62 4 3 
 62 910 1 3 
 20 302 3 2 
 655 62 4 3 
 62 910 1 3 
 20 302 3 2 
 62 910 1 3 
 14 241 5 5 
 65 193 3 2 
 36 582 2 1 
 65 193 3 2 
 36 582 2 1 
 65 193 3 2 
 36 582 2 1 
 65 193 3 2 
 36 582 2 1 
 65 193 3 2 
 65 193 3 2 
 12 777 2 1 
 65 193 2 2 
 17 781 2 2 
 65 193 2 2 
 17 781 2 3 
 42 212 2 2 
 71 655 2 3 
 42 212 2 2 
 71 655 2 3 
 42 212 2 2 
 69 796 2 2 
 0 375 1 2 
 74 632 2 3 
 0 375 1 2 
 37 579 2 3 
 63 812 2 2 
 0 375 1 2 
 37 579 2 3 
 63 812 2 2 
 13 383 2 2 
 63 812 2 2 
 648 63 2 3 
 63 812 2 2 
 13 383 2 2 
 648 63 2 3 
 64 815 2 4 
 13 383 2 2 
 648 63 2 3 
 13 383 2 2 
 76 746 5 5 
 648 63 2 3 
 13 383 2 2 
 78 746 3 5 
 648 63 2 3 
 48 378 1 2 
 78 746 2 2 
 648 63 2 3 
 44 378 1 2 
 78 737 2 1 
 648 63 2 3 
 26 894 2 2 
 63 415 2 1 
 648 63 2 3 
 44 378 1 2 
 76 746 3 1 
 39 373 1 2 
 68 735 2 2 
