 31 622 3 1 
 72 589 7 6 
 76 592 3 3 
 72 589 7 6 
 76 592 3 3 
 72 589 7 6 
 80 613 5 6 
 76 592 3 3 
 72 589 7 6 
 80 613 5 6 
 74 616 3 3 
 72 590 4 4 
 77 592 2 3 
 32 621 2 2 
 73 590 2 2 
 78 593 1 2 
 32 621 2 2 
 78 633 1 2 
 70 661 1 3 
 78 593 1 2 
 32 621 1 2 
 70 662 1 2 
 84 725 1 3 
 78 593 1 2 
 32 621 2 1 
 70 662 1 2 
 78 700 2 2 
 84 725 1 3 
 76 733 2 2 
 70 662 1 2 
 78 700 2 2 
 83 724 3 4 
 76 733 2 2 
 48 737 1 2 
 74 744 1 2 
 76 751 2 2 
 65 751 5 4 
 67 751 3 3 
 75 747 2 2 
 76 751 2 2 
 65 751 6 4 
 68 752 3 3 
 67 751 3 3 
 34 777 1 3 
 68 752 3 3 
 71 699 2 3 
 71 698 2 4 
 71 698 2 4 
 71 698 2 4 
 71 699 2 3 
 79 710 2 3 
 74 716 2 1 
 79 710 2 2 
 79 710 2 2 
 34 775 1 2 
 35 778 1 2 
 35 778 1 2 
 35 778 1 2 
 623 61 4 5 
 623 61 4 5 
 623 61 4 5 
 623 61 4 5 
 623 61 4 5 
 623 61 4 5 
 623 61 4 5 
 623 61 4 5 
 658 65 2 2 
 78 940 2 2 
 658 65 2 2 
 71 959 3 3 
 658 65 2 2 
 71 959 3 3 
 658 65 2 2 
 71 959 3 3 
 658 65 2 2 
 658 65 2 2 
 658 65 2 2 
 658 65 2 2 
 654 80 2 2 
 654 80 2 2 
 654 80 2 2 
 1378 564 9 10 
 654 80 2 2 
 1378 564 9 10 
 654 80 2 2 
 1378 564 9 10 
 1378 564 9 10 
 1378 564 9 10 
 1378 564 9 10 
 1378 564 9 10 
 1378 564 9 10 
 13 222 2 1 
 13 222 2 1 
 13 222 2 1 
 13 222 2 1 
 13 222 2 1 
 13 222 2 1 
 620 994 2 4 
 618 992 2 3 
 618 992 4 7 
 613 1003 4 4 
 618 992 2 3 
 657 62 3 2 
 619 994 3 4 
 1632 469 1 2 
 657 62 3 2 
 614 1000 1 2 
 1636 471 3 4 
 657 62 2 1 
 612 1003 3 3 
 1637 472 3 3 
 657 62 2 1 
 1637 472 3 3 
 1637 472 3 5 
 657 62 2 1 
 657 62 2 1 
 1637 472 3 5 
 657 62 2 1 
 1637 472 3 5 
 657 62 2 1 
 1637 472 3 5 
 1637 472 3 5 
 1614 454 1 2 
 1614 454 1 2 
