 63 541 5 7 
 68 481 3 4 
 64 543 3 5 
 72 633 2 4 
 37 639 2 3 
 68 481 3 3 
 67 482 3 3 
 67 479 5 8 
 67 488 3 7 
 63 544 4 5 
 54 547 2 2 
 81 606 3 4 
 68 481 3 3 
 67 482 3 3 
 67 479 5 8 
 67 488 3 7 
 63 543 4 6 
 54 547 2 2 
 80 605 4 6 
 81 613 1 2 
 70 432 1 2 
 48 468 2 1 
 68 481 3 3 
 67 482 3 3 
 67 480 5 7 
 67 488 3 7 
 72 634 2 2 
 63 544 4 5 
 54 547 2 2 
 80 606 5 7 
 81 613 1 2 
 70 431 1 3 
 69 449 2 3 
 59 462 2 2 
 48 468 2 1 
 68 481 3 3 
 67 480 5 5 
 67 488 2 7 
 63 544 4 5 
 37 639 3 4 
 73 635 2 2 
 83 617 2 2 
 81 613 1 2 
 83 611 2 2 
 80 606 2 2 
 70 431 1 3 
 69 449 1 2 
 59 461 2 6 
 69 481 2 1 
 63 543 4 6 
 54 545 2 1 
 80 606 2 2 
 83 611 2 2 
 81 613 1 2 
 37 640 2 2 
 83 617 2 2 
 69 449 1 2 
 59 461 3 7 
 54 545 2 1 
 63 545 2 2 
 65 547 2 2 
 80 606 2 2 
 47 713 1 2 
 67 645 2 1 
 83 611 2 2 
 81 613 1 2 
 54 545 2 1 
 63 568 2 2 
 80 606 2 2 
 81 613 1 2 
 67 645 2 1 
 82 715 2 2 
 47 713 1 2 
 79 723 1 3 
 83 722 3 4 
 82 715 2 3 
 47 713 1 2 
 67 645 2 1 
 83 616 1 2 
 79 727 2 2 
 79 723 2 3 
 83 722 5 6 
 82 715 2 4 
 47 713 1 2 
 70 733 2 3 
 63 732 2 1 
 75 731 2 1 
 79 727 2 2 
 79 723 1 3 
 83 722 5 6 
 83 722 3 4 
 82 715 2 4 
 59 741 4 5 
 70 733 2 3 
 82 714 2 5 
 63 732 2 2 
 75 731 2 1 
 79 727 2 2 
 79 723 1 3 
 83 722 5 6 
 83 722 3 3 
 59 741 4 5 
 60 743 3 3 
 82 714 2 5 
 70 733 2 3 
 47 721 2 1 
 63 732 2 2 
 83 722 5 6 
 79 727 2 2 
 79 723 1 3 
 75 744 1 3 
 82 715 2 4 
 59 741 4 5 
 60 743 3 3 
 47 721 2 1 
 83 722 5 6 
 79 723 1 3 
 70 733 2 3 
 79 727 2 2 
 63 732 2 2 
 65 751 2 2 
 59 741 3 3 
 59 782 5 3 
 68 752 2 2 
 67 786 1 2 
 59 781 5 3 
 61 781 3 3 
 67 786 1 2 
 1192 26 4 2 
 84 718 2 2 
 43 460 3 2 
 1192 26 4 1 
 49 732 3 1 
 14 295 2 2 
 1133 54 1 2 
 62 282 2 2 
 1133 54 1 2 
 62 282 2 2 
 1137 35 1 2 
 62 282 2 2 
 1137 35 1 2 
 62 282 2 2 
 1137 35 1 2 
 4 304 1 2 
 46 708 3 3 
 1198 29 2 2 
 69 634 2 2 
 30 401 2 2 
 1198 29 2 2 
 69 634 2 2 
 1198 58 3 3 
 1198 58 3 3 
 1198 58 3 3 
 1198 59 3 2 
 1198 59 3 2 
 78 687 2 2 
 78 687 2 2 
 55 731 2 1 
 55 731 2 1 
 1499 850 1 4 
 80 653 2 3 
 80 653 2 3 
 78 743 2 2 
 77 742 3 3 
 77 742 2 1 
 77 742 2 1 
 77 742 2 1 
 59 777 3 2 
 47 759 1 2 
 47 759 1 2 
 1377 895 4 4 
 418 807 2 3 
 1076 1053 4 8 
 418 808 2 2 
 1073 1050 7 11 
 418 807 2 3 
 1073 1050 7 12 
 1073 1050 7 12 
 416 807 4 4 
 1073 1050 7 12 
 416 807 4 4 
 523 947 3 4 
 24 338 1 5 
