 1711 732 5 8 
 1717 731 2 4 
 1717 738 3 6 
 1721 736 3 6 
 1728 743 4 7 
 1732 747 4 6 
 1736 754 4 5 
 1741 760 3 5 
 1745 764 3 6 
 1750 770 3 6 
 1754 776 5 6 
 1761 783 3 4 
 1768 791 3 3 
 1770 795 5 4 
 1778 799 4 3 
 1790 801 5 9 
 1797 803 3 8 
 1813 813 3 3 
 1802 868 2 1 
 1862 841 5 7 
 653 64 3 1 
 1871 845 1 2 
 653 64 3 1 
 1839 921 2 6 
 653 64 3 1 
 653 64 3 1 
 1884 856 5 5 
 653 64 3 1 
 1888 859 5 7 
 653 64 3 1 
 1893 861 4 9 
 1898 863 5 10 
 1903 865 6 11 
 1908 869 6 12 
 1690 809 1 2 
 662 78 2 4 
 662 78 2 4 
 662 78 2 4 
 662 78 2 4 
 662 78 2 4 
 662 78 2 4 
 662 78 2 4 
 662 78 2 4 
 283 213 6 12 
 283 213 6 14 
 275 212 13 15 
 274 212 13 14 
 273 212 12 14 
 266 211 9 14 
 266 211 9 14 
 211 875 2 2 
 211 875 2 2 
 264 211 8 13 
