 900 1003 7 9 
 902 1004 3 8 
 918 1019 1 2 
 844 1056 3 3 
 842 1056 8 5 
 888 1006 6 5 
 886 1006 8 4 
 874 1012 3 3 
 873 1011 5 5 
 884 1007 7 3 
 883 1010 2 2 
 870 1014 5 4 
 871 1014 3 3 
 868 1007 19 11 
 883 1010 2 2 
 841 1047 2 1 
 839 1048 1 2 
 879 1008 3 3 
 875 1009 3 3 
 876 1010 3 3 
 874 1006 9 10 
 868 1013 5 5 
 848 1046 2 2 
 839 1049 1 2 
 870 1006 3 3 
 875 1009 3 3 
 868 1010 3 3 
 876 1010 3 3 
 870 1012 3 3 
 867 1005 12 13 
 864 1014 2 2 
 865 1017 1 2 
 839 1049 1 2 
 841 1049 1 2 
 833 1050 2 2 
 835 1053 2 1 
 829 1054 2 2 
 869 1005 3 3 
 868 1006 3 3 
 868 1008 3 3 
 871 1013 3 3 
 861 1005 14 13 
 839 1049 1 2 
 829 1054 2 2 
 823 1056 2 2 
 860 1006 10 11 
 858 1014 1 2 
 846 1043 2 2 
 834 1049 2 3 
 838 1049 2 1 
 827 1054 4 4 
 823 1056 2 2 
 824 1060 3 2 
 855 1006 4 8 
 865 1008 2 4 
 863 1014 3 3 
 859 1012 7 6 
 858 1016 2 2 
 847 1028 7 4 
 841 1044 2 3 
 836 1063 2 2 
 823 1063 2 3 
 838 1048 2 2 
 824 1060 4 3 
 826 1054 5 4 
 822 1057 2 1 
 853 1011 4 3 
 851 1007 8 8 
 859 1012 3 4 
 870 1015 5 2 
 858 1016 2 2 
 841 1023 2 1 
 851 1028 3 3 
 847 1029 3 3 
 832 1064 2 3 
 851 1032 2 1 
 841 1044 2 3 
 823 1060 3 4 
 848 1045 2 3 
 835 1049 2 2 
 829 1053 1 2 
 849 1010 6 5 
 856 1012 2 2 
 869 1015 4 2 
 858 1016 2 2 
 837 1022 2 2 
 841 1023 2 2 
 825 1067 7 5 
 855 1030 1 2 
 833 1065 1 2 
 830 1065 2 2 
 838 1063 2 2 
 833 1062 2 1 
 830 1045 1 2 
 825 1052 3 3 
 824 1060 1 2 
 829 1052 2 1 
 821 1056 1 2 
 836 1057 2 1 
 849 1013 3 3 
 848 1014 3 3 
 848 1012 5 5 
 867 1015 2 2 
 870 1015 5 2 
 835 1021 3 3 
 840 1023 3 2 
 825 1070 3 4 
 855 1030 1 2 
 829 1064 5 9 
 836 1063 2 2 
 821 1049 7 4 
 837 1049 2 1 
 833 1051 2 1 
 828 1052 2 2 
 836 1057 2 1 
 828 1056 2 2 
 843 1073 5 3 
 873 1017 2 1 
 829 1066 2 4 
 986 1061 2 2 
 855 1030 1 2 
 972 1056 2 1 
 922 1045 6 2 
 844 1076 1 2 
 824 1075 2 1 
 516 46 3 3 
 1611 928 2 4 
 1331 140 3 4 
 840 1012 12 5 
 1331 140 3 4 
 841 1012 11 5 
 1331 140 3 4 
 866 1007 2 3 
 1331 140 3 4 
 845 1012 10 5 
 1330 131 3 4 
 867 1006 1 2 
 1330 131 3 5 
 870 1006 2 2 
 1310 129 2 2 
 1059 1071 2 2 
 1310 129 2 2 
 875 1004 6 5 
 1310 129 2 2 
 848 1077 2 3 
 1310 129 2 2 
 932 1076 3 4 
 1310 129 2 2 
 877 1004 3 3 
 879 1002 3 3 
 884 1001 6 5 
 889 1003 3 3 
 889 1003 3 3 
 892 1003 3 4 
 892 1003 3 4 
 892 1003 3 4 
 891 1003 4 4 
 891 1003 4 4 
 833 1075 1 2 
 897 1006 3 3 
 888 1003 6 5 
 473 95 1 3 
 1391 850 2 1 
 843 1076 3 3 
 1170 1077 1 3 
 1391 850 2 1 
 1391 850 2 1 
 1170 1077 1 3 
 1170 1077 1 3 
 1395 853 2 1 
 1170 1077 1 3 
 1170 1077 1 3 
 1421 854 2 1 
 1396 853 2 2 
 1074 1076 2 2 
 1396 853 2 2 
 1074 1076 2 2 
 1410 854 4 3 
 977 1071 3 3 
 1412 853 2 2 
 977 1071 4 3 
 1327 132 2 2 
 1410 854 4 3 
 1075 1071 7 7 
 1410 854 4 3 
 970 1057 3 3 
 1410 854 4 3 
 846 1066 4 5 
 1327 132 2 2 
 898 1003 6 7 
 901 1004 3 4 
 901 1004 3 4 
 898 1006 2 3 
 898 1004 6 6 
 493 33 3 3 
 1103 1076 3 4 
 493 33 3 3 
 1074 1074 7 6 
 493 33 3 3 
 1074 1075 2 2 
 493 33 3 3 
 902 1003 8 7 
 493 33 3 3 
 847 1077 2 2 
 493 33 3 3 
 1113 1076 3 3 
