 657 72 1 2 
 664 83 1 2 
 659 82 1 2 
 658 73 3 5 
 664 73 2 2 
 656 80 4 8 
 78 884 4 5 
 88 891 5 5 
 99 898 5 5 
 112 903 3 3 
 123 905 5 6 
 136 911 4 4 
 164 921 4 3 
 177 924 5 4 
 192 927 5 6 
 207 934 6 6 
 224 937 5 4 
 659 70 4 3 
 240 941 5 3 
 659 70 4 3 
 257 942 5 6 
 660 70 3 3 
 274 946 6 6 
 660 70 3 3 
 292 952 6 6 
 660 70 3 3 
 311 954 5 3 
 660 70 3 3 
 660 70 3 3 
 660 70 3 3 
 653 75 2 3 
 653 75 2 3 
 653 75 2 3 
 653 75 2 3 
 662 64 2 1 
 1187 228 9 3 
 662 64 2 1 
 662 64 2 1 
 662 64 2 1 
 662 64 2 1 
 662 64 2 1 
 662 64 2 1 
