 411 75 6 2 
 406 73 3 3 
 437 100 3 2 
 445 124 4 4 
 453 137 7 16 
 460 159 7 19 
 466 180 8 23 
 474 211 3 3 
 474 208 5 20 
 474 242 3 3 
 473 235 5 20 
 459 290 10 30 
 682 847 12 14 
 713 876 14 9 
 729 885 9 10 
 744 903 3 3 
 536 36 1 2 
 849 991 1 3 
 536 36 1 2 
 758 917 8 9 
 536 36 1 2 
 760 923 7 11 
 758 932 7 12 
 536 36 1 2 
 756 942 7 11 
 536 36 1 2 
 755 952 6 12 
 536 36 1 2 
 756 966 6 10 
 536 36 1 2 
 762 978 7 9 
 536 36 1 2 
 768 987 8 9 
 774 995 10 9 
 784 1005 7 9 
 792 1019 7 11 
 800 1035 4 5 
