 41 751 3 3 
 45 769 2 2 
 45 769 4 4 
 50 777 2 1 
 54 781 2 2 
 50 777 2 2 
 72 877 2 1 
 47 735 2 5 
 45 769 1 2 
 47 771 3 2 
 50 777 2 1 
 60 828 2 1 
 48 737 1 3 
 75 761 2 1 
 50 777 2 1 
 64 827 2 1 
 60 828 4 2 
 49 829 2 1 
 48 737 1 3 
 50 777 2 1 
 61 826 2 1 
 60 828 4 2 
 68 831 5 3 
 48 737 1 3 
 46 797 2 2 
 60 826 5 4 
 49 829 2 1 
 68 831 4 3 
 67 836 1 3 
 47 737 3 4 
 41 773 2 2 
 46 797 2 2 
 61 826 4 3 
 60 828 3 1 
 49 829 2 1 
 68 829 4 4 
 67 836 1 3 
 63 841 3 2 
 71 836 2 2 
 47 739 3 3 
 47 737 3 5 
 41 772 2 3 
 46 797 2 2 
 56 799 1 2 
 67 847 2 2 
 61 825 4 2 
 60 828 3 1 
 64 841 1 2 
 71 836 2 2 
 67 836 1 3 
 68 829 4 4 
 53 874 3 3 
 67 845 2 4 
 64 841 1 2 
 71 836 2 2 
 67 836 1 3 
 70 829 2 3 
 60 828 3 1 
 47 739 3 3 
 47 738 3 5 
 61 825 3 2 
 33 767 2 1 
 42 771 1 4 
 56 799 1 2 
 46 797 2 2 
 72 875 2 3 
 53 874 4 3 
 54 874 3 3 
 67 846 3 3 
 64 841 1 2 
 71 836 2 2 
 67 836 1 3 
 70 829 2 3 
 47 739 2 4 
 32 766 3 2 
 67 827 2 1 
 42 772 1 2 
 63 825 1 2 
 61 825 1 2 
 46 798 2 1 
 56 799 1 2 
 64 901 1 2 
 72 875 2 3 
 54 874 2 3 
 47 740 2 3 
 33 766 2 2 
 56 799 1 2 
 68 846 2 2 
 61 824 8 4 
 64 841 1 2 
 70 828 2 4 
 71 836 2 2 
 67 836 1 3 
 48 741 1 2 
 33 766 2 2 
 56 799 1 2 
 61 824 3 3 
 64 825 8 7 
 63 905 2 1 
 28 904 2 2 
 66 835 2 3 
 71 836 3 2 
 68 846 2 2 
 54 874 2 1 
 71 874 3 3 
 73 952 3 4 
 56 907 3 1 
 56 799 1 2 
 61 824 3 3 
 28 904 2 2 
 64 825 2 3 
 67 826 2 2 
 69 828 3 4 
 63 830 2 1 
 66 835 2 3 
 72 837 2 1 
 68 889 2 2 
 72 874 2 2 
 73 953 3 3 
 57 906 2 2 
 64 905 2 1 
 61 901 2 2 
 59 900 1 2 
 68 889 2 2 
 72 874 2 2 
 74 955 2 1 
 57 907 2 1 
 47 891 2 3 
 109 998 2 4 
 78 959 2 2 
 107 997 4 5 
 105 994 2 2 
 108 997 4 5 
 53 583 1 3 
 1517 1026 3 8 
 59 574 1 2 
 1703 1037 2 2 
 1703 1037 2 2 
 54 529 1 2 
 54 529 1 2 
 108 995 6 7 
 73 449 2 3 
 1516 1024 2 3 
 19 336 2 1 
 1516 1023 2 4 
 58 574 2 3 
 19 336 2 1 
 1558 1000 2 2 
 57 573 3 4 
 19 336 2 1 
 1516 1023 2 4 
 57 571 3 6 
 20 339 2 1 
 1516 1023 2 2 
 59 795 1 2 
 19 336 2 1 
 1557 998 2 2 
 58 795 3 3 
 19 336 2 1 
 1556 997 2 2 
 58 795 5 3 
 19 336 2 1 
 110 1001 3 4 
 58 794 5 4 
 33 286 1 2 
 109 998 2 2 
 66 487 3 3 
 1908 717 2 2 
 33 286 1 2 
 109 998 2 2 
 66 487 3 3 
 1908 717 2 2 
 33 285 2 3 
 73 881 1 2 
 33 286 1 2 
 73 881 2 3 
 33 286 1 2 
 59 915 2 2 
 36 377 1 2 
 62 845 2 1 
 36 377 1 2 
 68 797 2 3 
 48 315 3 4 
 75 520 2 2 
 1665 958 3 2 
 48 315 3 4 
 1665 958 2 2 
 48 315 3 4 
 1626 1003 2 2 
 74 792 2 2 
 59 315 1 2 
 1614 1025 2 2 
 33 773 1 2 
 59 314 2 3 
 1614 1025 2 2 
 33 773 1 2 
 59 314 2 3 
 33 773 1 2 
 41 777 3 3 
 42 779 2 1 
 42 779 2 1 
 42 779 2 1 
 42 779 2 1 
 666 75 4 2 
 1485 1018 3 2 
 71 746 1 2 
 649 75 3 3 
 1486 1018 1 2 
 0 417 2 3 
 71 746 1 2 
 649 75 3 3 
 1 417 1 2 
 1676 848 2 2 
 649 75 3 3 
 74 790 2 3 
 649 75 3 3 
 4 418 1 2 
 1652 886 2 1 
 649 75 3 3 
 1486 1018 1 2 
 649 75 3 3 
 2 416 3 4 
 649 75 3 3 
 106 992 2 2 
 57 905 2 2 
 56 905 3 3 
 56 906 2 2 
 51 902 3 2 
 51 902 2 2 
 1613 961 1 2 
 67 975 2 1 
 723 1072 2 2 
 37 658 2 3 
 1918 554 2 5 
 92 977 2 1 
 723 1072 2 2 
 1918 555 2 17 
 62 846 2 2 
 1916 549 1 2 
 92 977 2 1 
 1510 1015 4 4 
 1915 546 2 1 
 11 398 3 1 
 92 977 2 1 
 1919 651 1 2 
 11 398 3 1 
 1918 623 2 3 
 11 397 3 3 
 104 989 3 2 
 1918 623 2 4 
 11 397 3 2 
 1917 623 3 7 
 103 988 4 3 
 50 307 2 2 
 1915 547 1 3 
 1617 1045 2 2 
 76 754 2 2 
 50 304 1 2 
 1919 556 1 2 
 1514 966 3 2 
 49 304 3 2 
 1918 555 2 3 
 1514 966 3 2 
 49 304 3 2 
 1918 555 2 3 
 1509 963 3 4 
 49 304 3 2 
 1918 555 2 3 
 599 1044 2 2 
 75 785 2 1 
 48 302 2 1 
 1918 556 2 2 
 1509 963 2 2 
 66 272 2 3 
 1644 1020 1 2 
 1916 626 4 9 
 65 269 2 2 
 1563 1051 2 2 
 1916 631 3 3 
