 65 628 3 3 
 65 628 3 3 
 47 531 2 2 
 47 531 3 2 
 59 558 2 2 
 44 469 2 2 
 47 531 3 3 
 59 558 2 2 
 74 599 1 2 
 69 612 2 2 
 21 422 2 1 
 44 469 2 2 
 47 531 3 3 
 59 558 2 2 
 67 588 2 2 
 74 599 2 2 
 80 620 2 1 
 71 627 2 2 
 35 521 2 1 
 47 531 3 3 
 59 558 2 2 
 67 588 2 2 
 60 593 2 1 
 74 599 2 2 
 69 611 2 2 
 80 620 2 1 
 65 628 2 5 
 71 627 2 2 
 52 557 2 1 
 59 558 2 2 
 59 576 1 2 
 60 593 3 2 
 72 594 2 1 
 53 599 2 1 
 77 635 2 3 
 73 599 3 2 
 65 629 3 4 
 71 627 2 2 
 68 611 3 2 
 80 620 2 2 
 78 641 2 3 
 72 645 2 2 
 75 738 2 2 
 74 702 2 2 
 61 756 3 2 
 57 746 3 3 
 76 740 2 1 
 77 705 2 2 
 44 747 2 1 
 57 746 3 4 
 67 744 3 2 
 50 741 1 2 
 76 740 2 2 
 77 718 2 2 
 65 759 2 2 
 57 746 3 4 
 44 746 2 2 
 67 744 3 3 
 60 742 1 2 
 76 740 4 3 
 63 739 1 2 
 56 732 1 2 
 45 724 2 1 
 77 759 3 2 
 63 759 4 3 
 61 752 1 2 
 48 752 2 2 
 57 749 2 1 
 58 746 2 2 
 67 744 3 3 
 41 744 5 4 
 71 742 2 1 
 60 742 1 2 
 69 740 1 2 
 74 739 6 4 
 63 739 2 2 
 78 731 1 2 
 77 759 3 2 
 63 759 4 3 
 74 754 2 1 
 48 752 2 2 
 57 749 2 1 
 58 746 2 2 
 41 745 5 3 
 67 744 3 4 
 71 742 2 1 
 74 739 6 4 
 63 739 2 2 
 76 759 4 2 
 68 759 2 3 
 63 759 4 3 
 76 757 2 1 
 75 754 2 2 
 61 752 1 2 
 48 752 2 2 
 57 749 4 2 
 41 745 5 3 
 67 744 3 4 
 67 200 2 2 
 41 745 5 3 
 67 200 2 2 
 41 745 4 2 
 67 200 2 2 
 41 745 3 1 
 67 200 2 2 
 29 458 2 1 
 67 200 2 2 
 24 238 2 1 
 75 754 2 2 
 55 213 1 2 
 44 384 2 1 
 72 596 2 1 
 39 404 2 1 
 79 676 4 3 
 39 404 2 1 
 79 676 4 3 
 74 449 2 2 
 107 984 3 3 
 74 449 2 2 
 667 72 2 2 
 78 642 1 2 
 655 73 1 2 
 37 522 1 2 
 655 73 1 2 
 79 620 2 2 
 655 73 1 2 
 79 620 2 2 
 655 73 1 2 
 74 702 2 2 
 655 73 1 2 
 71 628 2 1 
 655 73 1 2 
 655 73 1 2 
 1532 291 2 2 
 69 647 3 3 
 1532 291 2 2 
 36 649 2 3 
 1519 289 2 2 
 69 647 3 2 
 1519 289 2 1 
 71 622 1 2 
 1512 289 7 7 
 71 622 1 2 
 7 262 1 3 
 71 622 1 2 
 7 262 1 3 
 60 626 1 2 
 7 262 1 2 
 60 626 1 2 
 1518 288 2 2 
 60 626 1 2 
 1518 288 2 2 
 60 626 1 2 
 1518 288 2 2 
 77 713 1 2 
 1518 288 1 2 
 77 713 1 2 
 77 713 1 2 
 1513 290 4 3 
 656 62 2 3 
 1513 291 3 2 
 653 63 2 3 
 1514 292 2 1 
 653 63 2 3 
 653 63 2 3 
 653 63 2 3 
 653 63 2 3 
 653 63 2 3 
 653 63 2 3 
 1116 149 2 1 
 1116 149 2 1 
 1116 149 2 1 
