 47 516 2 2 
 52 601 2 2 
 77 641 3 3 
 68 631 2 1 
 77 640 3 3 
 77 640 3 4 
 79 647 2 3 
 68 631 2 1 
 77 640 3 3 
 77 640 3 4 
 79 647 1 3 
 74 650 2 1 
 81 650 1 2 
 76 621 1 3 
 68 630 2 2 
 69 636 1 2 
 77 641 3 3 
 79 647 1 3 
 73 648 2 2 
 83 655 1 2 
 81 650 1 2 
 67 616 2 2 
 76 621 2 2 
 69 636 1 2 
 77 641 3 3 
 78 645 2 5 
 83 654 2 3 
 74 661 5 7 
 67 616 2 2 
 76 621 2 2 
 68 628 2 2 
 77 641 2 2 
 78 645 3 4 
 83 654 1 3 
 74 661 5 7 
 67 668 5 7 
 76 621 2 2 
 68 628 2 1 
 77 641 2 2 
 78 645 3 4 
 73 646 2 3 
 81 651 3 2 
 83 654 2 3 
 74 660 5 8 
 67 672 3 3 
 67 668 5 7 
 60 595 2 2 
 67 616 2 2 
 76 621 2 2 
 68 628 2 1 
 77 641 2 2 
 78 645 3 2 
 66 646 1 2 
 73 646 2 3 
 81 650 4 8 
 74 659 5 9 
 67 672 3 3 
 67 668 5 7 
 65 697 1 2 
 60 595 2 2 
 67 603 1 2 
 69 603 2 1 
 67 616 2 2 
 76 621 2 2 
 68 627 2 2 
 69 636 1 2 
 78 645 3 2 
 66 646 1 2 
 52 748 3 6 
 73 646 2 3 
 65 697 1 2 
 81 650 4 7 
 68 667 4 8 
 68 672 3 3 
 74 659 4 5 
 53 755 2 5 
 59 592 1 3 
 60 595 3 2 
 52 748 3 7 
 67 603 1 2 
 69 603 2 1 
 80 732 2 2 
 67 616 2 2 
 68 627 2 2 
 69 636 1 2 
 65 697 1 2 
 78 645 3 2 
 68 667 4 7 
 66 646 1 2 
 74 659 4 5 
 81 650 4 7 
 73 646 2 1 
 50 759 1 3 
 65 758 2 2 
 54 755 1 2 
 73 751 3 3 
 52 748 3 8 
 60 745 3 4 
 42 738 3 5 
 73 703 2 1 
 64 695 2 4 
 68 667 4 6 
 55 766 2 2 
 42 737 3 5 
 65 772 3 5 
 70 771 4 6 
 69 865 2 2 
 58 772 11 6 
 58 772 4 3 
 73 872 1 2 
 69 865 2 2 
 62 776 2 2 
 72 773 2 3 
 66 773 3 3 
 72 872 2 2 
 69 865 2 2 
 74 776 2 1 
 62 776 2 2 
 72 774 1 2 
 53 962 2 1 
 71 941 1 2 
 29 906 1 2 
 63 896 1 2 
 73 872 1 2 
 69 865 2 2 
 74 776 2 1 
 62 776 2 2 
 53 962 2 1 
 71 940 2 3 
 68 939 2 2 
 65 920 1 2 
 29 906 1 2 
 70 864 2 2 
 53 962 2 1 
 71 941 1 2 
 68 939 2 3 
 65 920 1 2 
 28 906 2 2 
 49 885 3 2 
 60 967 2 1 
 53 962 2 1 
 68 939 2 3 
 65 920 1 2 
 53 962 2 1 
 68 939 2 2 
 53 962 2 1 
 53 197 2 1 
 21 425 2 2 
 79 743 3 4 
 67 200 2 1 
 0 401 2 3 
 40 747 1 2 
 67 200 2 1 
 0 401 2 2 
 39 744 2 2 
 67 200 2 1 
 21 425 2 2 
 67 200 2 1 
 21 425 2 2 
 67 200 2 1 
 39 744 3 4 
 52 458 1 2 
 83 680 2 2 
 63 466 1 2 
 70 606 2 4 
 610 1017 3 2 
 70 608 2 2 
 70 608 2 2 
 70 608 2 2 
 609 1009 1 2 
 605 1017 8 9 
 70 662 2 2 
 609 1009 2 1 
 53 748 2 1 
 605 1017 8 7 
 53 749 2 2 
 69 664 2 3 
 609 1009 2 1 
 605 1018 6 6 
 69 664 2 3 
 605 1021 2 3 
 83 680 2 2 
 609 1009 2 1 
 67 744 2 2 
 87 713 3 3 
 87 713 3 3 
 79 641 2 2 
 65 644 2 2 
 65 644 2 2 
 65 644 2 2 
 65 644 2 2 
 65 644 2 2 
 65 644 2 2 
 65 644 2 2 
 67 700 3 3 
 67 700 3 3 
 67 700 2 5 
 65 694 2 2 
 65 694 2 2 
 84 651 2 2 
 84 650 2 2 
 84 650 2 2 
 617 1029 2 2 
 84 650 2 2 
 666 63 3 3 
 618 1029 1 3 
 61 807 2 2 
 666 63 3 3 
 12 804 2 3 
 665 63 3 3 
 12 804 2 2 
 665 63 3 3 
 63 772 2 3 
 665 63 3 3 
 63 771 2 3 
 665 63 3 3 
 47 753 2 1 
 665 63 3 3 
 665 63 3 3 
 81 741 1 2 
 60 741 2 2 
 60 741 2 2 
 59 701 2 2 
 59 701 2 2 
 59 701 2 2 
 59 701 2 2 
 59 701 2 2 
 59 700 2 3 
 59 700 3 3 
 59 700 3 3 
 59 700 3 2 
 53 743 2 2 
 81 961 1 2 
 59 700 2 2 
 59 700 2 2 
 59 700 2 2 
