 70 664 2 2 
 73 674 1 2 
 73 690 2 2 
 75 694 2 2 
 61 696 2 2 
 55 735 2 3 
 70 664 2 2 
 74 693 2 3 
 61 696 2 2 
 56 736 1 2 
 77 751 2 2 
 73 692 3 3 
 84 763 1 3 
 70 667 1 2 
 73 692 3 3 
 55 735 2 2 
 77 751 3 2 
 83 763 2 4 
 68 765 2 3 
 73 767 1 2 
 38 774 2 3 
 44 788 2 1 
 54 784 2 2 
 74 692 2 3 
 55 735 2 1 
 77 751 3 2 
 84 763 1 3 
 71 790 3 9 
 45 790 2 3 
 44 788 2 1 
 68 765 2 3 
 54 784 2 2 
 73 767 1 2 
 37 773 3 4 
 74 692 2 4 
 71 747 1 2 
 77 751 2 2 
 83 762 3 5 
 57 793 3 2 
 71 790 3 9 
 45 790 2 3 
 68 766 2 2 
 69 787 2 1 
 54 784 2 2 
 73 767 1 2 
 37 773 3 4 
 79 771 2 2 
 74 692 2 4 
 71 747 1 2 
 77 750 3 3 
 84 762 2 4 
 68 766 3 4 
 73 767 1 2 
 52 794 2 2 
 57 793 3 2 
 54 784 2 2 
 71 790 3 9 
 45 790 2 3 
 69 787 3 2 
 74 692 2 3 
 71 747 1 2 
 76 749 4 5 
 68 762 2 3 
 84 763 2 3 
 68 766 2 3 
 73 767 1 2 
 48 800 4 6 
 54 784 2 2 
 69 787 6 12 
 45 791 2 2 
 57 792 3 3 
 52 793 3 3 
 73 691 3 4 
 71 747 1 2 
 77 749 3 4 
 68 762 2 3 
 48 802 3 5 
 84 763 2 3 
 68 766 3 3 
 73 767 1 2 
 54 784 1 2 
 69 787 5 7 
 69 796 1 2 
 72 795 3 3 
 52 793 3 3 
 45 791 2 2 
 57 792 3 3 
 63 731 1 3 
 71 747 1 2 
 76 749 4 4 
 68 762 2 3 
 84 763 3 4 
 68 766 3 3 
 73 767 1 2 
 27 784 3 2 
 69 787 3 3 
 32 790 2 2 
 61 803 4 11 
 45 791 1 2 
 48 802 4 4 
 29 802 2 4 
 71 791 3 3 
 28 801 1 2 
 34 792 2 2 
 57 792 3 3 
 52 793 2 3 
 69 796 1 2 
 72 795 3 4 
 63 731 1 3 
 71 747 1 2 
 76 749 3 5 
 68 762 2 3 
 84 763 3 4 
 68 766 3 3 
 73 766 1 3 
 27 784 3 2 
 69 786 3 4 
 38 789 3 3 
 72 804 2 2 
 31 790 5 4 
 61 804 4 9 
 29 802 2 4 
 72 795 3 3 
 28 801 1 2 
 49 800 3 5 
 49 801 3 3 
 71 791 4 8 
 45 792 3 1 
 69 796 1 2 
 57 792 3 4 
 52 793 2 3 
 72 671 1 2 
 63 731 1 3 
 71 747 1 2 
 76 749 3 7 
 68 761 3 8 
 85 763 2 4 
 73 766 1 3 
 65 783 2 2 
 27 784 3 2 
 61 805 3 3 
 72 804 2 2 
 71 790 3 3 
 29 803 2 3 
 57 801 2 1 
 28 801 1 2 
 49 800 3 5 
 69 785 6 14 
 38 789 3 3 
 69 796 1 2 
 60 796 1 2 
 52 793 2 3 
 57 791 3 5 
 45 791 3 2 
 33 790 3 4 
 63 731 2 3 
 71 747 1 2 
 76 749 4 7 
 68 761 3 6 
 76 763 2 2 
 83 763 4 4 
 27 784 3 2 
 69 785 2 3 
 70 788 5 11 
 53 807 2 2 
 63 806 1 2 
 33 789 3 5 
 72 804 2 2 
 29 803 2 3 
 57 801 2 1 
 28 801 1 2 
 38 789 4 3 
 49 799 3 6 
 46 791 2 2 
 57 791 2 2 
 52 793 2 2 
 63 731 2 3 
 71 746 1 2 
 77 749 3 2 
 76 753 1 3 
 68 761 3 6 
 76 763 2 2 
 85 763 2 4 
 28 785 2 1 
 63 809 2 4 
 53 807 2 2 
 63 806 1 2 
 69 785 2 3 
 71 804 3 2 
 29 802 2 4 
 57 801 2 1 
 28 801 1 2 
 38 788 4 4 
 49 799 3 4 
 70 788 5 11 
 33 789 3 5 
 46 791 2 2 
 57 791 3 3 
 63 731 2 3 
 77 748 2 3 
 76 753 1 3 
 68 761 3 6 
 76 763 2 2 
 63 810 2 3 
 53 808 2 2 
 85 763 2 4 
 51 783 2 1 
 62 805 2 1 
 71 804 3 1 
 29 803 2 3 
 70 785 1 2 
 28 801 1 2 
 39 788 2 4 
 48 799 4 4 
 70 788 5 11 
 33 789 3 5 
 46 791 2 2 
 57 791 3 3 
 63 811 2 2 
 52 811 3 3 
 76 753 1 2 
 71 804 3 1 
 68 761 3 6 
 62 804 2 3 
 29 803 2 3 
 76 763 2 1 
 28 801 1 2 
 84 763 3 4 
 48 799 4 4 
 70 785 1 2 
 39 788 2 3 
 60 795 1 2 
 73 794 2 5 
 46 789 2 1 
 72 789 2 4 
 57 791 3 4 
 47 791 1 2 
 33 790 3 4 
 62 851 3 3 
 66 873 1 3 
 38 433 2 1 
 79 747 2 3 
 38 433 2 1 
 80 748 1 2 
 49 423 2 2 
 38 433 2 1 
 74 749 2 2 
 38 433 2 1 
 38 433 2 1 
 74 749 2 2 
 34 503 2 1 
 66 870 3 3 
 34 503 2 1 
 68 860 2 2 
 34 503 2 1 
 68 860 2 2 
 34 503 2 1 
 72 793 1 2 
 6 314 2 3 
 68 860 2 2 
 68 860 2 2 
 74 977 4 3 
 14 478 2 2 
 53 830 1 2 
 14 478 2 2 
 78 997 2 1 
 78 996 2 2 
 666 75 2 2 
 40 507 2 1 
 78 996 2 2 
 667 75 1 2 
 78 996 2 2 
 667 75 1 2 
 78 996 2 2 
 667 75 1 2 
 78 996 2 2 
 40 509 1 2 
 78 996 2 2 
 40 509 1 2 
 73 994 3 2 
 667 84 2 2 
 60 847 1 2 
 667 84 2 2 
 45 800 1 2 
 45 799 1 3 
 45 798 2 4 
 44 798 3 4 
 72 793 1 2 
 72 793 1 2 
 52 794 1 3 
 52 794 1 3 
 52 794 1 2 
 45 798 2 3 
 52 795 1 2 
 52 795 2 3 
 52 795 2 4 
 52 796 2 3 
 52 796 2 3 
 53 325 2 2 
 76 771 2 2 
 53 517 2 2 
 75 889 2 1 
 69 493 1 2 
 71 453 2 1 
 71 453 2 1 
 21 892 2 3 
 71 453 2 1 
 21 892 2 3 
 48 517 3 4 
 75 889 2 1 
 63 918 2 1 
 52 788 2 1 
 67 913 1 2 
 61 445 2 2 
 61 445 2 2 
 657 64 4 2 
 10 419 1 2 
 657 64 4 2 
 5 409 2 4 
 657 64 4 2 
 9 400 3 6 
 657 64 4 2 
 25 369 2 1 
 657 64 4 2 
 49 650 3 2 
 9 346 2 1 
 657 64 4 2 
 49 650 3 2 
 20 340 2 2 
 657 64 4 2 
 41 309 1 2 
 70 550 2 2 
