 256 541 9 5 
 253 548 11 5 
 254 554 5 4 
 251 559 6 4 
 247 564 9 5 
 243 570 12 6 
 244 575 6 6 
 242 580 5 5 
 240 586 5 4 
 236 590 8 7 
 232 597 7 6 
 232 603 5 4 
 231 609 4 4 
 228 614 5 5 
 224 619 8 8 
 221 626 7 5 
 221 631 5 5 
 220 638 5 4 
 217 643 7 6 
 214 649 6 6 
 214 661 4 5 
 212 667 6 5 
 208 673 8 6 
 208 679 5 4 
 208 685 5 4 
 207 690 7 5 
 204 696 7 6 
 204 702 5 4 
 205 707 4 5 
 204 712 6 5 
 201 718 8 6 
 43 723 2 3 
 42 721 2 2 
 201 733 7 5 
 200 739 7 5 
 200 744 5 4 
 202 749 3 3 
 200 753 6 4 
 198 758 7 5 
 199 762 5 4 
 200 767 4 3 
 199 771 6 4 
 197 776 7 5 
 199 780 3 4 
 199 785 4 3 
 656 61 4 3 
 198 788 6 4 
 656 61 4 3 
 197 793 6 5 
 656 61 4 3 
 198 797 3 3 
 656 61 4 3 
 656 61 4 3 
 199 800 3 3 
 656 61 4 3 
 197 804 7 4 
 39 290 2 2 
 656 61 4 3 
 197 807 5 4 
 656 61 4 3 
 199 811 2 2 
 52 582 1 2 
 199 814 3 2 
 77 610 2 2 
 39 290 2 2 
 197 817 6 3 
 82 603 2 1 
 39 290 2 2 
 15 374 3 3 
 75 629 1 2 
 58 584 2 2 
 197 827 5 4 
 58 584 2 2 
 58 584 2 2 
 58 584 2 2 
 199 837 4 3 
 664 71 1 2 
 664 71 1 2 
 664 71 1 2 
 664 71 1 2 
 664 71 1 2 
 664 71 1 2 
 649 64 2 2 
 649 64 2 2 
 1607 257 3 4 
 1607 257 2 2 
 1607 257 2 2 
 1607 257 2 2 
 1607 257 3 4 
 1607 257 3 4 
 1607 257 3 4 
 1607 257 3 5 
 1607 257 3 5 
 1608 259 2 1 
 1608 259 2 1 
 231 889 3 3 
 233 890 3 3 
 237 893 2 3 
 35 474 1 2 
 242 895 3 3 
 665 62 1 2 
 35 473 1 2 
 246 896 2 4 
 663 63 1 3 
 35 473 1 2 
 249 899 2 3 
 663 63 1 3 
 35 473 1 2 
 663 63 1 3 
 35 473 1 2 
