 1418 763 3 1 
 1273 1001 2 2 
 1247 1012 1 3 
 1246 985 1 2 
 1244 986 2 3 
 1249 988 2 2 
 1249 988 1 2 
 1244 990 2 5 
 1248 991 4 9 
 1243 995 4 11 
 1244 993 2 1 
 1248 991 3 10 
 1243 996 4 10 
 1248 993 3 8 
 1268 1018 6 4 
 1248 996 2 5 
 1258 1010 2 2 
 1244 998 1 2 
 1246 1044 2 2 
 1277 1021 2 1 
 1253 1046 2 2 
 1251 1047 3 2 
 1246 1027 2 2 
 1667 719 1 2 
 1235 307 4 2 
 1277 1020 3 2 
 1242 1035 13 6 
 1021 406 2 2 
 1241 1031 2 1 
 1020 405 3 3 
 1233 313 5 4 
 1301 1019 2 2 
 1264 1027 2 1 
 1023 450 1 2 
 1243 1023 13 6 
 1023 450 1 2 
 1042 433 3 2 
 1243 1022 13 7 
 1016 403 2 2 
 1244 1022 12 7 
 1008 418 4 4 
 1250 1013 3 4 
 1015 403 2 1 
 1248 1020 7 7 
 1016 402 3 3 
 1285 992 2 3 
 1240 317 2 1 
 1284 994 3 2 
 1234 315 3 2 
 1284 999 3 1 
 1233 315 4 2 
 1284 999 2 1 
 1233 315 4 2 
 1284 999 2 1 
 1015 403 2 1 
 1277 1018 2 3 
 1234 315 2 2 
 1279 996 4 4 
 1054 422 2 1 
 1279 996 4 4 
 1261 1068 3 1 
 1260 1070 2 3 
 1237 311 3 2 
 1279 995 3 5 
 1233 311 8 6 
 1233 310 8 7 
 1278 995 4 6 
 1232 310 9 7 
 1234 311 7 6 
 1278 995 3 6 
 1234 311 7 6 
 1234 311 6 6 
 1263 1015 1 2 
 1234 311 6 6 
 1263 1015 1 2 
 1258 1016 3 2 
 1472 768 1 2 
 1234 311 6 4 
 1464 777 2 2 
 1263 1015 2 2 
 1464 777 2 3 
 1245 990 3 12 
 1464 778 2 2 
 1245 990 2 4 
 1234 313 2 1 
 1464 778 2 2 
 1298 1025 3 4 
 1045 422 2 2 
 1460 780 4 5 
 1289 1022 12 7 
