 797 913 3 2 
 760 922 3 3 
 765 928 3 3 
 770 928 4 4 
 796 904 2 2 
 763 907 7 6 
 766 909 3 3 
 765 907 5 6 
 761 911 2 2 
 776 949 1 2 
 805 902 2 1 
 802 907 2 2 
 773 908 2 2 
 774 911 1 2 
 797 912 2 2 
 794 914 3 5 
 802 988 2 3 
 783 904 1 2 
 803 904 2 2 
 773 907 3 6 
 802 907 2 2 
 799 910 2 1 
 797 912 2 2 
 769 920 2 2 
 762 920 5 4 
 771 919 2 2 
 789 918 7 7 
 772 916 3 4 
 764 916 2 3 
 795 915 2 2 
 805 902 2 1 
 773 907 3 6 
 797 912 2 2 
 764 920 3 3 
 763 915 5 9 
 795 915 2 2 
 789 920 6 5 
 789 922 3 3 
 771 919 2 2 
 772 916 3 4 
 772 907 3 4 
 771 909 1 2 
 765 914 3 9 
 796 914 2 2 
 790 926 3 4 
 771 916 4 5 
 789 920 6 5 
 772 907 2 1 
 771 909 1 2 
 766 914 4 4 
 771 916 4 5 
 794 916 2 3 
 785 932 3 4 
 765 920 2 2 
 790 926 3 4 
 790 922 3 3 
 769 921 2 2 
 772 907 2 1 
 770 908 2 2 
 797 913 2 2 
 802 988 2 3 
 767 915 3 2 
 786 933 2 2 
 772 916 3 4 
 790 926 2 1 
 790 922 3 3 
 769 921 2 2 
 771 919 2 2 
 772 907 2 1 
 770 908 2 2 
 789 989 11 8 
 802 988 2 2 
 786 933 2 2 
 789 915 3 2 
 797 915 2 1 
 772 916 1 2 
 771 919 2 2 
 793 921 2 2 
 769 921 2 2 
 788 989 12 8 
 796 990 3 3 
 802 988 2 2 
 770 907 2 3 
 790 915 2 2 
 771 919 2 2 
 769 921 2 2 
 793 921 2 2 
 770 907 2 3 
 790 915 2 2 
 786 989 14 8 
 795 991 3 3 
 796 990 3 3 
 803 988 1 2 
 770 907 2 3 
 791 915 1 2 
 786 989 14 8 
 791 993 3 3 
 780 933 2 3 
 769 921 2 2 
 793 924 2 2 
 771 999 4 4 
 786 989 13 8 
 772 1001 2 2 
 1179 493 2 2 
 768 913 2 3 
 1179 493 2 2 
 767 913 3 3 
 1176 492 5 3 
 767 911 2 2 
 1175 492 7 4 
 767 910 3 3 
 1175 492 7 4 
 764 910 6 10 
 1175 492 7 4 
 787 930 2 2 
 1175 492 6 4 
 778 932 3 2 
 1130 504 3 2 
 825 991 2 3 
 1129 503 6 5 
 826 990 1 2 
 1133 502 3 4 
 822 995 3 4 
 1134 503 2 2 
 826 990 1 2 
 825 991 2 1 
 820 995 4 6 
 780 913 4 2 
 780 913 4 2 
 780 913 4 2 
 819 997 3 6 
 1178 492 3 3 
 771 1015 3 3 
 1178 492 3 3 
 773 1013 1 3 
 1175 491 5 4 
 771 1012 5 4 
 770 908 2 2 
 770 908 3 4 
 770 908 2 2 
 770 908 2 2 
 770 908 2 2 
 587 1042 2 3 
 780 910 2 2 
 784 908 3 1 
 784 908 3 3 
 779 905 2 1 
 779 905 2 1 
 784 903 1 2 
 825 990 2 3 
 825 990 2 3 
 776 904 7 4 
 776 904 5 2 
 779 905 2 1 
 770 906 1 2 
 770 906 1 2 
 770 906 1 2 
 770 906 1 2 
 796 908 2 2 
 796 908 2 2 
 765 911 4 7 
 1229 142 2 2 
 796 908 2 2 
 1229 142 2 2 
 772 937 5 3 
 1229 142 2 2 
 576 1022 2 1 
 1229 142 3 2 
 796 908 2 2 
 1229 142 3 2 
 796 908 2 2 
 1229 142 3 2 
 771 913 1 2 
 1230 142 3 1 
 771 918 3 3 
 1230 142 3 1 
 770 1009 8 8 
 1231 142 4 2 
 770 1011 2 2 
 1232 141 3 3 
 770 1010 6 4 
 1231 141 3 3 
 795 900 3 3 
 1448 82 4 11 
 784 903 2 2 
 1467 75 3 4 
 780 941 9 8 
 1467 72 3 8 
 780 941 9 10 
 1127 515 2 3 
 1469 72 2 4 
 795 993 1 3 
 1472 72 2 2 
 795 993 1 3 
 1472 72 2 2 
 795 993 1 3 
 1472 72 2 2 
 790 996 2 1 
 1472 72 2 2 
 780 1012 3 3 
 1472 72 2 2 
 808 909 1 2 
 1472 72 4 3 
 797 912 2 1 
 1472 71 4 4 
 797 912 2 1 
