 245 845 3 3 
 243 846 4 3 
 242 847 3 4 
 241 848 3 4 
 239 849 4 5 
 237 850 5 5 
 236 851 5 5 
 238 852 3 3 
 233 854 5 5 
 232 855 4 5 
 231 857 4 5 
 230 858 4 4 
 228 860 4 4 
 226 861 5 4 
 225 862 4 4 
 224 863 4 4 
 222 866 4 3 
 221 867 3 4 
 219 870 3 2 
 216 873 3 3 
 215 875 3 2 
 212 876 4 5 
 212 877 4 6 
 210 880 4 4 
 656 62 1 3 
 208 882 4 5 
 656 62 1 3 
 206 883 5 6 
 656 62 1 3 
 206 885 4 5 
 656 62 1 3 
 204 886 4 6 
 656 62 1 3 
 203 887 5 6 
 656 62 1 3 
 202 889 5 5 
 656 62 1 3 
 656 62 1 3 
 200 891 4 6 
 199 892 5 6 
 198 895 5 5 
 197 896 5 5 
 195 897 5 6 
 195 898 5 5 
 194 899 4 6 
 192 901 5 5 
 191 902 6 6 
 190 904 5 4 
 189 905 5 5 
 189 906 4 5 
 187 908 4 4 
 186 910 4 4 
 186 911 3 4 
 185 912 4 4 
 184 913 3 3 
 184 914 3 3 
 183 915 3 4 
 182 917 3 3 
 181 918 4 4 
 179 919 5 4 
 179 920 4 4 
 179 921 3 3 
 177 922 5 5 
 177 923 4 5 
 176 924 5 4 
 175 926 4 4 
 174 927 4 4 
 173 929 4 3 
 172 930 4 3 
 171 931 4 4 
 170 932 4 4 
 170 933 4 3 
 170 934 2 3 
 168 935 4 4 
 166 936 4 5 
 165 938 5 4 
 165 939 4 4 
 164 940 4 4 
 163 941 5 5 
 163 943 4 6 
 162 944 5 5 
 161 945 5 5 
 407 947 4 3 
 422 947 4 2 
 972 913 2 1 
