 51 732 2 2 
 37 693 1 2 
 42 709 2 5 
 42 715 2 1 
 49 669 2 2 
 48 674 4 6 
 37 693 1 2 
 45 697 3 2 
 42 712 3 5 
 56 728 2 2 
 49 669 2 2 
 48 676 4 5 
 36 693 2 3 
 54 731 2 2 
 45 697 3 2 
 54 728 2 2 
 41 709 3 2 
 41 712 3 6 
 59 761 3 1 
 49 668 2 3 
 54 730 3 3 
 57 727 1 2 
 54 727 2 3 
 48 677 4 4 
 36 693 2 4 
 40 712 4 6 
 41 709 3 2 
 45 697 3 2 
 51 699 2 1 
 65 769 4 3 
 59 761 3 1 
 54 730 3 3 
 54 728 2 2 
 57 727 1 2 
 46 825 3 2 
 37 846 2 2 
 49 829 2 1 
 34 842 4 4 
 32 844 5 10 
 33 848 3 3 
 66 279 3 2 
 1174 886 2 2 
 63 283 3 2 
 1174 886 1 2 
 1165 888 7 4 
 63 285 3 2 
 1161 889 4 4 
 63 286 2 3 
 1169 885 3 3 
 49 371 3 4 
 1162 889 3 2 
 59 329 3 5 
 1168 888 2 1 
 34 269 3 3 
 74 266 2 2 
 1168 888 2 1 
 52 263 2 1 
 1091 919 2 4 
 20 467 3 2 
 22 304 2 2 
 1100 544 3 3 
 1061 894 2 1 
 20 304 3 3 
 1100 544 3 2 
 1462 753 2 3 
 14 321 2 3 
 1100 544 3 2 
 1462 753 2 3 
