 840 786 3 3 
 841 785 3 3 
 833 779 3 3 
 838 777 3 3 
 832 777 3 3 
 817 768 26 22 
 831 772 3 3 
 817 768 26 22 
 820 773 3 3 
 814 772 27 18 
 819 774 3 3 
 820 772 3 4 
 845 784 4 2 
 807 776 15 10 
 814 776 2 4 
 805 788 39 14 
 808 789 36 13 
 813 789 3 3 
 818 771 4 3 
 822 790 20 11 
 810 789 11 5 
 813 789 3 3 
 822 785 2 2 
 824 778 5 4 
 825 779 3 3 
 816 770 6 5 
 816 771 3 3 
 823 790 19 12 
 832 795 3 3 
 827 795 4 3 
 812 789 9 5 
 817 791 3 3 
 813 789 3 3 
 824 779 9 6 
 825 782 3 3 
 825 779 3 3 
 816 771 3 3 
 816 770 7 5 
 810 802 2 2 
 806 807 3 2 
 822 806 2 2 
 805 807 5 4 
 824 776 2 3 
 824 776 2 4 
 824 777 4 3 
 824 777 5 4 
 829 773 5 8 
 828 769 3 3 
 828 769 3 3 
 830 768 3 3 
 204 788 1 2 
 830 768 3 3 
 204 788 1 2 
 204 788 1 2 
 204 788 1 2 
 203 792 2 3 
 813 776 4 8 
 813 777 4 6 
 814 778 2 2 
 813 781 2 2 
 813 781 2 3 
 813 781 2 2 
 833 791 4 6 
 808 794 3 3 
 801 791 3 3 
 814 801 3 2 
 811 779 4 2 
 810 789 3 3 
 811 791 3 3 
 802 790 3 3 
 798 788 3 3 
 809 789 3 4 
 825 773 2 1 
 1283 204 4 4 
 824 769 3 3 
 657 63 2 1 
 832 778 2 2 
 821 786 4 3 
 657 63 2 1 
 821 786 4 3 
 657 63 2 1 
 657 63 2 1 
 825 772 9 8 
 657 63 2 1 
 826 776 1 2 
 657 63 2 1 
 838 785 3 4 
 657 63 2 1 
 657 63 2 1 
 809 789 2 2 
 1278 203 9 4 
 986 118 2 3 
 826 790 2 2 
 799 796 5 7 
 811 773 5 5 
 811 771 6 7 
 813 770 3 3 
 811 769 8 9 
 816 769 3 5 
 831 777 3 3 
 802 788 4 3 
 831 778 3 4 
 830 779 2 1 
 839 796 4 4 
 988 116 3 8 
 828 771 2 2 
 899 853 2 2 
 828 771 2 2 
 828 771 2 2 
 828 771 2 2 
 828 771 2 2 
 828 771 2 2 
 819 800 4 5 
 902 854 2 2 
 818 800 6 5 
 813 800 11 5 
 818 798 6 7 
 816 798 8 7 
 818 798 6 7 
 820 801 3 3 
