 75 694 2 1 
 65 834 2 4 
 36 747 3 3 
 50 754 2 1 
 83 717 2 2 
 61 839 3 3 
 58 599 2 2 
 59 600 2 2 
 77 678 1 2 
 70 679 4 3 
 59 600 2 2 
 76 678 2 3 
 70 679 4 3 
 82 691 2 3 
 59 600 2 2 
 76 678 2 2 
 70 679 4 3 
 83 692 2 2 
 75 694 2 1 
 76 678 2 2 
 70 679 4 3 
 76 693 1 2 
 81 695 2 2 
 76 678 2 2 
 70 679 4 3 
 80 696 2 1 
 80 701 2 3 
 45 765 2 2 
 80 701 3 3 
 34 771 2 2 
 71 843 2 3 
 71 843 2 2 
 44 745 1 2 
 44 745 1 2 
 44 745 1 2 
 79 701 2 3 
 44 745 1 2 
 74 725 2 3 
 73 732 2 2 
 73 732 2 2 
 42 744 3 3 
 42 744 3 4 
 75 723 1 2 
 72 719 2 1 
 72 719 2 1 
 72 719 2 1 
 75 723 1 2 
 70 724 1 2 
 72 728 2 2 
 72 728 2 2 
 74 731 1 2 
 74 731 1 2 
 74 731 1 2 
 73 703 2 2 
 73 703 2 2 
 636 70 2 4 
 636 70 2 4 
 40 755 2 2 
 636 70 2 4 
 40 755 2 2 
 636 70 2 4 
 40 755 2 2 
 636 70 2 4 
 40 755 2 2 
 636 70 2 4 
 40 755 2 2 
 636 70 2 4 
 636 70 2 4 
 42 774 2 2 
 655 61 3 2 
 655 61 3 2 
 655 61 3 2 
 655 61 3 2 
 655 61 3 2 
 64 816 2 1 
 655 61 3 2 
 64 816 2 1 
 655 61 3 2 
 68 820 2 2 
 655 61 3 2 
 68 820 2 2 
 63 837 2 1 
 63 837 2 1 
 63 837 2 1 
