 410 1002 3 2 
 409 1004 4 4 
 409 1004 3 3 
 407 1006 5 4 
 407 1008 4 4 
 406 1009 5 5 
 405 1011 5 5 
 404 1013 6 5 
 405 1016 4 4 
 405 1017 4 5 
 405 1019 5 5 
 405 1021 4 4 
 404 1023 5 4 
 405 1026 4 3 
 403 1030 4 4 
 400 1032 5 4 
 399 1033 6 5 
 394 1044 3 3 
 394 1053 3 3 
 393 1054 3 4 
 393 1056 3 4 
 655 63 4 3 
 390 1057 7 5 
 655 63 4 3 
 390 1059 6 4 
 655 63 4 3 
 390 1060 6 5 
 655 63 4 3 
 390 1063 5 4 
 655 63 4 3 
 390 1064 4 5 
 655 63 4 3 
 389 1065 4 5 
 655 63 4 3 
 655 63 4 3 
 934 952 3 6 
 934 952 3 6 
 934 952 3 6 
 383 1070 5 6 
 382 1071 6 6 
 936 951 2 4 
 379 1073 7 7 
 379 1075 6 5 
 379 1077 5 3 
 936 951 3 4 
 936 951 3 4 
 936 951 3 3 
 936 951 3 3 
 936 951 3 3 
 936 951 3 8 
 936 952 3 7 
 936 952 3 7 
 937 952 2 7 
