 62 555 4 5 
 74 663 2 3 
 63 671 2 2 
 72 422 2 2 
 62 555 4 5 
 74 589 1 2 
 83 620 1 2 
 47 640 2 2 
 74 663 2 2 
 63 671 2 2 
 66 672 2 2 
 9 371 2 2 
 30 460 2 2 
 62 553 4 7 
 83 620 1 2 
 47 640 2 2 
 74 646 1 2 
 74 663 2 2 
 63 671 2 2 
 66 672 2 2 
 65 674 3 3 
 30 460 2 2 
 62 553 4 7 
 47 640 2 2 
 74 663 2 2 
 63 671 2 2 
 66 672 2 2 
 65 674 3 3 
 75 690 1 2 
 62 553 2 4 
 65 557 2 3 
 82 619 1 2 
 85 625 2 2 
 47 640 2 2 
 74 646 1 2 
 63 671 2 2 
 66 672 2 2 
 65 674 3 3 
 75 690 1 2 
 85 696 2 1 
 83 725 2 2 
 41 727 3 2 
 62 553 2 2 
 65 557 2 2 
 77 591 1 2 
 82 619 1 2 
 75 620 1 3 
 85 625 2 2 
 47 640 2 2 
 73 641 2 2 
 74 646 1 2 
 67 648 1 2 
 66 672 2 2 
 67 675 1 2 
 75 690 1 2 
 87 695 2 1 
 83 725 2 2 
 41 727 3 2 
 86 728 2 2 
 69 734 2 2 
 62 553 3 3 
 65 557 2 2 
 63 588 2 2 
 77 591 1 2 
 75 619 2 3 
 82 619 1 2 
 84 621 2 3 
 84 625 2 5 
 47 639 3 3 
 50 735 3 3 
 69 734 2 2 
 73 639 2 2 
 66 646 3 4 
 74 646 1 2 
 87 695 2 1 
 41 727 3 2 
 83 725 2 2 
 81 738 2 2 
 50 735 3 3 
 69 734 2 2 
 83 732 1 2 
 41 727 3 2 
 83 725 4 3 
 83 725 3 3 
 66 646 3 4 
 74 646 1 2 
 87 695 2 1 
 78 744 2 1 
 65 751 5 4 
 69 752 2 2 
 70 791 2 3 
 68 786 2 2 
 62 784 2 1 
 70 791 2 2 
 68 786 2 2 
 64 220 2 1 
 1702 1025 2 3 
 56 231 2 2 
 1677 994 2 2 
 83 713 2 2 
 56 231 2 2 
 1701 1026 4 4 
 83 713 2 2 
 1701 1026 3 5 
 62 261 2 1 
 2 563 2 3 
 62 261 2 1 
 1677 1037 3 4 
 12 569 2 2 
 40 481 2 1 
 1676 1038 4 3 
 68 690 3 2 
 40 481 2 1 
 1676 1038 4 4 
 68 690 3 2 
 1738 1054 2 1 
 62 572 2 3 
 1532 845 2 2 
 33 395 2 1 
 1738 1054 2 1 
 71 604 2 1 
 1532 845 2 2 
 33 395 2 1 
 1728 1060 3 3 
 71 604 2 1 
 1533 845 1 2 
 71 412 2 3 
 1728 1061 3 3 
 44 708 2 1 
 61 403 2 3 
 1701 1077 2 3 
 1445 845 3 3 
 70 401 4 3 
 1727 1062 4 3 
 44 708 2 1 
 69 399 5 5 
 1738 1055 3 3 
 36 711 2 2 
 656 63 4 4 
 1738 1055 3 3 
 33 395 1 2 
 75 652 2 1 
 656 63 4 4 
 1738 1056 3 2 
 33 395 1 2 
 75 652 2 1 
 656 63 4 4 
 1738 1056 3 2 
 33 395 1 2 
 70 626 1 2 
 1543 846 2 2 
 656 63 4 4 
 1738 1056 3 2 
 28 383 1 2 
 58 584 3 4 
 1543 846 2 2 
 656 63 4 4 
 1727 1062 4 3 
 28 383 1 2 
 59 584 2 4 
 1649 844 4 2 
 656 63 4 4 
 1738 1055 3 3 
 29 368 2 3 
 69 583 2 2 
 1570 835 2 2 
 656 63 4 4 
 1737 1055 4 3 
 41 299 2 2 
 69 583 2 2 
 1570 835 2 2 
 656 63 4 4 
 1733 1047 2 2 
 41 299 2 2 
 72 602 2 3 
 1641 830 2 1 
 1733 1047 2 2 
 24 375 3 2 
 71 601 3 4 
 1641 830 2 1 
 43 380 2 2 
 1579 1066 1 2 
 71 601 2 3 
 1648 844 5 2 
 1579 1077 3 3 
 42 378 3 4 
 71 601 4 3 
 1648 844 5 2 
 1579 1077 3 3 
 42 379 3 3 
 71 601 2 3 
 670 803 2 2 
