 47 481 1 2 
 50 378 2 2 
 36 394 2 1 
 72 404 2 2 
 69 578 2 2 
 80 651 1 2 
 28 748 3 3 
 33 757 2 2 
 39 719 3 4 
 79 715 2 2 
 39 719 3 4 
 28 747 2 2 
 79 715 2 2 
 41 721 1 2 
 49 764 2 2 
 79 715 2 2 
 77 743 1 2 
 50 765 2 1 
 50 765 2 1 
 64 777 2 2 
 63 793 2 2 
 66 836 2 2 
 63 801 2 1 
 58 858 2 2 
 62 877 1 2 
 65 862 3 3 
 62 877 1 2 
 80 730 2 2 
 81 607 1 2 
 1 809 2 2 
 61 877 2 3 
 61 877 2 4 
 61 877 2 4 
 61 878 2 3 
 73 617 2 2 
 25 327 2 1 
 76 744 3 3 
 60 279 2 2 
 15 783 2 1 
 664 63 1 2 
 59 540 2 3 
 25 290 2 3 
 664 63 1 2 
 78 746 1 3 
 25 290 2 3 
 660 65 2 4 
 82 600 1 2 
 34 385 1 2 
 660 65 2 4 
 73 617 2 2 
 44 276 2 1 
 660 65 2 4 
 71 594 1 2 
 44 276 2 1 
 660 65 2 4 
 71 594 1 2 
 44 276 3 1 
 660 65 2 4 
 41 375 2 2 
 660 65 2 4 
 48 376 1 2 
 34 502 3 3 
 67 187 2 1 
 59 213 2 2 
 59 213 2 2 
 59 213 2 2 
 27 885 2 2 
 59 213 2 2 
 27 885 2 3 
 26 885 3 3 
 56 376 2 2 
 83 589 4 7 
 59 213 2 2 
 88 605 3 2 
 55 282 2 2 
 8 540 2 3 
 67 185 2 1 
 19 408 2 4 
 66 184 4 3 
 19 408 2 4 
 66 184 4 3 
 19 408 1 3 
 66 184 4 3 
 19 408 1 2 
 66 184 4 3 
 32 494 2 2 
 66 184 4 3 
 33 481 2 3 
 66 184 4 3 
 34 385 1 2 
 66 184 4 3 
 39 421 2 2 
 65 185 3 2 
 39 421 3 2 
 653 63 4 3 
 56 641 2 2 
 653 63 4 3 
 0 669 2 4 
 70 430 2 2 
 653 63 4 3 
 34 385 1 2 
 653 63 4 3 
 83 611 2 2 
 34 385 1 2 
 653 63 4 3 
 57 458 2 2 
 653 63 4 3 
 57 458 2 2 
 653 63 4 3 
 63 689 3 2 
 653 63 4 3 
 330 1046 3 2 
 43 382 1 2 
 86 621 3 5 
 330 1046 3 2 
 63 689 3 2 
 11 387 1 2 
 57 458 2 2 
 330 1046 3 2 
 326 1051 2 2 
 69 426 3 6 
 39 633 4 4 
 34 385 1 2 
 326 1051 2 2 
 78 591 3 2 
 70 193 2 1 
 326 1051 2 2 
 41 635 2 2 
 67 193 3 3 
 326 1051 2 2 
 28 748 4 4 
 70 193 2 1 
 29 748 4 4 
 70 193 2 1 
 29 747 4 4 
 0 394 2 4 
 68 193 4 3 
 29 748 4 3 
 68 193 4 3 
 39 672 2 2 
 68 193 4 3 
 39 672 2 2 
 68 193 4 3 
 30 748 3 1 
 68 193 4 3 
 30 748 3 1 
 68 194 3 2 
 39 672 2 2 
 69 194 2 1 
 39 671 2 3 
 69 194 2 1 
 39 671 2 3 
 36 215 2 1 
 83 712 2 1 
 660 71 2 1 
 74 632 3 2 
 11 301 1 2 
 660 71 2 1 
 39 636 4 1 
 11 301 1 2 
 71 193 1 2 
 38 634 4 3 
 0 399 1 2 
 47 238 2 2 
 83 630 2 2 
 47 238 2 2 
 74 636 2 4 
 62 208 1 2 
 16 558 2 3 
 62 208 1 2 
 16 558 2 2 
 35 292 1 2 
 75 637 1 3 
 26 324 1 2 
 57 586 3 3 
 26 324 1 2 
 57 586 3 3 
