 32 92 2 2 
 15 98 2 3 
 43 108 6 9 
 58 793 2 2 
 28 84 10 9 
 32 85 2 2 
 28 87 7 6 
 28 91 2 2 
 15 98 1 3 
 13 99 3 3 
 15 100 3 2 
 15 101 2 1 
 28 168 2 2 
 46 196 2 2 
 7 238 2 2 
 655 83 2 3 
 73 645 2 2 
 655 83 2 3 
 73 645 2 2 
 655 83 2 3 
 54 583 3 2 
 655 83 2 3 
 56 585 3 3 
 56 585 3 3 
 22 100 2 2 
 23 100 1 2 
 73 650 1 3 
 35 83 5 3 
 66 627 2 4 
 36 177 4 3 
 35 84 5 2 
 35 84 5 2 
 35 84 5 2 
 35 84 5 2 
 55 177 1 2 
 20 193 3 2 
 38 84 2 2 
 53 180 1 3 
 34 202 2 2 
 627 62 9 7 
 627 62 9 7 
 627 62 9 7 
 627 62 9 7 
 627 62 9 7 
 43 294 2 2 
 627 62 9 6 
 28 296 3 4 
 627 62 9 6 
 627 62 9 6 
 3 245 4 7 
 51 183 1 2 
 36 176 2 3 
 34 175 3 3 
 651 69 1 2 
 71 602 8 8 
 651 69 1 2 
 74 608 5 5 
 651 69 1 2 
 70 606 9 8 
 12 320 2 3 
 651 69 1 2 
 53 706 5 9 
 651 69 1 2 
 45 736 3 2 
 651 69 1 2 
 41 734 2 2 
 651 69 1 2 
 53 743 2 2 
 3 323 2 1 
 32 171 2 2 
 58 797 7 3 
 4 392 2 3 
