 986 1016 2 3 
 982 1017 3 3 
 989 1019 3 3 
 981 1047 2 3 
 991 1023 3 4 
 991 1024 3 3 
 993 1025 1 2 
 1040 1072 2 2 
 719 1076 2 2 
 756 1075 3 2 
 741 1075 5 3 
 1041 1074 3 4 
 998 1029 2 2 
 999 1033 2 2 
 999 1033 2 2 
 1093 1055 3 3 
 1040 1072 5 6 
 1039 1068 2 2 
 1040 1072 3 1 
 1043 1074 2 2 
 1073 1078 3 2 
 960 1026 3 3 
 711 1078 3 2 
 832 1034 2 1 
 832 1034 2 1 
 832 1034 2 1 
 832 1034 2 1 
 832 1034 2 1 
 526 34 2 2 
 830 1022 2 1 
 526 34 2 2 
 830 1022 2 1 
 526 34 2 2 
 830 1022 2 1 
 526 34 2 2 
 831 1032 2 1 
 521 36 3 2 
 835 1039 2 2 
 521 36 3 2 
 835 1039 2 2 
 521 36 3 2 
 835 1039 2 2 
 521 36 3 2 
 835 1039 2 2 
 835 1039 2 2 
 835 1039 2 2 
 835 1039 2 2 
 836 1039 2 2 
 797 1063 4 4 
 797 1063 4 4 
 797 1063 4 4 
 828 1048 1 2 
 828 1048 1 2 
 836 1039 2 2 
 739 1076 3 2 
 796 1069 1 2 
 1083 1063 1 2 
 1083 1063 1 2 
 1083 1063 1 2 
 1039 1072 2 3 
 710 1076 5 4 
 1039 1072 1 2 
 834 1021 3 3 
 834 1021 3 3 
 834 1021 3 3 
 834 1021 3 3 
 695 1074 2 2 
 695 1074 2 2 
 716 1075 3 3 
 780 1078 2 2 
 998 1021 2 2 
 994 1023 2 2 
 995 1023 2 3 
 995 1023 1 2 
 832 1035 1 2 
 832 1035 1 2 
