 994 1019 6 7 
 998 1020 3 3 
 997 1021 3 3 
 997 1020 5 6 
 1007 1031 1 2 
 1007 1031 1 2 
 1015 1035 5 3 
 955 1024 3 3 
 955 1023 4 6 
 1007 1031 1 2 
 1014 1036 3 2 
 1018 1037 2 2 
 955 1024 3 3 
 955 1023 5 6 
 1016 1036 1 4 
 1018 1038 3 3 
 1000 1039 6 8 
 955 1024 5 5 
 1015 1036 2 2 
 1000 1042 4 6 
 956 1025 3 4 
 1000 1043 4 5 
 1001 1045 3 3 
 1022 1052 4 4 
 1022 1052 4 4 
 1021 1055 2 2 
 1015 1037 2 1 
 1043 1065 6 7 
 1040 1065 2 3 
 1021 1044 3 2 
 1022 1052 4 4 
 1021 1055 2 2 
 1041 1064 8 10 
 1045 1067 3 3 
 1044 1065 3 3 
 1016 1037 1 2 
 1022 1052 4 4 
 1021 1055 2 2 
 1041 1069 2 3 
 1033 1069 3 2 
 1042 1070 7 6 
 1042 1072 3 3 
 1045 1070 3 4 
 1042 1071 6 4 
 1042 1072 3 3 
 797 1068 1 2 
 1043 1072 4 2 
 829 1036 2 1 
 1024 1053 1 2 
 1040 1070 2 2 
 1457 412 2 4 
 832 1034 3 5 
 832 1035 3 4 
 832 1035 3 4 
 833 1035 2 1 
 833 1035 2 1 
 832 1037 2 2 
 832 1035 2 4 
 833 1035 1 3 
 836 1036 2 3 
 836 1036 2 3 
 833 1035 2 2 
 1047 1071 1 2 
 833 1035 2 2 
 519 36 2 2 
 797 1066 2 2 
 519 36 2 2 
 797 1066 2 2 
 519 36 2 2 
 519 36 2 2 
 519 36 2 2 
 519 36 2 2 
 461 1047 4 5 
 519 36 2 2 
 460 1047 5 5 
 519 36 2 2 
 462 1053 1 2 
 462 1053 1 2 
 658 208 13 14 
 631 208 3 3 
 460 1047 5 4 
 1043 1072 3 2 
 632 208 2 1 
 632 208 2 1 
 632 208 2 1 
 460 1049 1 2 
 632 208 3 1 
 460 1049 1 2 
 632 208 3 1 
 632 208 3 1 
 527 40 2 1 
 527 40 2 1 
 522 41 2 1 
 522 41 2 1 
 1011 1031 1 2 
 522 41 2 1 
 522 41 2 1 
 522 41 2 1 
 1011 1031 1 2 
 522 41 2 1 
 1043 1066 1 2 
 627 195 2 1 
 627 195 2 1 
 1011 1031 1 2 
 627 195 2 1 
 630 190 3 2 
 630 190 2 2 
 1041 1072 6 4 
 631 189 3 3 
 1041 1072 6 4 
 631 189 3 3 
 1042 1072 5 4 
 631 189 3 3 
 1042 1072 5 4 
 631 189 3 3 
 1039 1066 5 3 
 631 189 3 3 
 1042 1074 6 3 
 631 189 3 3 
 1042 1074 6 3 
 631 189 3 3 
 1042 1073 6 4 
 632 189 2 4 
 1042 1073 6 4 
 632 189 2 4 
 639 190 2 2 
 1043 1066 1 2 
 639 190 3 2 
