 26 742 2 1 
 33 766 1 2 
 36 804 2 1 
 33 766 1 2 
 57 793 1 3 
 36 804 2 1 
 56 827 2 2 
 62 834 1 2 
 80 672 2 4 
 33 766 2 3 
 55 791 2 1 
 57 793 1 3 
 56 827 2 2 
 65 839 2 2 
 80 672 2 3 
 44 762 2 2 
 33 766 2 3 
 65 839 2 2 
 56 910 1 2 
 44 762 2 2 
 33 766 4 4 
 54 789 3 3 
 63 936 2 4 
 56 851 2 2 
 55 894 2 1 
 63 934 2 6 
 66 941 4 4 
 72 946 2 3 
 61 956 2 3 
 102 975 2 2 
 77 949 1 2 
 77 952 3 3 
 60 956 3 3 
 76 958 5 3 
 75 962 3 3 
 77 966 3 3 
 75 962 7 7 
 55 967 1 2 
 86 983 2 2 
 80 978 3 3 
 96 979 2 2 
 86 983 2 2 
 82 983 2 2 
 96 979 2 2 
 81 979 2 2 
 72 976 3 4 
 81 971 2 1 
 54 951 3 3 
 61 957 2 3 
 76 958 4 3 
 75 963 6 6 
 86 983 2 2 
 82 983 2 2 
 72 976 3 4 
 81 971 2 3 
 53 967 3 2 
 75 964 6 5 
 76 958 4 4 
 61 957 3 3 
 72 976 3 4 
 81 971 2 3 
 94 970 2 2 
 53 967 2 2 
 75 965 5 4 
 75 959 5 3 
 72 976 2 4 
 93 969 4 3 
 53 967 2 2 
 75 965 4 4 
 77 958 3 3 
 54 952 3 2 
 93 969 4 3 
 53 967 2 2 
 93 968 4 4 
 72 674 2 1 
 1584 1068 4 3 
 1586 1068 2 3 
 81 696 2 1 
 72 426 2 2 
 43 763 2 2 
 50 758 3 2 
 1506 1004 1 2 
 81 672 1 2 
 1508 1005 2 2 
 51 759 2 3 
 1508 1004 2 3 
 40 741 1 2 
 1508 1004 3 3 
 40 741 1 2 
 82 994 5 3 
 48 780 3 7 
 1508 1004 3 3 
 25 449 2 2 
 1508 1004 3 3 
 57 794 1 2 
 656 61 3 2 
 1508 1004 3 3 
 5 449 3 3 
 37 748 1 2 
 656 61 3 2 
 1508 1004 3 3 
 25 449 2 3 
 656 61 3 2 
 1508 1004 2 3 
 60 273 2 2 
 30 485 1 2 
 657 61 2 2 
 1508 1003 3 2 
 60 271 3 3 
 30 485 1 2 
 657 61 2 2 
 1507 1006 4 2 
 60 271 3 3 
 30 485 1 2 
 657 61 2 2 
 1507 1006 4 2 
 43 268 2 2 
 54 209 1 2 
 621 1000 2 2 
 9 412 1 2 
 80 690 2 2 
 56 209 2 2 
 621 1000 2 2 
 22 435 1 2 
 71 206 2 2 
 37 411 2 3 
 56 208 2 1 
 88 965 2 1 
 5 417 2 3 
 56 208 2 1 
 1508 1007 1 2 
 756 800 1 2 
 5 417 3 3 
 56 203 2 2 
 1508 1007 1 2 
 5 416 3 4 
 53 208 3 1 
 1508 1007 1 2 
 5 416 3 4 
 755 801 3 5 
 59 255 2 1 
 1508 1007 2 2 
 755 799 2 1 
 39 290 2 1 
 1506 1007 4 3 
 755 799 3 3 
 67 508 2 2 
 27 279 2 2 
 1506 1007 4 3 
 56 491 2 1 
 755 799 3 3 
 27 278 2 4 
 1506 1007 4 3 
 73 487 2 1 
 756 799 2 3 
 650 63 4 3 
 60 272 1 2 
 1535 1017 4 3 
 650 63 4 3 
 60 272 1 2 
 1535 1017 4 3 
 650 63 4 3 
 60 272 1 2 
 1558 1024 2 2 
 650 63 4 3 
 34 360 3 2 
 1558 1024 2 2 
 76 665 3 8 
 51 253 2 1 
 1558 1024 2 2 
 61 228 1 2 
 1558 1024 2 2 
 61 228 1 2 
 1558 1024 2 2 
 35 493 2 1 
 55 199 2 1 
 1558 1024 2 2 
 24 409 3 3 
 59 198 2 2 
 1558 1024 2 2 
 24 408 4 4 
 59 197 2 3 
 1558 1024 2 2 
 0 399 1 4 
