 59 545 2 2 
 59 544 2 3 
 61 549 4 3 
 59 544 2 2 
 61 549 4 3 
 58 584 1 2 
 74 591 2 3 
 80 613 2 1 
 61 549 4 3 
 70 587 3 4 
 74 591 2 2 
 50 602 2 2 
 75 614 1 3 
 61 549 4 3 
 11 566 2 1 
 58 584 2 4 
 70 587 3 4 
 74 591 2 2 
 50 602 3 4 
 75 608 2 2 
 74 621 3 4 
 80 624 1 2 
 77 627 2 2 
 83 628 2 2 
 61 549 4 3 
 11 566 2 1 
 58 584 3 4 
 70 587 3 4 
 74 591 2 2 
 51 602 3 3 
 49 602 5 5 
 75 608 2 1 
 79 612 2 3 
 79 630 1 3 
 80 627 3 2 
 77 627 2 2 
 80 624 2 2 
 77 618 3 2 
 73 621 4 7 
 61 549 3 3 
 10 565 2 2 
 58 584 3 4 
 70 587 3 4 
 74 592 2 1 
 51 602 3 3 
 49 602 5 5 
 79 636 2 2 
 79 630 1 3 
 80 627 4 4 
 80 625 2 1 
 75 608 2 1 
 79 612 2 3 
 77 618 3 2 
 73 621 4 7 
 46 640 2 3 
 81 628 4 2 
 57 727 1 3 
 72 732 2 2 
 57 731 2 2 
 56 728 3 2 
 56 731 3 2 
 656 62 4 3 
 55 728 4 5 
 656 62 4 3 
 56 729 2 1 
 656 62 4 3 
 57 731 1 2 
 656 62 4 3 
 105 980 3 3 
 52 297 1 2 
 656 62 4 3 
 106 980 3 3 
 68 750 3 3 
 40 388 2 2 
 656 62 4 3 
 106 982 3 1 
 78 750 3 4 
 40 388 2 2 
 656 62 4 3 
 106 982 3 1 
 63 750 3 5 
 6 400 3 4 
 656 62 4 3 
 106 982 3 1 
 67 751 6 3 
 22 357 1 3 
 106 982 3 1 
 68 751 5 4 
 22 357 1 3 
 22 357 1 3 
 106 982 3 1 
 78 752 3 4 
 34 391 2 2 
 97 974 1 2 
 61 637 2 3 
 66 399 1 2 
 31 637 4 4 
 65 417 2 2 
 31 637 4 4 
 72 401 1 2 
 31 637 4 3 
 40 388 2 2 
 80 608 4 2 
 17 402 3 3 
 78 605 8 5 
 34 344 2 2 
 70 580 2 2 
 34 344 2 2 
 69 579 4 6 
 34 344 2 2 
 68 578 9 12 
 29 374 2 1 
 68 578 10 12 
 29 374 2 1 
 68 578 5 7 
 17 401 2 3 
 58 602 2 3 
 3 545 2 2 
 69 579 4 6 
 3 544 2 3 
 648 61 3 5 
 3 544 2 3 
 648 61 3 5 
 58 263 1 2 
 3 544 2 3 
