 71 596 2 1 
 77 609 1 2 
 80 609 3 3 
 73 611 2 2 
 63 576 2 2 
 63 576 2 2 
 48 598 1 2 
 63 576 2 2 
 47 598 2 2 
 43 601 2 3 
 63 576 2 2 
 43 602 2 2 
 76 610 2 2 
 63 576 2 2 
 48 588 1 2 
 76 598 2 2 
 43 602 2 2 
 29 632 2 3 
 63 576 1 2 
 47 588 2 2 
 76 598 2 2 
 43 602 2 2 
 29 633 2 2 
 70 634 2 2 
 70 637 2 2 
 71 644 2 2 
 70 645 2 1 
 71 715 1 2 
 79 716 2 2 
 71 715 1 2 
 79 716 2 2 
 65 777 1 2 
 79 716 2 2 
 50 581 3 2 
 50 581 3 2 
 59 581 5 3 
 52 581 1 2 
 51 581 2 2 
 48 600 3 3 
 48 600 3 3 
 48 600 2 3 
 60 619 2 2 
 40 700 3 6 
 29 633 3 5 
 81 619 2 2 
 665 63 5 2 
 14 783 2 2 
 71 398 2 3 
 665 63 4 2 
 14 783 2 2 
 665 63 4 2 
 14 783 2 2 
 665 63 5 2 
 14 783 2 2 
 665 63 4 2 
 45 906 2 2 
 76 620 1 2 
 665 63 4 2 
 14 783 2 2 
 665 63 5 2 
 14 783 2 2 
 51 582 1 2 
 665 63 5 2 
 22 391 3 3 
 74 636 4 7 
 74 636 4 6 
 22 391 3 3 
 59 282 2 2 
 89 617 3 3 
 63 215 1 2 
 59 263 3 2 
 28 519 2 1 
 67 188 3 2 
 40 702 3 4 
 67 188 3 2 
 40 702 3 4 
 2 396 2 2 
 68 186 4 3 
 39 565 3 4 
 68 186 2 1 
 39 565 3 4 
 65 192 2 2 
 39 565 3 4 
 61 214 2 2 
 33 226 2 1 
 62 451 1 2 
 13 787 2 1 
 39 389 2 2 
 35 386 2 2 
 41 396 3 1 
 19 304 1 3 
 51 572 4 5 
 19 304 2 4 
 59 581 3 3 
 19 304 2 6 
 78 727 2 3 
 19 305 2 6 
 70 735 1 3 
 18 305 3 6 
 66 782 1 2 
 667 73 3 3 
 18 306 3 5 
 52 872 2 2 
 80 611 2 1 
 52 871 4 4 
 667 73 3 3 
 18 306 3 5 
 80 611 2 2 
 667 73 3 3 
 17 305 4 6 
 52 871 4 4 
 80 611 2 2 
 667 73 3 3 
 17 306 4 5 
 61 879 1 2 
 667 73 3 3 
 17 306 4 5 
 52 871 4 4 
 80 611 2 2 
 667 73 3 3 
 19 308 2 3 
 52 871 4 4 
 80 611 2 2 
 667 73 3 3 
 52 576 1 2 
 21 796 1 2 
 667 73 3 3 
 62 583 2 2 
 21 796 1 2 
 69 601 5 5 
 69 601 5 4 
 60 632 2 1 
 52 556 1 2 
 45 591 2 3 
 18 307 2 2 
 82 668 1 2 
