 992 1018 8 8 
 990 1022 3 3 
 991 1024 3 3 
 990 1017 7 10 
 992 1029 5 8 
 989 1019 3 3 
 989 1017 6 9 
 948 1025 3 3 
 991 1030 6 7 
 988 1017 3 3 
 989 1019 3 3 
 990 1022 3 3 
 988 1017 6 9 
 946 1024 3 3 
 946 1024 5 5 
 991 1030 7 7 
 971 1031 4 5 
 988 1017 3 3 
 989 1019 3 3 
 990 1022 3 4 
 988 1017 6 9 
 945 1024 6 5 
 991 1033 3 3 
 991 1030 7 7 
 972 1032 3 3 
 971 1031 4 5 
 990 1022 3 4 
 988 1017 6 9 
 945 1023 6 7 
 991 1033 3 3 
 990 1030 8 7 
 972 1032 3 3 
 971 1031 4 6 
 1002 1040 4 4 
 989 1019 3 3 
 990 1022 3 4 
 988 1017 6 9 
 945 1021 6 10 
 991 1033 3 3 
 990 1030 8 7 
 972 1032 3 3 
 971 1031 4 6 
 1012 1046 6 4 
 1002 1042 4 3 
 989 1019 3 3 
 989 1017 6 9 
 945 1020 7 11 
 991 1033 3 3 
 990 1030 8 7 
 972 1032 3 3 
 971 1031 4 6 
 1012 1047 4 3 
 1019 1050 4 2 
 990 1022 3 3 
 991 1024 3 3 
 990 1018 6 9 
 945 1020 7 11 
 991 1033 3 3 
 993 1033 3 3 
 991 1030 5 7 
 972 1032 3 3 
 971 1031 4 6 
 1020 1057 5 4 
 1022 1057 3 3 
 1012 1047 2 3 
 1022 1050 1 2 
 992 1021 3 4 
 992 1018 6 8 
 945 1020 7 11 
 1035 1063 2 2 
 991 1030 2 4 
 972 1032 3 3 
 971 1031 4 6 
 1022 1057 3 4 
 943 1032 6 7 
 991 1035 3 2 
 1014 1047 2 1 
 993 1024 4 3 
 992 1019 7 8 
 945 1031 3 3 
 943 1020 8 19 
 1034 1066 1 2 
 994 1030 3 1 
 1021 1062 3 2 
 1023 1057 2 2 
 971 1031 4 6 
 991 1035 3 1 
 1013 1047 2 2 
 993 1020 7 6 
 947 1024 3 3 
 945 1022 6 8 
 1015 1069 5 2 
 1034 1066 1 2 
 1023 1062 1 2 
 1020 1062 2 2 
 1020 1059 3 2 
 994 1030 3 1 
 992 1032 2 2 
 971 1033 3 3 
 1013 1051 2 1 
 998 1022 3 3 
 995 1020 6 6 
 1041 1070 2 2 
 1017 1069 2 2 
 1034 1066 1 2 
 1023 1062 2 2 
 1020 1062 2 3 
 993 1029 4 5 
 1020 1059 3 2 
 1017 1040 2 4 
 1013 1051 2 1 
 1033 1075 1 2 
 1026 1078 5 2 
 522 35 3 2 
 1030 1073 3 4 
 522 35 3 2 
 1030 1073 3 4 
 522 35 3 2 
 1031 1074 2 3 
 522 35 2 2 
 1031 1074 2 3 
 522 35 2 2 
 814 1066 2 3 
 522 35 2 2 
 1019 1063 4 3 
 520 38 2 2 
 993 1024 3 3 
 533 39 2 5 
 993 1024 3 3 
 991 1017 6 10 
 991 1017 6 10 
 992 1017 5 10 
 992 1022 3 3 
 993 1019 6 8 
 995 1021 3 3 
 995 1024 3 3 
 997 1020 3 3 
 997 1020 3 3 
 997 1020 3 3 
 845 1012 1 2 
 843 1009 3 3 
 843 1009 3 3 
 772 1072 10 4 
 772 1072 9 4 
 1024 1072 2 2 
 772 1072 9 4 
 775 1074 8 3 
 842 1011 3 4 
 1022 1059 1 2 
 994 1032 1 3 
 956 1025 2 2 
 956 1025 2 2 
 955 1025 3 1 
 955 1025 3 1 
 780 1075 3 1 
 1026 1066 17 7 
 997 1021 3 2 
 998 1021 2 1 
 998 1021 2 1 
 998 1021 2 1 
 780 1075 6 5 
 826 1050 2 2 
 826 1050 2 2 
 1017 1038 1 2 
 782 1078 4 2 
 1014 1036 4 4 
 1012 1036 6 4 
 1032 1070 1 2 
 997 1022 2 3 
 1032 1070 1 2 
 1028 1075 1 2 
 1028 1075 1 2 
 1028 1075 1 2 
 1028 1075 1 2 
 1016 1037 2 3 
 470 1035 4 3 
 1033 1076 5 4 
 1016 1037 2 3 
 968 1037 2 1 
 968 1037 2 1 
 968 1037 2 1 
 1034 1076 3 1 
 994 1032 2 2 
 994 1032 2 2 
 994 1031 2 3 
 994 1032 2 2 
 994 1032 2 2 
