 72 613 6 4 
 79 611 7 7 
 77 608 2 1 
 75 592 2 2 
 81 621 2 4 
 74 592 3 2 
 80 611 5 7 
 72 613 6 4 
 72 636 3 5 
 31 621 4 4 
 80 619 3 6 
 72 613 7 4 
 80 611 6 7 
 53 591 2 1 
 74 592 3 2 
 74 592 3 3 
 80 611 6 7 
 72 613 7 4 
 80 619 3 6 
 31 621 4 4 
 77 630 2 1 
 72 636 3 3 
 61 638 3 5 
 31 638 2 2 
 74 592 3 3 
 79 611 6 7 
 75 614 3 3 
 73 639 3 2 
 61 638 3 3 
 31 638 2 2 
 72 634 3 5 
 72 613 7 4 
 80 619 2 2 
 31 621 4 4 
 81 621 3 4 
 52 589 4 4 
 74 591 3 2 
 72 612 7 5 
 79 612 6 6 
 65 640 4 8 
 61 637 2 4 
 72 634 4 7 
 80 619 1 2 
 86 619 1 2 
 74 626 2 1 
 74 623 1 2 
 81 622 3 3 
 31 621 4 4 
 52 589 4 4 
 74 591 3 2 
 78 606 1 2 
 79 609 1 2 
 80 612 3 3 
 82 614 3 3 
 38 644 1 2 
 65 640 4 8 
 61 637 2 2 
 72 634 4 7 
 79 632 2 2 
 79 610 7 8 
 72 612 5 4 
 86 619 1 2 
 74 626 2 1 
 74 623 2 2 
 81 622 3 3 
 31 621 4 4 
 52 588 3 4 
 57 650 2 1 
 74 590 3 3 
 78 606 2 5 
 80 611 3 3 
 65 641 4 6 
 79 610 6 6 
 72 612 5 4 
 61 638 2 1 
 72 634 2 3 
 79 632 2 2 
 78 630 2 1 
 77 615 2 2 
 74 626 2 1 
 84 616 2 1 
 74 623 1 2 
 81 622 2 3 
 31 621 4 4 
 86 619 1 2 
 62 663 2 1 
 57 650 2 1 
 66 641 3 5 
 72 634 2 3 
 78 630 3 4 
 74 626 2 1 
 74 623 1 2 
 31 621 4 4 
 86 619 1 2 
 80 617 2 2 
 77 615 2 2 
 68 713 2 1 
 70 746 1 2 
 69 718 3 4 
 41 753 2 2 
 70 750 2 2 
 69 737 2 3 
 86 724 2 2 
 84 720 1 2 
 78 720 2 3 
 41 752 2 3 
 66 750 3 3 
 49 734 2 1 
 70 732 2 2 
 66 722 2 2 
 78 721 3 2 
 66 749 3 4 
 60 739 2 3 
 49 732 5 4 
 51 733 3 3 
 70 730 3 4 
 36 725 3 3 
 66 749 4 4 
 66 749 3 3 
 49 732 6 6 
 51 733 3 3 
 70 731 2 3 
 76 729 5 4 
 43 752 1 2 
 66 749 3 4 
 49 732 6 6 
 70 731 2 3 
 66 749 2 3 
 76 745 2 2 
 75 742 2 1 
 53 734 1 3 
 50 732 3 3 
 33 740 3 3 
 1520 869 4 4 
 34 267 2 1 
 80 668 3 3 
 17 365 2 2 
 47 714 2 2 
 17 365 2 2 
 57 689 1 2 
 20 401 2 1 
 74 660 2 1 
 20 401 2 1 
 48 713 2 2 
 1 399 2 2 
 48 713 2 3 
 20 401 2 3 
 70 635 4 5 
 20 401 2 3 
 71 647 1 2 
 20 401 2 3 
 71 647 1 2 
 20 401 2 3 
 66 618 2 2 
 67 195 2 2 
 20 401 2 2 
 42 221 2 2 
 75 591 3 3 
 53 243 1 2 
 53 243 1 2 
 60 285 2 1 
 46 380 2 1 
 46 380 2 1 
 75 591 3 3 
 46 380 2 1 
 82 714 2 1 
 42 376 1 2 
 71 602 2 1 
 50 382 2 1 
 41 297 2 2 
 75 592 2 2 
 41 297 2 2 
 68 642 1 2 
 41 297 2 2 
 68 642 2 3 
 41 294 2 4 
 68 648 1 2 
 41 294 2 4 
 68 648 1 2 
 50 382 2 1 
 81 610 1 2 
 71 441 1 2 
 74 423 2 2 
 37 635 4 4 
 41 294 2 4 
 71 598 3 3 
 46 380 2 1 
 78 730 2 2 
 46 380 2 1 
 1652 831 4 3 
 83 614 2 2 
 46 380 2 1 
 78 730 3 2 
 39 381 1 2 
 78 730 3 2 
 39 381 1 2 
 71 732 2 2 
 39 381 1 2 
 78 730 2 2 
 39 381 1 2 
 78 730 3 3 
 0 332 2 2 
 78 730 3 3 
 0 332 3 2 
 49 734 3 2 
 0 332 3 2 
 49 734 3 2 
 652 62 8 4 
 65 749 4 3 
 0 332 3 2 
 652 62 8 4 
 50 734 2 2 
 0 332 3 2 
 656 62 4 3 
 65 749 4 2 
 0 332 3 2 
 656 62 4 3 
 65 750 2 1 
 0 331 4 3 
 656 62 4 3 
 65 749 4 2 
 0 331 4 3 
 656 62 4 3 
 68 735 1 2 
 2 331 2 2 
 656 62 4 3 
 68 735 1 2 
 15 365 2 3 
 63 747 7 4 
 15 365 2 3 
 15 365 2 3 
 66 749 2 2 
 15 365 2 3 
 81 613 1 2 
 25 361 2 2 
 58 599 2 3 
 13 318 1 2 
 58 600 2 2 
 43 221 2 1 
 74 424 2 2 
 43 220 2 2 
 74 424 2 2 
 43 220 2 2 
 71 612 6 4 
 43 220 2 3 
 81 611 3 4 
 43 220 2 3 
 76 748 2 2 
 42 220 3 4 
 75 747 3 2 
 42 220 3 4 
 78 731 2 2 
 42 220 3 4 
 81 611 3 2 
