 76 648 2 3 
 77 649 1 2 
 77 649 1 2 
 76 658 2 2 
 76 648 2 2 
 78 664 2 1 
 76 648 2 2 
 74 664 1 2 
 78 664 2 1 
 83 725 1 2 
 83 725 1 2 
 43 730 1 2 
 83 725 1 2 
 78 735 2 2 
 50 738 2 2 
 59 744 1 2 
 49 748 4 6 
 41 745 2 2 
 50 749 2 2 
 76 751 2 2 
 50 886 2 1 
 76 685 2 1 
 50 886 2 1 
 77 649 2 2 
 50 886 2 1 
 76 649 3 3 
 50 886 2 1 
 76 649 3 3 
 75 647 4 5 
 75 647 4 5 
 75 649 4 3 
 75 649 4 3 
 75 649 4 3 
 78 647 2 1 
 78 647 2 1 
 85 660 1 2 
 85 660 1 2 
 77 694 1 2 
 77 694 1 2 
 659 70 3 3 
 77 694 1 2 
 659 70 3 3 
 80 694 1 2 
 659 70 3 3 
 59 783 2 1 
 659 70 3 3 
 659 70 3 3 
 79 693 2 2 
 659 70 3 3 
 59 783 2 1 
 659 70 3 3 
 59 783 2 1 
 659 70 3 3 
 77 722 2 2 
 659 70 3 3 
 77 722 2 2 
 77 722 2 2 
 76 685 2 1 
 76 685 2 1 
 76 685 2 1 
 78 647 2 1 
 78 647 2 1 
 78 658 1 2 
 82 657 3 4 
 82 657 3 4 
 82 657 3 4 
 80 648 2 1 
 77 647 2 1 
 77 647 2 1 
 76 647 2 2 
 76 647 2 2 
 76 647 2 2 
 74 662 2 2 
 42 727 3 3 
 972 677 5 4 
 975 677 2 2 
 55 855 1 2 
 55 854 2 3 
 55 855 2 2 
 54 854 3 3 
 63 886 2 2 
 656 62 2 3 
 656 62 2 3 
 656 62 2 3 
 656 62 2 3 
 659 62 1 2 
 659 62 1 2 
