 0 337 1 3 
 2 337 1 2 
 55 383 2 3 
 2 337 1 2 
 0 338 1 2 
 53 383 5 5 
 40 400 1 2 
 72 413 3 2 
 64 458 2 2 
 2 337 1 2 
 0 338 1 2 
 53 383 5 5 
 44 388 2 1 
 40 400 3 3 
 72 413 3 4 
 70 420 5 4 
 55 427 5 4 
 43 441 1 2 
 58 447 2 1 
 64 458 2 2 
 52 466 2 2 
 2 337 1 2 
 0 338 1 2 
 53 383 7 5 
 50 385 2 2 
 44 388 2 1 
 40 400 2 2 
 55 406 2 2 
 72 413 3 4 
 69 414 2 4 
 70 420 5 4 
 57 428 3 3 
 55 427 5 4 
 43 441 1 2 
 73 446 2 2 
 58 447 2 1 
 58 449 2 1 
 52 455 1 2 
 64 458 2 2 
 47 467 1 2 
 49 467 2 1 
 53 467 2 2 
 54 472 4 4 
 0 338 1 2 
 53 383 7 5 
 48 384 4 3 
 44 388 2 1 
 33 390 10 7 
 40 400 2 3 
 55 406 2 2 
 66 413 10 5 
 70 420 5 4 
 56 428 4 3 
 43 441 1 2 
 70 442 2 3 
 73 446 2 3 
 58 449 2 1 
 45 454 2 2 
 51 454 2 3 
 64 458 2 2 
 67 459 2 3 
 52 466 3 3 
 47 467 1 2 
 49 467 2 1 
 51 471 2 2 
 65 471 1 2 
 54 472 4 4 
 46 477 5 4 
 0 338 1 2 
 53 383 7 5 
 47 384 5 3 
 44 388 2 1 
 34 394 3 3 
 33 390 10 7 
 44 393 2 2 
 47 394 2 2 
 32 398 1 2 
 34 398 2 2 
 40 400 2 3 
 55 406 3 3 
 66 413 10 5 
 54 420 2 1 
 67 421 8 5 
 37 425 1 2 
 56 428 4 4 
 43 441 1 2 
 70 442 2 3 
 73 446 3 3 
 57 448 3 2 
 51 454 5 4 
 63 458 6 5 
 52 466 3 3 
 46 467 5 4 
 36 483 3 3 
 51 471 7 5 
 65 471 1 3 
 46 477 6 5 
 0 338 1 2 
 47 383 12 5 
 43 388 3 1 
 34 394 3 3 
 33 390 10 7 
 44 393 2 2 
 47 394 2 2 
 32 398 4 2 
 39 400 6 5 
 65 404 2 3 
 55 406 3 3 
 55 413 1 3 
 66 413 10 5 
 54 420 2 1 
 67 421 8 5 
 37 425 1 2 
 47 490 2 2 
 72 488 3 2 
 36 483 3 3 
 73 427 2 3 
 69 479 3 4 
 69 479 3 3 
 55 428 6 4 
 46 477 6 5 
 65 473 1 2 
 51 471 7 5 
 43 441 1 2 
 45 467 6 4 
 52 466 3 3 
 63 458 6 5 
 69 442 3 3 
 46 455 2 1 
 50 454 6 5 
 52 456 3 3 
 26 454 3 2 
 74 447 2 2 
 58 449 2 1 
 21 449 1 3 
 66 197 1 2 
 46 383 13 5 
 43 388 3 1 
 34 394 3 3 
 46 394 3 3 
 32 390 17 10 
 65 393 2 1 
 39 396 2 2 
 39 400 6 5 
 65 404 2 3 
 55 406 3 3 
 66 413 10 5 
 55 414 1 2 
 54 420 2 1 
 67 421 8 5 
 36 424 2 3 
 47 424 2 2 
 54 427 7 5 
 43 441 1 2 
 69 442 3 3 
 73 447 3 3 
 57 448 4 3 
 21 449 1 3 
 53 451 1 2 
 26 454 4 2 
 62 492 3 4 
 47 490 2 2 
 72 488 3 2 
 36 483 2 3 
 53 455 3 3 
 69 479 3 4 
 69 479 3 3 
 46 477 6 5 
 64 473 2 2 
 51 471 8 7 
 45 467 6 4 
 52 466 3 3 
 63 458 6 6 
 66 461 3 3 
 52 456 3 3 
 46 455 2 1 
 51 454 5 5 
 58 196 3 2 
 66 197 1 2 
 27 223 2 3 
 42 378 1 3 
 55 386 3 3 
 48 384 11 5 
 59 384 2 1 
 43 388 3 1 
 36 390 10 5 
 46 390 2 1 
 65 393 2 1 
 47 394 3 3 
 31 395 5 5 
 39 396 2 2 
 40 400 4 5 
 65 403 3 4 
 55 406 3 3 
 66 413 9 6 
 55 414 1 2 
 67 421 8 5 
 47 424 2 2 
 27 428 1 2 
 56 428 4 4 
 69 442 3 2 
 73 445 3 5 
 41 447 2 1 
 58 448 3 4 
 21 449 1 3 
 53 451 2 2 
 48 497 2 2 
 62 493 2 3 
 47 490 2 2 
 70 488 6 5 
 36 483 3 3 
 26 454 4 3 
 69 479 3 4 
 69 479 3 3 
 49 479 3 4 
 46 477 2 2 
 63 473 3 3 
 51 471 7 5 
 45 467 6 4 
 52 466 3 3 
 63 456 6 8 
 52 455 4 4 
 46 455 2 1 
 27 223 2 3 
 65 288 2 1 
 26 297 1 2 
 55 386 3 3 
 48 384 11 5 
 43 388 3 1 
 46 390 2 1 
 36 391 10 4 
 65 393 2 1 
 47 394 3 3 
 31 396 5 4 
 40 400 4 5 
 65 403 3 4 
 54 406 4 3 
 66 413 9 6 
 55 414 1 2 
 67 421 8 5 
 27 428 1 2 
 57 428 4 3 
 55 428 6 4 
 69 442 3 2 
 73 445 3 5 
 58 448 3 4 
 21 450 1 2 
 68 450 1 2 
 54 501 3 2 
 53 451 2 2 
 26 454 4 3 
 48 497 2 2 
 62 493 2 3 
 47 490 2 2 
 70 488 6 5 
 36 483 3 3 
 70 454 3 5 
 69 479 3 4 
 69 479 3 3 
 49 479 3 4 
 46 455 2 1 
 51 455 5 4 
 63 456 6 7 
 45 467 5 4 
 63 473 3 2 
 51 471 4 3 
 26 297 1 2 
 42 380 2 1 
 48 384 3 2 
 52 385 2 2 
 55 386 3 3 
 54 385 5 4 
 46 390 2 1 
 36 391 5 4 
 44 393 1 2 
 65 393 2 1 
 47 394 2 2 
 32 396 4 4 
 40 401 4 4 
 65 403 3 4 
 54 406 4 3 
 55 414 1 2 
 67 503 3 3 
 66 414 9 5 
 32 503 8 6 
 67 421 8 5 
 54 501 3 3 
 27 428 1 2 
 48 497 2 2 
 62 493 2 3 
 47 490 2 2 
 70 488 6 5 
 36 483 3 3 
 55 428 6 4 
 49 480 3 3 
 69 479 3 4 
 69 479 3 3 
 69 442 3 2 
 73 445 3 5 
 64 475 3 2 
 41 447 2 1 
 63 473 3 2 
 51 471 4 3 
 57 448 4 4 
 45 467 5 4 
 21 450 1 2 
 68 450 1 2 
 63 457 8 7 
 64 458 3 3 
 63 457 3 3 
 51 455 5 4 
 46 455 2 1 
 26 454 4 3 
 53 451 2 2 
 46 390 2 1 
 36 391 5 3 
 42 392 3 3 
 37 506 3 3 
 65 393 2 1 
 32 503 4 4 
 67 502 3 4 
 67 502 3 3 
 47 394 2 2 
 54 501 3 3 
 32 396 4 4 
 48 497 2 2 
 62 493 2 3 
 47 490 2 3 
 70 488 6 5 
 39 401 5 4 
 36 483 3 4 
 65 403 3 4 
 49 480 3 3 
 69 479 3 4 
 69 479 3 3 
 47 478 3 2 
 65 475 2 1 
 63 473 3 2 
 51 471 8 7 
 54 406 4 3 
 45 467 5 4 
 55 414 1 2 
 65 459 4 4 
 63 459 1 2 
 66 415 6 4 
 51 455 5 4 
 46 455 2 1 
 26 454 4 3 
 53 451 2 2 
 74 421 1 2 
 69 422 3 3 
 67 422 5 4 
 55 428 5 4 
 57 448 3 4 
 41 447 2 1 
 74 445 2 4 
 69 442 3 2 
 28 512 2 2 
 32 504 2 3 
 66 502 4 4 
 47 502 2 2 
 54 501 3 3 
 48 497 2 2 
 62 494 2 2 
 47 491 2 2 
 71 488 5 5 
 73 489 3 3 
 69 587 3 3 
 67 657 3 3 
 67 657 3 3 
 67 658 3 2 
 81 668 2 1 
 68 658 2 2 
 80 668 3 3 
 79 672 2 1 
 78 689 3 3 
 68 658 2 2 
 80 668 2 3 
 79 672 2 1 
 78 688 4 5 
 62 706 2 2 
 80 668 3 3 
 78 672 3 2 
 78 688 4 5 
 75 707 3 4 
 87 708 1 2 
 77 655 2 1 
 75 657 3 3 
 68 658 3 4 
 80 668 3 3 
 78 672 3 2 
 77 689 3 3 
 77 688 5 7 
 59 695 2 3 
 74 708 3 3 
 84 710 4 4 
 87 708 1 2 
 78 638 2 3 
 77 655 2 1 
 75 657 3 3 
 68 658 3 4 
 80 668 3 3 
 78 672 3 2 
 77 689 3 3 
 77 692 4 3 
 77 688 5 7 
 59 695 2 3 
 74 708 3 3 
 85 708 3 6 
 84 710 2 2 
 72 729 6 6 
 78 638 2 3 
 77 655 2 1 
 75 657 3 3 
 68 658 3 4 
 80 668 3 3 
 79 672 2 1 
 78 686 1 2 
 77 692 4 3 
 77 688 5 7 
 59 695 2 3 
 81 732 2 1 
 70 703 3 1 
 73 708 4 3 
 72 729 6 6 
 85 708 3 6 
 84 710 2 2 
 78 638 2 2 
 77 655 2 1 
 68 658 3 2 
 80 668 3 3 
 79 672 2 1 
 77 689 3 3 
 77 692 4 3 
 77 688 5 8 
 59 695 2 3 
 70 703 4 1 
 73 707 4 5 
 84 710 4 4 
 74 740 4 9 
 74 741 3 3 
 81 732 2 1 
 44 730 2 3 
 72 729 7 6 
 77 655 2 1 
 80 668 3 3 
 77 689 3 3 
 77 692 4 3 
 77 688 5 8 
 70 703 3 2 
 72 706 5 5 
 84 710 4 5 
 72 729 7 5 
 49 744 2 2 
 44 730 2 3 
 74 742 4 7 
 77 689 3 3 
 77 692 4 3 
 77 688 5 8 
 70 703 3 1 
 73 707 4 4 
 84 710 4 5 
 40 746 3 7 
 49 743 2 3 
 74 742 5 7 
 74 731 5 2 
 79 688 2 2 
 77 692 3 3 
 77 689 5 7 
 71 703 2 4 
 73 707 4 3 
 84 710 2 2 
 65 748 4 5 
 40 747 3 6 
 49 743 2 3 
 74 742 5 6 
 85 711 3 3 
 77 692 3 3 
 77 689 4 7 
 71 703 2 1 
 85 711 3 3 
 74 742 5 6 
 49 743 2 3 
 40 747 3 4 
 54 749 4 8 
 66 750 2 2 
 77 691 1 2 
 72 702 2 2 
 86 711 2 2 
 49 743 2 3 
 75 743 4 5 
 75 758 2 3 
 55 751 2 5 
 77 739 2 1 
 63 760 5 4 
 59 791 5 2 
 62 792 3 3 
 66 796 3 3 
 67 798 2 1 
 66 796 3 1 
 61 549 5 11 
 85 625 2 3 
 62 549 3 11 
 788 960 3 3 
 63 546 2 2 
 779 971 7 6 
 63 546 2 2 
 785 972 2 2 
 63 546 2 2 
 785 972 2 2 
 587 996 3 3 
 62 549 3 4 
 63 546 2 2 
 785 972 2 2 
 71 436 2 2 
 785 972 2 2 
 42 721 3 3 
 82 716 2 2 
 781 974 3 3 
 578 1015 2 2 
 54 550 3 5 
 417 813 1 2 
 82 715 3 5 
 77 675 2 1 
 54 550 3 5 
 451 820 2 2 
 54 550 3 5 
 451 820 2 2 
 70 435 2 4 
 601 996 2 2 
 43 718 8 6 
 70 436 2 3 
 601 996 3 2 
 44 719 3 4 
 70 437 2 1 
 44 717 5 7 
 37 477 2 2 
 81 683 3 2 
 55 552 2 3 
 37 477 2 3 
 531 952 3 5 
 82 683 2 2 
 37 477 2 3 
 37 477 2 3 
 524 948 3 5 
 37 477 2 3 
 86 729 1 2 
 37 477 2 3 
 86 729 1 2 
 37 478 2 2 
 37 478 2 2 
 37 478 2 2 
 37 479 2 1 
 45 739 1 2 
 34 484 2 3 
 53 583 2 3 
 656 74 2 1 
 69 397 6 4 
 656 74 2 1 
 70 398 4 3 
 656 74 2 1 
 53 583 2 3 
 656 74 2 1 
 656 74 2 1 
 656 74 2 1 
 656 74 2 1 
 80 598 1 2 
 656 74 2 1 
 80 598 1 2 
 80 598 1 2 
 70 398 5 5 
 70 399 4 4 
 79 597 2 2 
 79 597 2 2 
 65 249 2 2 
 31 637 2 1 
 65 249 2 2 
 31 637 2 1 
 3 333 2 2 
 81 611 2 4 
 81 611 2 3 
 4 332 1 2 
 81 611 2 3 
 3 331 2 2 
 76 619 2 1 
 54 300 1 2 
 83 724 4 4 
 58 292 3 3 
 84 724 3 4 
 59 292 2 3 
 85 721 4 4 
 64 276 4 3 
 64 276 4 3 
 65 249 2 2 
 65 249 2 2 
 65 249 2 2 
 65 249 2 2 
 65 249 2 2 
 1486 969 3 4 
 66 238 2 2 
 47 112 2 1 
 79 633 3 3 
 1 327 3 3 
 43 113 2 1 
 69 487 2 2 
 47 112 2 1 
 0 327 3 3 
 47 112 2 1 
 47 112 2 1 
 14 366 2 3 
 47 112 2 1 
 13 366 4 4 
