 60 552 2 2 
 64 577 2 1 
 46 603 2 3 
 46 603 2 3 
 78 643 3 3 
 46 603 2 3 
 78 643 3 3 
 72 649 2 1 
 77 649 2 2 
 46 603 2 3 
 78 643 4 4 
 72 649 2 1 
 77 649 2 2 
 82 657 4 5 
 46 603 1 2 
 47 640 1 2 
 78 643 2 2 
 80 645 2 2 
 84 659 2 2 
 46 639 2 3 
 80 645 1 2 
 81 660 1 2 
 69 680 2 2 
 85 626 1 2 
 77 631 2 2 
 81 660 1 2 
 81 668 1 2 
 66 671 2 2 
 85 698 1 2 
 85 626 1 2 
 77 631 2 3 
 81 660 1 2 
 81 668 2 2 
 45 713 3 3 
 56 585 2 2 
 76 616 1 2 
 66 617 1 2 
 74 617 1 2 
 85 625 1 3 
 76 629 3 3 
 76 629 4 3 
 81 660 1 2 
 51 675 2 1 
 45 713 3 3 
 62 725 1 2 
 81 660 1 2 
 62 725 1 2 
 57 802 3 2 
 69 808 4 3 
 47 737 2 2 
 57 802 3 3 
 66 803 1 2 
 70 808 3 2 
 73 814 2 1 
 66 822 2 2 
 73 814 3 2 
 64 825 2 1 
 653 64 2 2 
 93 983 2 3 
 56 726 2 2 
 653 64 2 2 
 83 980 2 2 
 83 980 2 2 
 86 626 2 3 
 86 626 2 3 
 1670 944 2 2 
 86 626 2 3 
 1672 947 2 1 
 86 626 2 3 
 86 625 2 4 
 86 625 2 2 
 86 625 2 2 
 1670 944 2 2 
 81 615 2 2 
 1670 944 2 2 
 81 615 2 2 
 46 713 4 3 
 81 715 2 4 
 86 628 2 2 
 85 691 1 2 
 84 683 3 4 
 665 71 3 2 
 87 631 2 2 
 665 71 3 2 
 84 683 2 2 
 665 71 3 2 
 84 683 3 3 
 665 71 3 2 
 65 857 2 1 
 665 71 3 2 
 63 918 2 2 
 665 71 3 2 
 63 918 2 2 
 63 918 2 2 
 665 71 3 2 
 665 71 3 2 
 61 898 3 4 
 61 898 3 4 
 28 506 2 3 
 86 697 1 2 
 72 850 2 3 
 37 480 2 3 
 70 966 2 1 
 37 480 3 3 
 70 966 2 1 
 20 445 1 2 
 70 966 2 1 
 20 444 2 3 
 70 966 2 1 
 20 444 2 3 
 71 966 2 1 
 20 444 2 3 
 71 966 2 1 
 20 444 2 3 
 71 966 2 1 
 20 444 2 3 
 84 659 2 3 
 52 957 2 2 
 20 444 2 3 
 84 659 2 2 
 52 957 2 2 
 20 444 2 3 
 79 952 1 2 
 20 444 2 3 
 60 881 2 2 
 20 444 2 2 
 79 951 1 3 
 48 718 2 2 
 41 467 1 2 
 76 743 3 7 
 73 617 2 1 
 73 616 3 2 
 55 970 2 3 
 82 654 3 3 
 47 480 2 1 
 74 805 1 2 
 63 884 2 3 
 25 420 2 1 
 65 803 2 2 
 25 420 2 1 
 80 642 1 2 
 25 420 2 1 
 63 815 2 1 
 25 420 2 1 
 62 811 3 3 
 47 480 2 1 
 76 686 2 2 
 49 492 1 2 
 85 949 2 1 
 57 576 1 2 
 85 949 2 1 
 78 648 2 2 
 75 956 4 4 
 49 714 1 2 
 82 656 1 2 
 29 877 1 2 
 33 469 2 3 
 82 699 1 2 
 658 62 1 2 
 75 932 2 2 
 658 62 1 2 
 67 968 2 2 
 67 968 2 2 
 658 62 1 2 
 658 62 1 2 
 67 968 2 2 
 67 968 2 2 
 658 62 1 2 
 658 62 1 2 
 67 968 2 2 
 661 64 3 7 
 67 968 2 2 
