 82 728 2 2 
 83 733 2 1 
 67 793 2 1 
 67 804 1 2 
 58 804 2 3 
 69 807 3 2 
 58 758 2 1 
 58 758 2 1 
 57 766 2 2 
 73 855 2 2 
 73 860 2 2 
 67 874 2 2 
 68 880 1 2 
 68 880 1 2 
 666 74 1 2 
 73 854 3 2 
 69 847 2 1 
 69 847 2 1 
 73 854 3 2 
 66 843 2 2 
 66 843 2 2 
 66 843 2 2 
 66 843 2 2 
 66 843 2 2 
 1707 957 1 2 
 1706 957 2 2 
 1670 943 2 3 
 1670 943 2 3 
 623 64 4 3 
 623 64 4 3 
 623 64 4 3 
 623 64 4 3 
 623 64 4 3 
 623 64 4 3 
 1541 909 3 3 
 623 64 4 3 
 1541 909 3 3 
 623 64 4 3 
 1541 909 3 3 
 1642 965 5 3 
 1634 884 1 2 
 65 859 1 2 
 72 854 1 2 
 72 854 1 2 
 65 860 2 2 
 70 861 2 2 
 658 64 2 4 
 61 875 3 4 
 658 64 2 4 
 70 861 2 2 
 658 64 2 4 
 61 875 3 4 
 658 64 2 4 
 61 876 2 3 
 658 64 2 4 
 658 64 2 4 
 658 64 2 4 
 77 728 4 5 
 658 64 2 4 
 80 722 2 1 
 46 758 3 3 
 84 692 3 2 
 83 692 4 4 
 83 692 4 4 
 85 699 3 5 
 63 908 2 5 
 63 908 2 4 
 86 693 2 3 
 81 724 2 1 
 80 675 2 2 
 1541 911 2 2 
 80 675 2 2 
 1554 969 1 2 
 1506 988 3 4 
 80 674 2 3 
 1554 969 1 2 
 80 674 2 3 
 1554 969 1 2 
 77 650 2 2 
 1554 969 1 2 
 77 650 2 1 
 1554 969 2 2 
 77 650 2 1 
 1554 969 2 2 
