 57 765 1 2 
 61 770 2 1 
 66 863 2 2 
 64 868 3 2 
 48 785 1 2 
 66 861 2 4 
 66 861 2 4 
 65 867 3 3 
 66 863 2 2 
 65 868 3 2 
 65 863 3 3 
 61 871 2 1 
 69 950 2 2 
 62 965 4 3 
 85 990 2 2 
 92 969 2 2 
 92 969 2 1 
 85 965 2 1 
 85 965 2 1 
 84 964 3 3 
 663 64 2 1 
 79 984 2 2 
 93 987 3 4 
 663 64 2 1 
 663 64 2 1 
 93 987 3 4 
 663 64 2 1 
 93 987 3 5 
 663 64 2 1 
 93 987 3 4 
 663 64 2 1 
 93 987 3 4 
 663 64 2 1 
 84 988 1 2 
 663 64 2 1 
 94 987 2 2 
 36 294 2 1 
 93 990 2 1 
 37 181 3 3 
 37 181 3 3 
 101 972 2 1 
 34 168 2 2 
 72 418 3 2 
 34 168 2 2 
 72 418 3 2 
 34 168 2 2 
 72 418 2 2 
 34 168 2 2 
 72 418 2 2 
 34 168 2 2 
 72 418 2 2 
 37 181 3 3 
 47 194 2 2 
 54 965 2 2 
 55 966 1 2 
 655 82 1 2 
 655 82 1 2 
 655 82 1 2 
 655 82 1 2 
 655 82 1 2 
 655 82 1 2 
 655 82 1 2 
 655 82 1 2 
 55 1033 2 2 
 55 1033 2 2 
 55 1033 1 2 
 52 1036 5 5 
 52 1037 4 3 
 655 64 1 2 
 655 64 1 2 
 655 64 1 2 
 655 64 1 2 
 655 64 1 2 
 655 64 1 2 
 655 64 1 2 
 655 64 1 2 
