 79 658 5 4 
 51 502 1 2 
 54 601 2 2 
 51 605 2 3 
 76 662 6 6 
 78 662 3 3 
 54 601 2 2 
 81 659 4 5 
 82 661 3 3 
 50 605 3 3 
 77 620 2 2 
 66 612 3 4 
 78 658 8 12 
 80 663 4 4 
 77 620 2 2 
 54 601 2 2 
 66 612 3 4 
 74 666 5 4 
 64 612 5 5 
 77 620 2 2 
 80 662 6 9 
 81 659 2 2 
 60 623 3 4 
 76 624 2 1 
 74 667 4 3 
 82 665 4 6 
 80 665 1 3 
 82 662 2 2 
 79 657 4 4 
 66 612 3 5 
 77 620 2 2 
 76 624 2 1 
 59 622 4 5 
 66 612 3 5 
 77 620 2 2 
 74 669 2 1 
 60 623 3 4 
 76 624 2 1 
 79 657 8 17 
 74 671 2 2 
 74 669 2 1 
 66 612 3 3 
 77 620 2 2 
 60 623 3 4 
 75 624 3 2 
 79 657 8 18 
 83 665 3 3 
 65 636 1 2 
 72 674 3 2 
 74 671 2 2 
 72 769 2 1 
 43 756 2 2 
 65 772 3 2 
 72 771 2 2 
 65 772 2 2 
 76 773 2 2 
 68 774 2 2 
 33 810 2 2 
 64 298 3 3 
 44 238 2 2 
 70 518 1 2 
 64 297 3 4 
 64 296 3 2 
 64 296 3 2 
 4 332 2 2 
 15 332 2 3 
 38 184 1 2 
 8 253 2 2 
 37 176 1 2 
 36 181 2 4 
 36 181 2 2 
 36 181 2 2 
 97 978 4 5 
 97 979 3 4 
 36 181 2 2 
 654 64 2 1 
 96 979 5 4 
 1266 585 5 4 
 4 270 2 2 
 96 980 5 3 
 654 64 2 1 
 1269 588 2 1 
 4 270 2 2 
 96 980 5 4 
 654 64 2 1 
 1269 588 2 1 
 4 270 2 1 
 96 980 5 4 
 654 64 2 1 
 1269 588 2 1 
 4 270 2 1 
 96 980 5 4 
 654 64 2 1 
 1269 588 2 1 
 4 270 2 1 
 95 980 6 5 
 654 64 2 1 
 1268 584 7 6 
 65 285 2 2 
 98 980 3 5 
 654 64 2 1 
 3 324 1 2 
 1268 584 7 6 
 654 64 2 1 
 103 979 2 2 
 3 324 1 2 
 1268 584 7 6 
 1268 584 3 2 
 22 342 2 2 
 22 342 2 2 
 44 405 2 2 
 44 405 2 2 
 50 390 2 2 
 667 71 2 2 
 667 71 2 2 
 667 71 2 2 
 667 71 2 2 
 667 71 2 2 
 667 71 2 2 
 667 71 2 2 
 667 71 2 2 
 16 387 1 2 
 63 300 2 1 
 23 322 2 1 
 31 159 1 2 
 0 346 2 1 
 68 600 2 1 
 68 600 2 1 
 103 979 3 2 
 13 335 2 1 
 16 316 2 2 
 67 663 2 3 
 14 254 2 2 
