 64 262 2 2 
 10 260 2 3 
 9 364 2 1 
 10 261 1 2 
 10 261 1 2 
 53 360 1 2 
 53 360 1 2 
 8 362 2 2 
 53 360 1 2 
 8 362 2 2 
 15 374 3 2 
 53 360 1 2 
 8 362 2 2 
 15 374 3 2 
 23 414 3 3 
 53 360 1 2 
 8 362 2 2 
 11 364 3 1 
 15 374 3 2 
 23 414 1 2 
 22 437 1 2 
 4 450 2 1 
 2 463 2 1 
 29 492 2 2 
 29 492 2 2 
 41 268 2 3 
 41 268 2 3 
 41 268 2 3 
 668 65 2 1 
 62 276 2 1 
 668 65 2 1 
 62 276 2 1 
 668 65 2 1 
 62 276 2 1 
 668 65 2 1 
 62 276 2 1 
 668 65 2 1 
 62 276 2 1 
 668 65 2 1 
 28 406 3 3 
 668 65 2 1 
 57 307 3 3 
 668 65 2 1 
 28 405 3 4 
 0 311 1 2 
 57 307 3 3 
 32 708 5 4 
 57 303 2 2 
 74 296 2 2 
 64 306 2 2 
 64 306 2 2 
 73 250 2 2 
 73 250 2 2 
 1270 343 2 3 
 1270 344 1 2 
 1270 344 1 2 
 71 741 1 2 
 1270 344 1 2 
 68 703 2 2 
 1270 344 1 2 
 68 702 2 3 
 1280 341 1 2 
 68 702 2 3 
 1270 344 1 2 
 13 589 1 2 
 72 792 2 2 
 1270 344 1 2 
 11 588 3 3 
 72 792 2 2 
 1270 344 1 2 
 29 664 1 2 
 1301 370 3 2 
 29 664 1 2 
 1301 370 3 2 
 67 702 2 1 
 1301 370 2 2 
 54 834 2 2 
 67 702 2 1 
 69 722 4 4 
 70 721 3 5 
 70 722 3 4 
 1286 338 2 1 
 70 722 3 4 
 1286 338 2 1 
 70 722 3 4 
 1286 338 2 1 
 71 724 2 2 
 1286 338 2 1 
 55 835 2 1 
 649 75 2 1 
 54 835 3 3 
 1286 338 2 1 
 649 75 2 1 
 55 835 2 1 
 649 75 2 1 
 55 835 2 1 
 649 75 2 1 
 69 830 1 3 
 649 75 2 1 
 51 837 3 3 
 649 75 2 1 
 80 739 2 2 
 649 75 2 1 
 51 838 2 2 
 60 883 3 2 
 649 75 2 1 
 61 884 2 1 
 97 981 2 1 
 21 359 1 2 
 53 776 2 1 
 97 981 2 1 
 21 359 1 2 
 53 776 2 1 
 97 981 2 1 
 21 359 1 2 
 53 776 2 1 
 97 981 2 1 
 53 776 2 1 
 97 981 2 1 
 53 776 2 1 
 97 981 2 1 
 69 704 2 2 
