 5 548 2 2 
 56 563 2 1 
 74 580 1 2 
 84 613 1 2 
 37 632 2 1 
 35 518 2 2 
 81 618 2 1 
 3 545 1 2 
 79 653 3 2 
 3 548 2 3 
 3 548 1 3 
 51 604 2 1 
 2 549 2 2 
 51 604 2 1 
 73 606 4 2 
 51 604 2 1 
 74 607 3 1 
 71 630 3 5 
 73 606 3 2 
 71 630 1 2 
 71 633 2 2 
 80 655 2 2 
 71 630 1 2 
 74 607 2 1 
 77 683 2 1 
 69 681 2 1 
 80 655 2 2 
 71 630 1 2 
 70 643 2 2 
 75 687 2 2 
 660 66 3 2 
 636 71 2 3 
 623 84 8 5 
 71 409 2 1 
 46 463 2 1 
 55 729 2 1 
 1595 1073 4 2 
 12 784 3 3 
 1597 1073 3 2 
 50 606 2 2 
 1605 1069 2 2 
 50 606 2 2 
 1605 1069 2 2 
 49 606 3 3 
 1898 341 3 2 
 49 606 3 3 
 50 576 2 3 
 17 780 2 4 
 1900 342 1 2 
 50 576 2 3 
 17 780 2 4 
 1899 342 2 2 
 50 576 3 3 
 50 576 3 3 
 1597 1074 3 3 
 50 576 3 3 
 50 576 3 3 
 798 365 3 3 
 46 633 2 2 
 1899 342 2 2 
 46 632 2 2 
 46 632 2 2 
 36 508 2 2 
 78 711 2 2 
 36 508 2 2 
 72 740 2 2 
 1901 343 2 1 
 70 605 7 3 
 1901 343 2 1 
 70 576 2 1 
 649 65 3 5 
 79 737 2 5 
 1901 343 2 1 
 67 185 4 2 
 37 391 2 1 
 67 185 4 2 
 4 386 2 1 
 67 185 4 2 
 15 654 2 2 
 41 393 2 1 
 67 185 4 2 
 15 654 2 2 
 41 393 2 1 
 67 185 4 2 
 15 654 2 2 
 41 393 2 1 
 67 185 4 2 
 17 778 3 2 
 67 185 4 2 
 17 778 3 2 
 67 185 4 2 
 17 778 3 2 
 67 185 3 2 
 17 778 3 2 
 59 216 2 1 
 32 489 1 3 
 43 218 1 2 
 75 741 1 2 
 659 71 4 2 
 57 788 2 3 
 19 274 1 2 
 659 71 4 2 
 57 789 2 2 
 19 274 1 2 
 659 71 4 2 
 56 789 3 2 
 1894 341 2 2 
 28 571 3 3 
 659 71 4 2 
 62 745 2 2 
 28 307 1 2 
 659 71 4 2 
 62 745 2 3 
 28 307 1 2 
 659 71 4 2 
 18 800 3 2 
 46 378 1 2 
 659 71 4 2 
 27 308 2 2 
 61 743 1 2 
 659 71 4 2 
 17 323 1 2 
 61 743 1 2 
 77 746 2 2 
 24 293 2 2 
 56 238 2 2 
 0 488 3 2 
 56 238 2 3 
 0 488 3 2 
 56 238 3 3 
 10 509 2 4 
 56 238 3 3 
 30 574 2 2 
 56 237 3 4 
 28 630 3 3 
 56 238 2 3 
 30 616 3 3 
 56 237 3 4 
 30 616 3 3 
 56 238 3 3 
 30 616 3 3 
 57 239 2 2 
 31 616 2 3 
 57 239 2 2 
 31 616 2 3 
 53 242 2 2 
 82 716 2 2 
 4 285 1 2 
 50 551 3 2 
 4 285 1 2 
 50 551 2 2 
 4 285 1 2 
 62 745 1 2 
 4 285 1 2 
 62 745 1 2 
 4 285 1 2 
 62 745 1 2 
 0 309 3 3 
 53 576 2 3 
 22 342 2 4 
 53 576 2 3 
 23 343 1 2 
 49 583 2 4 
 24 293 2 2 
 56 881 2 1 
 43 261 2 3 
 79 621 2 2 
 23 343 1 2 
 46 378 1 2 
 42 260 3 4 
 69 627 1 2 
 43 261 2 3 
 70 725 2 2 
