 470 772 3 3 
 466 770 8 5 
 476 775 3 2 
 487 775 1 2 
 437 784 3 2 
 502 787 1 2 
 467 789 3 2 
 495 819 3 2 
 545 878 2 2 
 546 876 2 1 
 547 873 2 2 
 557 822 3 3 
 498 844 4 3 
 513 860 3 3 
 467 772 3 3 
 465 770 9 5 
 474 775 5 2 
 467 789 3 2 
 555 806 2 2 
 495 819 3 2 
 557 821 3 4 
 498 844 3 3 
 452 859 1 2 
 515 861 1 2 
 546 874 3 1 
 546 876 2 1 
 509 883 4 4 
 545 878 2 2 
 470 772 3 3 
 465 770 10 7 
 478 772 1 2 
 485 776 2 1 
 499 788 2 1 
 467 789 2 2 
 555 806 2 2 
 495 819 3 2 
 556 821 4 5 
 498 845 2 2 
 539 857 1 3 
 475 903 1 2 
 509 883 4 4 
 428 868 2 2 
 546 876 2 1 
 546 873 3 2 
 465 771 6 4 
 478 772 1 2 
 472 774 3 3 
 498 788 2 2 
 467 789 2 2 
 555 805 2 3 
 496 819 2 1 
 556 821 3 5 
 508 852 2 2 
 537 857 3 3 
 430 867 2 1 
 504 905 3 2 
 475 903 1 2 
 509 884 4 3 
 545 878 2 2 
 546 876 2 1 
 428 868 2 2 
 546 874 2 1 
 467 772 2 4 
 478 772 1 2 
 472 774 3 3 
 497 788 3 3 
 555 805 2 3 
 522 809 3 1 
 556 821 3 5 
 537 856 2 2 
 504 906 2 1 
 475 903 1 2 
 469 899 4 3 
 428 867 4 3 
 509 885 2 2 
 466 773 3 3 
 472 774 3 3 
 495 912 1 2 
 445 912 1 2 
 442 910 3 2 
 504 906 2 1 
 537 856 2 2 
 430 867 2 1 
 428 868 2 2 
 469 899 3 3 
 509 885 2 2 
 456 918 4 2 
 495 912 1 2 
 442 910 4 3 
 426 906 2 1 
 430 867 2 1 
 469 899 3 3 
 420 884 2 2 
 451 923 2 1 
 443 948 2 3 
 81 740 2 2 
 653 1015 2 2 
 81 740 2 2 
 655 1010 2 2 
 81 740 2 2 
 626 1016 6 3 
 81 740 2 2 
 617 1020 2 3 
 81 740 2 2 
 617 1021 1 2 
 81 740 2 2 
 643 1011 2 1 
 81 740 2 1 
 643 1011 2 1 
 81 741 2 2 
 624 1016 3 1 
 81 741 2 2 
 81 741 2 2 
 644 1002 2 2 
 81 741 2 2 
 81 741 2 2 
 494 788 4 3 
 494 788 4 3 
 650 67 3 6 
 494 788 4 3 
 650 67 3 6 
 495 788 2 2 
 650 67 3 6 
 70 755 1 2 
 650 67 3 6 
 479 810 2 1 
 650 67 3 6 
 495 787 1 2 
 650 67 3 6 
 650 67 3 6 
 650 67 3 6 
 657 1006 3 2 
 1384 919 3 5 
 1384 919 3 5 
 1385 919 2 5 
 1352 898 1 3 
 1352 898 1 3 
 1352 898 1 3 
 1352 898 1 3 
 1355 1061 3 4 
 1386 851 2 1 
 1386 851 2 1 
 1386 851 2 1 
 1386 851 2 1 
 1386 851 2 1 
 1386 851 2 1 
 1391 850 2 1 
 1373 846 1 2 
 1360 1038 3 2 
 653 70 2 2 
 1359 1063 2 3 
 1478 857 2 2 
 1385 1070 2 2 
 653 70 2 2 
 1478 857 3 3 
 653 70 2 2 
 1386 1070 1 2 
 526 807 2 1 
 1373 856 3 3 
 1411 1071 4 4 
 1443 1067 2 1 
 1373 855 4 4 
 1392 850 2 1 
 1443 1067 2 2 
 1391 850 3 1 
 1443 1065 3 4 
 1391 850 3 1 
 1443 1065 2 4 
 1391 850 3 1 
 1443 1065 2 4 
 1429 854 1 2 
 1429 854 1 2 
 1466 1068 2 2 
 1444 1068 2 1 
 1518 862 2 2 
 1414 1072 3 3 
 1526 859 3 2 
 1418 1075 2 3 
 1514 869 2 1 
 1391 850 2 1 
 1441 1074 1 2 
 1434 1076 5 4 
 1525 860 1 2 
 1435 1077 5 3 
 1524 860 2 2 
 1524 860 2 2 
 1412 1073 2 3 
