 80 604 2 3 
 71 607 2 1 
 71 427 1 2 
 51 581 2 2 
 51 581 2 2 
 80 604 3 3 
 80 605 2 1 
 74 606 2 2 
 74 607 2 2 
 74 689 2 2 
 74 689 2 2 
 71 728 1 2 
 79 728 2 3 
 62 740 2 2 
 72 741 2 2 
 78 744 2 2 
 69 745 3 4 
 70 745 2 3 
 79 745 1 2 
 755 803 3 2 
 1605 1037 1 2 
 1529 907 2 2 
 1644 1070 1 2 
 1644 1070 1 2 
 1644 1070 1 2 
 1506 989 2 3 
 1624 1004 1 2 
 1624 1004 1 2 
 1624 1004 1 2 
 1624 1004 1 2 
 656 61 2 2 
 656 61 2 2 
 1603 1036 1 2 
 656 61 2 2 
 656 61 2 2 
 656 61 2 2 
 656 61 2 2 
 656 61 2 2 
 1498 971 2 1 
 656 61 2 2 
 1517 866 2 2 
 1517 866 2 2 
 1517 866 2 2 
 1517 866 2 2 
 1517 866 2 2 
 1517 866 2 2 
 659 69 3 5 
 659 70 3 4 
 710 1016 1 2 
 659 70 3 4 
 659 70 3 4 
 659 70 3 4 
 659 70 3 4 
 659 70 3 4 
 659 70 3 4 
 1562 947 1 2 
 1555 974 2 2 
 1574 910 2 1 
 1574 910 2 1 
 1623 950 2 3 
 1562 948 1 2 
 1562 948 1 2 
 1562 948 1 2 
 1449 866 2 2 
 1704 1023 2 3 
 1704 1023 2 3 
 1682 1034 3 3 
