 959 996 16 17 
 964 998 16 15 
 966 1002 17 13 
 971 1004 16 9 
 991 1005 3 3 
 989 1005 8 3 
 992 1007 6 4 
 1013 1023 3 1 
 1110 1063 3 1 
 995 1010 5 4 
 994 1011 6 4 
 991 1013 4 2 
 984 1015 3 2 
 980 1009 4 3 
 981 1014 4 3 
 976 1015 1 2 
 976 1019 4 2 
 977 1015 7 5 
 971 1020 2 2 
 1003 1040 2 2 
 957 1044 3 5 
 961 1044 2 3 
 980 1017 3 3 
 977 1016 7 4 
 970 1017 6 6 
 957 1045 1 3 
 969 1018 5 4 
 977 1018 4 3 
 944 1051 5 6 
 974 1019 3 3 
 974 1018 4 4 
 966 1019 6 3 
 983 1033 2 2 
 944 1050 5 6 
 913 1065 2 2 
 968 1018 2 2 
 963 1019 4 4 
 971 1021 3 2 
 970 1033 4 3 
 946 1046 2 2 
 964 1046 1 2 
 943 1050 6 6 
 918 1066 7 5 
 964 1019 1 2 
 959 1020 4 3 
 972 1033 4 4 
 945 1045 2 2 
 964 1045 2 3 
 943 1050 4 5 
 960 1054 1 2 
 918 1067 6 4 
 956 1020 6 3 
 970 1032 6 4 
 973 1038 3 1 
 961 1044 6 4 
 960 1054 1 2 
 918 1068 5 3 
 983 1068 2 3 
 967 1075 1 2 
 940 1077 2 3 
 973 1079 2 1 
 16 980 2 2 
 62 948 3 3 
 6 788 2 1 
 953 1016 6 4 
 533 274 2 3 
 7 790 2 3 
 1037 1076 5 4 
 526 272 2 1 
 1138 1077 4 3 
 7 791 3 2 
 526 272 2 1 
 1033 1078 2 2 
 7 791 3 2 
 7 791 3 2 
 933 1077 6 3 
 1030 1076 2 2 
 59 957 5 3 
 60 957 2 2 
 31 1002 2 2 
 970 1018 3 4 
 973 1018 3 3 
 971 1017 5 3 
 969 1036 7 4 
 992 1023 2 1 
 983 1032 2 4 
 1039 1077 3 3 
 985 1017 1 2 
 992 1018 1 2 
 991 1018 5 4 
 992 1018 7 4 
 900 1076 2 4 
 542 271 9 3 
 995 1019 6 3 
 997 1019 4 3 
 1006 1019 3 3 
 1035 1030 2 2 
 1107 1048 3 2 
 1038 1029 2 2 
