 994 1018 6 7 
 955 1020 7 9 
 955 1018 6 11 
 994 1018 6 7 
 953 1021 1 2 
 955 1018 5 7 
 994 1018 6 7 
 947 1022 3 5 
 951 1022 3 3 
 994 1017 6 8 
 955 1018 4 7 
 946 1020 4 8 
 951 1021 3 3 
 951 1021 3 4 
 993 1026 5 3 
 946 1018 5 11 
 994 1018 6 7 
 955 1019 3 5 
 951 1021 3 4 
 993 1026 5 3 
 993 1030 4 5 
 946 1018 6 11 
 994 1018 6 7 
 955 1020 3 4 
 951 1021 3 3 
 951 1021 3 4 
 993 1026 5 3 
 993 1030 4 5 
 1007 1034 2 1 
 945 1018 7 11 
 995 1018 5 7 
 955 1020 3 4 
 951 1021 3 4 
 993 1026 5 3 
 993 1030 4 5 
 1015 1036 4 3 
 974 1036 1 2 
 1007 1034 2 1 
 951 1017 2 1 
 945 1018 7 11 
 996 1019 4 6 
 955 1020 3 4 
 951 1021 3 4 
 996 1026 3 1 
 993 1030 4 5 
 1002 1039 2 2 
 1007 1034 2 1 
 955 1019 3 6 
 951 1021 3 4 
 997 1026 3 1 
 993 1033 2 2 
 1007 1034 2 1 
 1002 1042 2 3 
 1014 1037 3 2 
 955 1019 5 6 
 998 1022 2 2 
 1032 1062 2 2 
 1040 1067 1 2 
 1027 1067 1 3 
 1031 1061 3 3 
 1003 1039 3 3 
 1029 1074 2 3 
 1036 1077 2 3 
 1031 1060 3 3 
 1027 1060 7 4 
 524 34 1 2 
 1037 1066 6 3 
 1026 1074 15 6 
 524 34 1 2 
 524 34 1 2 
 1032 1075 9 5 
 524 34 1 2 
 977 1035 1 2 
 1025 1058 1 2 
 524 34 1 2 
 1024 1059 2 2 
 1043 1068 1 2 
 1035 1063 4 2 
 1035 1064 2 1 
 1035 1064 2 1 
 1035 1063 4 2 
 1035 1064 2 1 
 1033 1076 2 2 
 516 35 3 2 
 516 35 3 2 
 1037 1077 2 1 
 516 35 3 2 
 516 35 3 2 
 516 35 3 2 
 516 35 3 2 
 516 35 3 2 
 1035 1063 4 2 
 1494 1020 3 4 
 307 168 9 6 
 313 162 2 1 
 311 160 3 3 
 311 160 3 3 
 311 160 3 3 
 311 160 3 3 
 311 160 3 3 
 311 160 3 3 
 311 160 3 3 
 311 160 3 3 
 312 161 4 3 
 312 159 3 1 
 312 159 3 1 
 309 160 2 3 
 313 157 2 1 
 309 158 3 3 
 309 158 3 3 
 311 158 3 3 
 311 158 3 3 
 311 158 3 3 
 306 157 3 3 
 306 157 3 3 
 306 157 3 3 
 312 156 4 3 
 306 157 3 3 
 308 159 3 3 
 309 160 2 1 
 528 51 2 3 
 528 51 2 3 
 528 51 2 3 
