 412 516 13 9 
 405 517 12 9 
 399 521 10 12 
 395 529 8 13 
 394 537 8 13 
 396 545 9 11 
 400 552 11 11 
 408 559 12 15 
 418 573 14 17 
 432 589 19 17 
 450 605 21 18 
 489 627 22 12 
 489 627 3 3 
 509 635 21 10 
 530 641 23 12 
 553 650 21 8 
 573 654 22 10 
 594 659 21 9 
 614 665 19 11 
 631 673 18 12 
 646 682 18 13 
 662 692 17 16 
 675 704 19 15 
 692 715 23 16 
 734 738 3 3 
 739 742 27 17 
 764 755 3 3 
 786 764 27 13 
 810 772 25 10 
 833 777 23 9 
 853 780 22 11 
 874 786 21 13 
 895 796 21 12 
 916 806 22 13 
 938 817 22 14 
 960 828 22 14 
 982 840 23 13 
 1003 848 25 10 
 534 36 2 2 
 534 36 2 2 
 1046 853 18 8 
 534 36 2 2 
 1060 854 16 9 
 534 36 2 2 
 1072 858 13 13 
 534 36 2 2 
 1080 866 14 18 
 534 36 2 2 
 1090 880 16 15 
 534 36 2 2 
 1104 891 17 12 
 524 53 5 3 
 1121 901 17 11 
 1136 909 18 16 
 1151 921 15 18 
 1164 936 14 19 
 1177 955 14 18 
 1189 970 15 19 
 1202 987 14 19 
 1215 1005 14 18 
 1231 1025 3 6 
 1243 1044 4 6 
 1254 1061 4 4 
