 123 597 3 3 
 124 601 3 3 
 63 703 3 5 
 59 783 2 1 
 74 664 2 2 
 76 696 2 1 
 58 782 2 1 
 61 810 2 1 
 63 813 2 1 
 61 810 2 1 
 63 813 2 1 
 64 854 2 3 
 69 857 2 3 
 67 857 1 2 
 61 810 2 1 
 64 853 3 4 
 66 867 2 2 
 63 876 2 2 
 60 870 3 5 
 63 876 2 2 
 659 73 2 2 
 66 867 3 2 
 1 329 3 2 
 659 73 2 2 
 59 868 7 10 
 0 329 4 2 
 659 73 2 2 
 67 867 2 2 
 0 329 4 2 
 56 860 3 2 
 0 329 4 2 
 0 329 4 2 
 52 579 2 2 
 0 329 4 2 
 63 875 3 3 
 0 329 4 2 
 26 890 1 2 
 54 581 2 3 
 0 329 4 2 
 26 890 1 2 
 55 580 1 2 
 2 329 2 2 
 64 876 2 2 
 46 495 3 2 
 46 495 3 2 
 46 495 2 2 
 35 390 2 2 
 61 880 3 6 
 35 389 2 3 
 61 880 4 7 
 35 389 2 4 
 61 880 3 6 
 35 389 2 4 
 61 880 4 7 
 35 390 2 3 
 61 880 4 7 
 35 390 2 3 
 61 880 4 7 
 35 390 2 2 
 65 906 2 1 
 0 392 2 2 
 69 638 3 5 
 29 883 2 2 
 2 383 2 1 
 70 638 2 5 
 29 884 2 2 
 2 382 2 2 
 70 639 2 2 
 29 884 2 2 
 2 382 3 2 
 38 724 3 5 
 2 382 2 2 
 69 636 1 2 
 29 884 2 2 
 53 553 1 2 
 15 366 2 2 
 69 636 1 2 
 15 366 2 2 
 69 636 1 2 
 15 366 2 2 
 69 636 1 2 
 15 366 2 2 
 35 390 2 2 
 51 577 3 3 
 51 577 4 3 
 52 577 3 3 
 52 577 3 3 
 28 506 2 2 
 28 506 2 2 
 28 506 2 2 
 53 578 2 2 
 29 886 1 2 
 66 624 2 2 
 75 607 2 1 
 75 607 2 1 
 790 1000 4 3 
 657 62 2 2 
 790 1000 3 2 
 789 1000 4 2 
 657 62 2 2 
 69 646 2 2 
 657 62 2 2 
 789 1000 4 2 
 69 646 2 2 
 657 62 2 2 
 68 643 2 2 
 657 62 2 2 
 68 643 2 2 
 657 62 2 2 
 68 643 2 2 
 657 62 2 2 
 68 646 3 4 
 657 62 2 2 
 732 1005 3 3 
 68 648 2 2 
 69 647 2 1 
 68 643 2 2 
 69 646 1 2 
 25 332 1 3 
 789 999 1 2 
 789 999 1 2 
 752 1003 2 2 
 1910 687 1 2 
 1910 687 1 2 
 33 343 2 1 
 59 769 1 2 
 72 408 2 1 
 1917 680 2 2 
 33 342 1 2 
 1917 680 2 2 
 33 342 1 2 
 33 342 1 2 
 70 577 2 2 
 72 408 2 1 
 667 64 3 2 
 71 577 2 2 
 668 64 2 1 
 71 577 2 2 
 668 64 2 1 
 71 577 2 2 
 668 64 2 1 
 33 342 1 2 
 71 577 2 2 
 668 64 2 1 
 71 576 2 3 
