 32 631 2 2 
 82 607 1 2 
 82 607 1 2 
 32 631 2 3 
 32 631 2 3 
 75 639 2 2 
 69 625 3 4 
 32 631 2 3 
 72 652 2 2 
 80 661 2 1 
 64 664 2 3 
 48 706 2 4 
 53 706 3 2 
 59 779 3 2 
 59 780 2 1 
 51 866 1 2 
 53 889 2 1 
 36 721 3 3 
 63 918 2 2 
 63 974 2 1 
 64 970 2 1 
 78 969 2 1 
 619 0 1 2 
 64 970 2 1 
 619 0 1 2 
 78 968 2 2 
 51 598 2 3 
 619 0 1 2 
 70 594 3 3 
 619 0 1 2 
 70 594 3 3 
 70 594 6 5 
 50 598 2 2 
 63 918 2 2 
 28 627 2 1 
 28 627 3 2 
 28 627 3 3 
 28 626 3 4 
 28 626 3 4 
 28 626 3 4 
 28 626 3 4 
 27 625 4 5 
 27 625 4 5 
 27 625 4 5 
 81 616 1 2 
 14 866 3 4 
 50 572 2 1 
 14 866 3 4 
 50 572 2 2 
 14 866 3 4 
 660 65 4 3 
 14 866 3 4 
 81 615 4 4 
 660 65 4 3 
 14 866 3 4 
 71 627 1 2 
 660 65 4 3 
 43 946 2 1 
 70 710 1 2 
 660 65 4 3 
 43 946 2 1 
 79 723 1 2 
 43 946 2 1 
 660 65 4 3 
 70 723 2 2 
 660 65 4 3 
 43 946 2 1 
 70 604 4 2 
 660 65 4 3 
 79 936 1 2 
 28 357 2 1 
 660 65 4 3 
 59 858 2 2 
 20 409 1 2 
 75 947 3 3 
 5 305 2 2 
 44 726 2 1 
 45 375 1 2 
 75 638 5 3 
 45 375 1 2 
 1529 908 3 4 
 75 638 5 3 
 5 305 2 2 
 1514 869 1 2 
 54 572 2 4 
 81 669 2 2 
 1576 897 2 2 
 75 655 2 2 
 1574 908 2 1 
 79 650 2 2 
 1574 908 2 1 
 79 650 2 2 
 1454 928 3 2 
 78 650 3 2 
 1454 928 3 3 
 73 636 2 3 
 618 997 2 2 
 73 636 6 4 
 617 997 3 2 
 73 636 6 4 
 617 997 3 2 
 73 636 5 3 
 617 997 3 2 
 73 636 5 3 
 1327 1005 2 2 
 57 638 2 3 
 610 1006 4 4 
 57 638 2 3 
 1507 990 1 2 
 80 647 2 1 
 1543 980 2 2 
 80 647 2 1 
 52 962 4 4 
 76 667 2 2 
 1506 991 2 3 
 76 667 2 2 
 50 961 5 4 
 43 700 2 2 
 74 954 1 3 
 80 647 2 1 
 50 961 5 3 
 665 70 5 3 
 1505 992 2 3 
 79 650 1 2 
