 834 1010 2 2 
 841 1017 1 3 
 816 1023 6 4 
 811 1024 5 2 
 809 1024 3 1 
 813 1024 1 2 
 825 1037 2 2 
 808 1023 4 3 
 821 1042 5 3 
 808 1023 4 3 
 800 1039 3 3 
 821 1042 5 3 
 821 1047 2 1 
 808 1023 4 3 
 800 1039 3 3 
 809 1040 4 4 
 778 1058 17 14 
 821 1042 2 3 
 821 1047 2 1 
 853 1050 2 2 
 808 1024 3 1 
 821 1037 2 2 
 798 1039 5 3 
 809 1040 4 4 
 854 1061 1 2 
 777 1058 17 14 
 785 1069 3 3 
 821 1042 2 3 
 821 1047 2 1 
 852 1049 3 5 
 808 1070 2 2 
 788 1072 3 2 
 794 1071 8 5 
 799 1073 2 2 
 807 1072 3 2 
 788 1072 3 2 
 798 1073 2 2 
 1065 1076 1 2 
 831 1012 3 2 
 832 1012 2 1 
 829 1031 2 1 
 525 34 2 1 
 798 1073 2 2 
 525 34 2 1 
 904 1072 7 8 
 525 34 2 1 
 903 1072 7 8 
 525 34 2 1 
 998 1066 3 3 
 525 34 2 1 
 794 1071 2 3 
 902 1075 8 5 
 525 34 2 1 
 901 1075 7 5 
 525 34 2 1 
 525 34 2 1 
 1014 1070 3 2 
 839 1072 3 2 
 827 1010 3 3 
 827 1010 3 3 
 827 1010 3 3 
 819 1007 9 6 
 979 1075 2 2 
 816 1008 9 5 
 815 1009 8 3 
 815 1010 6 2 
 819 1011 2 1 
 858 1014 2 2 
 824 1029 2 2 
 1012 1071 7 7 
 864 1015 4 3 
 865 1014 5 4 
 866 1015 3 3 
 866 1015 3 3 
 516 34 2 2 
 1028 1075 3 5 
 516 34 2 2 
 1017 1073 5 4 
 516 34 2 2 
 1017 1073 5 4 
 516 34 2 2 
 1079 1075 5 5 
 516 34 2 2 
 1079 1075 5 5 
 1079 1075 5 5 
 516 34 2 2 
 516 34 2 2 
 1079 1075 5 5 
 516 34 2 2 
 1080 1075 4 5 
 1125 1077 4 3 
 825 1049 2 2 
 1069 1071 3 6 
 1080 1077 3 3 
 851 1029 2 1 
 1070 1072 1 2 
 1068 1075 2 2 
 1078 1078 2 2 
 838 1049 2 1 
 838 1049 2 1 
 1007 1077 4 3 
 1005 1068 4 3 
 1020 1078 2 2 
