 40 713 2 1 
 45 725 1 2 
 45 725 1 2 
 33 732 2 3 
 45 744 2 3 
 4 830 1 2 
 37 749 4 4 
 52 890 2 4 
 57 735 1 3 
 81 627 2 3 
 39 751 2 2 
 31 750 3 5 
 78 620 3 2 
 34 735 2 2 
 40 754 2 2 
 39 751 2 2 
 31 750 3 5 
 78 620 3 2 
 45 736 2 1 
 34 735 2 2 
 76 628 2 2 
 82 628 1 2 
 44 762 2 2 
 39 751 2 2 
 31 750 3 5 
 45 748 2 2 
 78 620 3 2 
 76 628 2 2 
 45 736 2 1 
 34 735 2 3 
 81 628 2 2 
 58 652 2 2 
 59 768 1 2 
 43 762 3 3 
 31 751 3 4 
 45 748 2 2 
 76 628 2 2 
 81 628 2 2 
 45 736 2 1 
 35 735 1 2 
 52 726 2 2 
 58 652 2 2 
 55 776 3 3 
 58 768 2 3 
 44 762 2 3 
 52 754 1 2 
 32 752 2 3 
 52 726 2 2 
 46 738 2 1 
 54 790 1 2 
 47 881 2 1 
 59 768 1 2 
 63 932 2 2 
 70 815 1 2 
 99 983 2 2 
 58 913 2 2 
 96 992 2 2 
 108 984 3 3 
 96 992 2 2 
 61 827 1 2 
 34 741 2 1 
 109 985 2 2 
 34 740 2 2 
 109 985 2 2 
 61 824 1 2 
 22 758 2 1 
 89 969 2 2 
 75 758 2 2 
 571 1014 3 1 
 79 736 2 2 
 607 1015 2 2 
 79 724 2 2 
 82 687 1 2 
 571 1014 4 1 
 610 1016 2 2 
 79 724 2 2 
 79 724 2 2 
 616 1018 2 3 
 89 698 2 1 
 616 1019 3 2 
 81 687 2 2 
 616 1019 3 3 
 81 687 2 2 
 616 1035 2 1 
 953 1042 2 2 
 73 668 2 2 
 954 1042 1 2 
 78 652 2 2 
 78 652 2 3 
 588 1036 1 2 
 78 652 4 4 
 588 1036 1 2 
 31 624 2 3 
 616 1035 2 1 
 59 560 2 2 
 616 1035 2 1 
 59 560 3 2 
 616 1035 2 1 
 48 499 1 2 
 599 1052 5 3 
 76 701 3 2 
 58 430 2 2 
 599 1053 5 3 
 53 489 2 2 
 602 1053 2 3 
 82 746 3 3 
 665 74 3 3 
 16 318 2 2 
 55 731 2 4 
 665 74 4 3 
 16 318 2 2 
 60 740 2 1 
 665 74 3 3 
 16 318 2 2 
 60 740 2 1 
 666 74 2 3 
 55 381 2 3 
 47 383 2 1 
 80 638 3 2 
 47 383 2 1 
 81 638 2 2 
 33 393 3 4 
 68 605 1 2 
 33 393 3 4 
 68 605 1 2 
 33 393 3 4 
 68 605 1 2 
 33 393 3 4 
 68 605 1 4 
 33 393 3 4 
 68 605 1 4 
 33 393 3 4 
 68 605 1 4 
 33 393 3 4 
 68 607 1 2 
 33 396 1 2 
 71 861 2 2 
 33 396 1 2 
 76 656 2 1 
 70 412 5 4 
 32 397 2 2 
 81 666 2 1 
 31 397 3 3 
 81 666 2 1 
 31 397 3 3 
 81 666 2 1 
 31 398 2 2 
 65 677 2 3 
 31 398 2 2 
 65 677 2 3 
 662 64 3 3 
 74 752 2 2 
 32 398 1 2 
 662 64 3 3 
 64 756 2 1 
 662 64 3 3 
 70 755 2 4 
 662 64 3 3 
 74 752 3 5 
