 59 723 3 2 
 53 759 2 2 
 59 728 3 2 
 59 728 2 2 
 53 759 2 2 
 59 728 2 2 
 53 759 2 2 
 55 779 1 2 
 53 759 2 2 
 68 806 3 4 
 60 788 3 3 
 66 805 2 1 
 68 807 3 3 
 58 758 2 4 
 53 759 2 2 
 57 781 1 2 
 60 789 3 2 
 68 807 3 3 
 63 822 2 4 
 60 789 3 2 
 68 807 3 3 
 62 823 3 3 
 63 884 3 2 
 61 962 2 2 
 55 1021 2 2 
 69 850 2 2 
 65 832 2 2 
 65 832 2 2 
 70 850 2 2 
 70 850 2 2 
 70 850 1 2 
 66 876 2 1 
 1503 1001 2 4 
 1502 1001 3 4 
 54 773 1 2 
 1502 1001 3 4 
 53 762 2 1 
 1502 1001 3 4 
 53 762 2 1 
 1502 1001 3 4 
 54 773 1 2 
 1501 1001 4 4 
 54 773 1 2 
 1501 1001 4 4 
 659 64 2 2 
 1507 1004 2 3 
 54 773 1 2 
 660 64 1 2 
 1506 1005 4 4 
 54 773 1 2 
 660 64 1 2 
 1501 1003 2 2 
 54 773 1 2 
 660 64 1 2 
 1638 957 2 3 
 660 64 1 2 
 1638 957 2 3 
 660 64 1 2 
 1638 957 2 3 
 1918 614 2 10 
 660 64 1 2 
 1635 964 2 3 
 1919 614 1 2 
 660 64 1 2 
 46 741 2 2 
 1506 1007 5 4 
 46 741 2 2 
 1574 1061 2 2 
 34 733 2 1 
 1574 1061 2 2 
 34 733 2 1 
 1574 1061 2 2 
 34 733 2 1 
 1574 1061 2 2 
 34 733 2 2 
 1574 1061 2 2 
 34 733 2 2 
 1506 1009 5 4 
 1508 1009 2 3 
 1508 1009 3 1 
 45 930 3 3 
 45 930 3 3 
 664 71 3 3 
 66 837 5 3 
 659 70 2 2 
 67 837 4 3 
 659 70 2 2 
 64 912 3 4 
 659 70 2 2 
 64 911 3 5 
 659 70 2 2 
 659 70 2 2 
 1511 1001 2 2 
 659 70 2 2 
 659 70 2 2 
 65 835 5 4 
 65 835 5 4 
 79 630 2 3 
 79 630 2 3 
 79 631 2 2 
 53 580 2 2 
 34 494 2 1 
 72 861 3 3 
 32 493 3 3 
 66 866 1 2 
 66 865 2 2 
 32 493 3 3 
 0 389 2 2 
 62 882 3 5 
 32 493 3 3 
 63 885 2 2 
 52 580 3 3 
 52 580 2 2 
 64 834 3 3 
 64 834 3 4 
 64 914 2 2 
 41 905 3 3 
 63 913 3 4 
 40 730 3 2 
 26 689 2 2 
