 75 698 3 5 
 75 698 3 5 
 80 699 2 2 
 75 698 2 1 
 80 699 2 2 
 76 700 2 1 
 77 702 1 2 
 86 695 2 2 
 77 715 2 1 
 80 719 1 2 
 78 728 2 1 
 43 740 1 2 
 46 746 1 2 
 62 805 2 2 
 62 882 2 3 
 62 805 2 3 
 62 806 2 2 
 77 732 2 2 
 62 806 4 2 
 83 699 3 2 
 62 806 4 2 
 13 319 1 3 
 78 751 2 1 
 60 424 1 2 
 60 424 1 2 
 60 424 1 2 
 59 422 3 4 
 85 681 3 3 
 33 261 1 2 
 82 656 2 2 
 33 261 1 2 
 62 748 10 6 
 66 188 2 1 
 66 188 2 1 
 65 188 3 2 
 25 419 1 2 
 65 187 3 3 
 25 419 1 2 
 62 190 2 1 
 33 407 2 1 
 67 187 1 2 
 33 407 2 1 
 67 187 1 2 
 33 407 2 1 
 62 189 4 2 
 33 407 2 1 
 62 189 4 2 
 34 391 1 2 
 62 189 4 2 
 34 391 1 2 
 62 189 4 2 
 34 391 1 2 
 54 192 2 2 
 81 949 2 1 
 55 192 1 2 
 81 949 2 1 
 19 412 2 2 
 58 264 2 2 
 417 809 3 2 
 58 264 2 2 
 35 292 2 2 
 77 954 2 1 
 59 380 2 2 
 79 948 2 1 
 77 644 2 3 
 34 893 2 1 
 77 644 2 3 
 34 893 2 1 
 77 644 2 3 
 435 806 2 2 
 434 806 3 2 
 73 613 3 4 
 74 604 2 2 
 434 806 3 2 
 70 596 2 1 
 415 811 5 6 
 55 583 2 2 
 420 813 1 2 
 35 475 3 2 
 465 794 2 1 
 46 297 2 1 
 74 585 3 2 
 39 287 2 1 
 72 641 3 2 
 58 263 2 2 
 58 263 2 2 
 58 263 2 2 
