 21 322 3 2 
 22 323 2 1 
 46 405 2 2 
 74 430 5 3 
 75 430 4 3 
 73 433 3 2 
 68 439 5 4 
 74 439 3 2 
 75 430 1 2 
 77 430 2 3 
 72 432 4 3 
 68 439 9 4 
 51 471 1 2 
 47 409 2 1 
 75 430 1 2 
 77 430 2 3 
 72 432 4 3 
 68 438 9 5 
 51 471 1 2 
 46 486 2 1 
 48 408 1 2 
 77 430 2 3 
 72 431 4 4 
 68 438 9 5 
 51 471 1 2 
 65 515 2 1 
 77 430 2 3 
 72 431 4 4 
 47 516 2 1 
 68 438 9 5 
 51 471 1 2 
 69 521 2 2 
 47 516 2 1 
 60 607 3 3 
 81 675 1 2 
 81 675 1 2 
 70 678 9 3 
 81 675 1 2 
 72 677 3 3 
 71 678 3 3 
 80 699 3 5 
 70 677 9 4 
 67 706 3 1 
 81 675 1 2 
 80 699 3 5 
 70 678 9 3 
 70 716 2 2 
 67 706 3 1 
 80 699 4 5 
 81 675 1 2 
 70 678 9 4 
 73 732 2 2 
 81 675 1 2 
 70 716 2 2 
 70 678 5 3 
 67 706 3 1 
 76 678 3 2 
 80 699 3 5 
 37 745 3 4 
 62 768 1 2 
 41 755 2 2 
 53 400 2 2 
 41 755 1 2 
 1057 139 3 3 
 1056 140 3 5 
 93 990 3 3 
 80 992 2 1 
 88 994 2 2 
 93 989 3 4 
 86 992 5 5 
 93 989 3 4 
 99 976 6 4 
 99 976 5 2 
 99 976 5 2 
 101 976 3 2 
 101 976 3 2 
 1054 139 3 5 
 655 61 3 2 
 655 61 3 2 
 655 61 3 2 
 655 61 3 2 
 655 61 3 2 
 655 61 3 2 
 655 61 3 2 
 655 61 3 2 
 51 274 2 1 
 17 251 1 2 
 17 251 1 2 
 17 251 1 2 
 659 70 3 2 
 73 439 2 2 
 659 70 3 2 
 60 275 2 2 
 659 70 2 2 
 60 275 2 3 
 659 70 2 2 
 60 275 2 3 
 659 70 2 2 
 60 275 2 3 
 659 70 2 2 
 60 275 2 3 
 659 70 2 2 
 60 275 2 3 
 659 70 2 2 
 60 276 2 2 
 659 70 2 2 
 27 308 2 2 
 57 192 3 1 
 57 192 3 1 
 57 192 3 1 
 57 192 3 1 
 57 192 3 1 
 57 192 3 1 
 54 203 3 1 
 54 203 3 1 
