 82 609 1 2 
 82 609 1 2 
 78 658 2 3 
 82 609 1 2 
 81 653 2 2 
 78 658 2 3 
 74 671 2 2 
 82 609 1 2 
 81 653 2 2 
 78 658 2 3 
 77 687 2 2 
 78 643 2 3 
 81 653 2 2 
 78 658 2 3 
 69 689 2 1 
 75 689 1 2 
 84 693 2 3 
 66 718 2 2 
 71 727 1 2 
 64 729 2 2 
 48 729 6 4 
 68 745 3 2 
 51 379 2 2 
 86 720 1 2 
 51 379 2 2 
 77 689 3 3 
 63 384 2 2 
 1249 586 3 3 
 63 384 2 2 
 1249 586 3 3 
 56 390 1 2 
 1247 591 4 6 
 64 385 2 1 
 1247 587 2 3 
 74 404 2 2 
 45 707 2 4 
 48 377 3 2 
 1247 587 2 3 
 49 377 2 3 
 1246 593 4 4 
 57 376 2 2 
 92 965 1 2 
 50 377 2 1 
 1246 592 4 5 
 92 965 1 2 
 1151 495 4 9 
 92 965 1 2 
 1151 495 4 9 
 92 965 1 2 
 45 708 2 3 
 1151 495 4 9 
 92 965 1 2 
 1152 495 2 1 
 92 965 1 2 
 45 709 2 2 
 1153 498 2 6 
 1154 498 1 2 
 1154 498 1 2 
 1250 588 1 2 
 1250 588 1 2 
 1250 588 1 2 
 1250 588 1 2 
 1250 588 1 2 
 1250 588 1 2 
 342 962 2 1 
 342 962 2 1 
 342 962 2 1 
 342 962 2 1 
 338 976 2 1 
 338 976 2 1 
 1162 495 3 7 
 338 975 2 2 
 656 68 2 1 
 338 976 2 1 
 51 731 2 2 
 1163 495 2 4 
 662 68 2 3 
 338 976 2 1 
 1163 495 2 4 
 662 68 2 3 
 97 966 6 5 
 1163 494 2 3 
 662 68 2 3 
 1163 494 2 3 
 662 68 2 3 
 81 667 2 2 
 662 68 2 3 
 78 744 2 1 
 1163 494 3 8 
 662 68 2 3 
 65 782 2 1 
 1163 494 3 7 
 662 68 2 3 
 65 816 2 1 
 1164 500 3 3 
 665 68 3 4 
 65 816 2 2 
 1164 495 3 7 
 1164 496 3 3 
 75 736 2 2 
 1164 496 3 3 
 78 744 2 1 
 1164 496 3 3 
 42 722 1 2 
 1164 496 3 2 
 41 722 3 2 
 1164 496 3 2 
 66 718 2 2 
 78 962 2 2 
 1165 494 1 2 
 41 722 3 2 
 41 722 3 2 
 78 962 2 2 
 41 722 3 2 
 78 962 2 1 
 85 719 2 1 
 54 946 2 2 
 55 967 3 4 
 85 719 2 1 
