 839 1001 13 14 
 839 1002 12 13 
 839 1003 12 12 
 840 1005 10 10 
 840 1007 9 7 
 840 1008 9 5 
 522 36 2 1 
 533 52 3 6 
 840 1020 2 3 
 846 1009 6 5 
 849 1010 3 4 
 831 1020 6 4 
 846 1011 2 2 
 849 1011 2 1 
 820 1037 4 5 
 827 1036 4 5 
 830 1023 2 2 
 849 1013 2 1 
 834 1020 2 2 
 831 1020 2 2 
 828 1019 5 6 
 827 1036 1 2 
 820 1038 5 4 
 827 1039 5 4 
 826 1021 3 3 
 826 1019 7 6 
 827 1036 1 2 
 819 1040 3 3 
 823 1040 3 3 
 818 1038 13 6 
 814 1055 1 3 
 826 1020 3 3 
 827 1023 3 3 
 826 1019 7 7 
 825 1035 1 2 
 827 1036 1 2 
 825 1040 3 3 
 814 1056 1 2 
 818 1038 13 6 
 807 1067 6 3 
 792 1071 2 2 
 814 1070 1 2 
 806 1069 2 2 
 829 1017 6 6 
 829 1017 6 6 
 831 1017 4 6 
 831 1018 6 5 
 833 1020 3 3 
 833 1019 4 4 
 832 1019 5 4 
 832 1019 1 2 
 831 1019 2 4 
 836 1020 4 3 
 840 1020 2 3 
 839 1019 3 4 
 837 1017 5 4 
 837 1017 4 4 
 837 1017 3 3 
 838 1017 3 4 
 838 1018 2 3 
 836 1020 2 3 
 836 1020 2 3 
 836 1020 2 3 
 843 1019 2 3 
 840 1019 1 3 
 859 1021 3 5 
 840 1021 2 2 
 802 1067 1 2 
 795 1065 2 1 
 857 1022 2 2 
 830 1040 2 2 
 830 1040 2 2 
 829 1039 2 3 
 829 1039 3 4 
 829 1039 2 4 
 834 1020 3 2 
 835 1020 2 2 
 835 1020 2 2 
 834 1020 2 2 
 852 1023 3 2 
 821 1040 1 2 
 803 1056 2 2 
 803 1056 2 2 
 803 1056 2 2 
 814 1069 1 2 
 830 1022 2 3 
 830 1021 2 4 
 831 1020 3 3 
 831 1020 2 2 
 830 1021 3 1 
 831 1019 2 2 
 831 1019 3 3 
 1030 1062 2 1 
 844 1014 3 1 
 532 48 3 2 
 1031 1061 2 2 
 532 48 3 2 
 1030 1061 2 2 
 532 48 3 2 
 1030 1061 2 2 
 532 48 3 2 
 1030 1060 4 3 
 532 48 3 2 
 1034 1065 6 4 
 532 48 3 2 
 834 1020 2 2 
 532 48 3 2 
 993 1021 3 1 
 532 48 3 2 
 993 1021 3 1 
 834 1020 3 2 
 835 1020 2 2 
 835 1020 2 2 
 835 1020 2 2 
 834 1020 3 2 
 854 1023 3 2 
 855 1023 2 2 
