 31 705 3 2 
 76 793 4 4 
 29 803 1 2 
 46 833 3 5 
 71 735 2 2 
 75 784 2 3 
 77 793 3 3 
 77 793 3 3 
 64 828 1 2 
 76 763 1 2 
 44 809 2 1 
 23 804 1 2 
 66 833 2 1 
 76 763 1 2 
 63 828 3 3 
 23 804 1 2 
 63 816 1 2 
 44 809 2 1 
 68 837 1 2 
 45 832 2 1 
 76 763 1 2 
 77 797 2 2 
 53 838 2 3 
 63 832 2 1 
 76 763 1 2 
 77 797 2 2 
 45 841 2 4 
 50 879 3 2 
 33 545 2 1 
 57 786 3 3 
 78 515 1 2 
 78 514 2 3 
 78 514 2 3 
 45 816 2 1 
 78 515 1 2 
 45 816 2 1 
 78 515 1 2 
 45 816 2 1 
 57 788 2 1 
 78 515 1 2 
 38 818 1 2 
 78 515 1 2 
 38 818 1 2 
 78 515 1 2 
 45 816 2 1 
 45 816 2 1 
 57 787 2 3 
 57 787 1 2 
 57 787 1 2 
 33 708 1 2 
 56 304 2 1 
 665 63 5 4 
 10 277 1 2 
 68 809 2 2 
 665 63 4 3 
 55 846 2 3 
 10 277 1 2 
 665 63 4 3 
 60 837 2 2 
 10 277 1 2 
 665 63 4 3 
 55 847 2 2 
 10 277 1 2 
 55 847 2 2 
 665 63 4 3 
 10 277 1 2 
 55 847 2 1 
 665 63 4 3 
 26 276 2 1 
 665 63 4 3 
 54 768 4 4 
 26 275 2 2 
 665 63 4 3 
 56 769 2 3 
 26 275 2 2 
 46 220 1 2 
 75 768 1 2 
 0 466 2 1 
 39 225 2 1 
 71 576 4 1 
 38 224 3 2 
 64 705 1 2 
 0 466 2 1 
 46 220 2 2 
 73 573 2 4 
 46 220 2 2 
 73 573 3 4 
 38 225 3 2 
 74 576 2 1 
 38 225 4 2 
 73 576 3 2 
 38 225 4 2 
 73 576 3 3 
 40 225 2 2 
 73 576 1 2 
 41 225 1 2 
 73 576 2 3 
 41 225 1 2 
 73 576 2 3 
 41 225 1 2 
 69 576 6 3 
 41 225 1 2 
 69 576 6 3 
 41 225 1 2 
 71 578 2 1 
 41 225 1 2 
 71 578 2 1 
 63 232 1 2 
 28 442 2 1 
 54 241 1 2 
 28 442 2 1 
 54 241 1 2 
 28 442 2 1 
 54 241 1 2 
 11 457 3 2 
 54 241 1 2 
 0 467 2 1 
 54 241 1 2 
 0 467 2 1 
 54 241 1 2 
 0 467 2 1 
 54 241 1 2 
 0 467 2 1 
 54 241 1 2 
 30 442 2 2 
 30 442 2 2 
 56 706 3 2 
 46 539 2 1 
 75 761 2 2 
 75 761 2 2 
 75 761 2 2 
 72 495 2 2 
 44 819 2 3 
 72 495 2 2 
 46 453 2 1 
 35 448 2 2 
 47 450 3 2 
 31 441 2 1 
 12 314 1 2 
 1919 585 1 2 
 12 314 1 2 
 59 515 2 1 
 57 249 1 2 
 12 456 2 1 
 57 249 1 2 
 12 456 2 1 
 57 249 1 2 
 1918 641 2 1 
 18 289 2 1 
 72 493 4 3 
 650 75 3 3 
 18 289 2 1 
 73 493 3 2 
 650 75 3 3 
 55 850 2 2 
 18 289 2 1 
 1918 641 2 1 
 650 75 3 3 
 55 850 2 2 
 1918 641 2 1 
 650 75 3 3 
 55 850 2 2 
 14 277 1 2 
 650 75 3 3 
 55 850 2 2 
 14 277 1 2 
 1918 591 2 3 
 650 75 3 3 
 55 850 2 2 
 14 277 1 2 
 1918 591 2 2 
