 64 189 2 2 
 64 189 2 2 
 62 216 2 1 
 38 286 1 2 
 29 252 2 2 
 16 299 1 2 
 22 306 2 1 
 16 299 1 2 
 0 324 1 3 
 34 345 2 3 
 47 422 2 2 
 36 519 2 1 
 73 615 4 3 
 73 615 4 3 
 73 639 2 2 
 73 615 4 3 
 73 637 2 4 
 48 713 2 2 
 73 615 4 3 
 73 637 2 4 
 48 713 2 2 
 60 773 4 7 
 73 615 4 3 
 73 637 2 4 
 79 719 1 2 
 60 774 3 3 
 60 773 3 8 
 73 615 4 3 
 73 637 2 4 
 79 719 2 2 
 60 774 3 3 
 59 776 3 3 
 59 773 5 7 
 73 615 4 3 
 73 637 2 4 
 79 719 2 2 
 60 774 3 3 
 59 776 3 3 
 58 773 5 6 
 65 777 6 10 
 74 615 2 2 
 73 637 2 3 
 79 719 2 2 
 60 774 3 3 
 58 772 6 7 
 65 775 6 12 
 66 779 3 3 
 67 778 3 3 
 66 777 3 3 
 73 637 2 3 
 65 777 7 10 
 67 780 3 3 
 66 779 3 3 
 66 777 3 3 
 79 719 2 2 
 58 772 6 7 
 60 774 3 3 
 70 795 2 2 
 59 795 2 2 
 65 777 7 10 
 67 780 3 3 
 66 779 3 3 
 65 774 2 2 
 58 772 6 7 
 59 776 3 3 
 60 774 3 3 
 48 771 1 2 
 79 719 2 2 
 65 801 3 5 
 65 815 3 3 
 65 804 2 2 
 65 802 2 1 
 664 63 5 3 
 30 285 2 1 
 1918 577 2 2 
 664 63 5 3 
 30 285 2 1 
 1919 577 1 2 
 664 63 5 3 
 1919 603 1 2 
 664 63 5 3 
 1903 659 3 2 
 59 589 3 2 
 36 271 3 2 
 36 271 2 2 
 42 226 2 1 
 72 494 2 1 
 55 196 2 3 
 1886 633 3 2 
 55 196 2 3 
 55 196 2 3 
 55 196 2 2 
 55 196 2 2 
 55 196 2 2 
 55 196 3 3 
 55 196 2 2 
 55 196 3 3 
 56 197 2 2 
 30 401 2 2 
 56 197 2 2 
 30 401 2 2 
 56 197 2 2 
 56 197 2 2 
 56 197 2 2 
 10 254 2 2 
 66 652 3 2 
 55 197 2 2 
 55 197 1 2 
 649 75 3 3 
 67 849 2 3 
 649 75 3 3 
 67 849 2 3 
 649 75 3 3 
 649 75 3 3 
 67 849 1 2 
 649 75 3 3 
 65 968 2 2 
 649 75 3 3 
 65 968 2 2 
 649 75 3 3 
 649 75 3 3 
 97 980 2 2 
 69 565 1 2 
 97 980 3 2 
 69 566 1 2 
 69 566 1 2 
 101 978 2 3 
 104 978 2 3 
 61 477 1 2 
 104 979 2 2 
 61 477 1 2 
 61 477 1 2 
 104 979 2 2 
 70 486 3 3 
 97 980 3 2 
 42 400 2 2 
 45 379 3 1 
 49 380 2 1 
 42 400 2 2 
 42 400 2 2 
 77 576 1 2 
 77 576 1 2 
 61 583 2 1 
 61 583 2 1 
 652 63 2 1 
 652 63 2 1 
 652 63 2 1 
 652 63 2 1 
 652 63 2 1 
