 77 731 2 2 
 52 736 2 1 
 611 1024 3 2 
 93 971 2 2 
 84 966 9 4 
 98 982 3 4 
 73 990 2 2 
 84 966 2 2 
 98 985 3 3 
 98 987 4 4 
 93 991 3 5 
 79 986 1 2 
 75 968 2 2 
 75 968 2 2 
 76 980 2 2 
 75 968 2 2 
 83 968 3 2 
 76 980 2 2 
 90 982 2 1 
 75 968 2 2 
 83 968 2 1 
 79 969 3 2 
 76 980 2 2 
 85 984 3 2 
 97 984 2 2 
 75 968 2 2 
 83 968 2 1 
 108 985 3 5 
 97 984 2 2 
 85 984 3 2 
 79 969 3 2 
 76 980 2 2 
 100 987 6 6 
 77 987 5 3 
 77 987 3 3 
 108 985 3 5 
 85 985 3 1 
 75 968 2 2 
 97 984 2 2 
 83 968 2 1 
 79 969 3 2 
 96 995 2 3 
 72 990 2 2 
 107 985 4 6 
 96 1002 2 2 
 96 996 2 2 
 94 994 1 2 
 34 485 2 3 
 38 479 2 2 
 94 997 1 2 
 34 485 3 7 
 94 997 1 2 
 37 716 2 2 
 341 963 3 2 
 34 485 3 7 
 1354 998 3 3 
 34 485 2 3 
 79 988 2 1 
 37 716 2 2 
 1357 931 3 3 
 37 716 2 2 
 1357 931 4 4 
 1357 931 4 4 
 1357 931 4 4 
 1358 931 1 3 
 1358 931 1 2 
 1328 1007 4 3 
 34 487 2 2 
 339 962 5 6 
 34 487 2 2 
 339 964 5 4 
 34 487 2 2 
 339 964 3 4 
 34 487 2 1 
 1306 1001 5 3 
 650 64 3 2 
 1306 1001 5 3 
 34 487 2 2 
 650 64 3 2 
 1306 1002 5 2 
 40 468 2 2 
 1497 1004 2 3 
 650 64 3 2 
 40 468 2 2 
 650 64 3 2 
 40 468 2 2 
 1505 994 2 2 
 650 64 3 2 
 1506 994 2 2 
 24 436 2 2 
 650 64 3 2 
 102 992 2 3 
 24 436 2 2 
 650 64 3 2 
 24 436 2 3 
 84 992 2 1 
 650 64 3 2 
 24 436 2 3 
 79 990 2 2 
 68 195 1 2 
 107 989 4 4 
 24 436 2 3 
 56 231 2 1 
 24 436 2 3 
 108 991 3 2 
 56 231 2 1 
 16 435 2 1 
 109 991 2 2 
 69 195 2 2 
 16 435 2 1 
 99 990 7 2 
 68 191 2 1 
 16 435 2 1 
 660 819 2 1 
 68 191 2 1 
 16 435 2 1 
 68 191 2 1 
 1462 1047 3 1 
 16 435 2 1 
 68 191 2 1 
 1461 1047 4 2 
 16 435 2 1 
 68 191 2 1 
 1461 1046 5 3 
 68 191 2 1 
 1461 1046 5 3 
 705 835 1 2 
 68 191 2 1 
 1461 1046 5 3 
 705 835 1 2 
 68 191 2 1 
 1461 1047 4 2 
 705 835 1 2 
 1453 1050 2 3 
 705 835 1 2 
 64 820 1 2 
 1431 1044 2 2 
 75 731 2 2 
 75 731 2 2 
 341 964 2 1 
 42 216 3 2 
 705 835 1 2 
 665 63 3 3 
 64 820 1 2 
 665 63 3 3 
 103 990 3 1 
 667 63 1 2 
 335 982 2 2 
 667 63 1 2 
 335 982 2 2 
 667 63 1 2 
 667 63 1 2 
 63 885 1 3 
 667 63 1 2 
 96 984 2 2 
 667 63 1 2 
 104 987 2 1 
 80 967 1 2 
 80 967 2 2 
 87 968 2 1 
 777 828 2 2 
 1581 1063 1 2 
 777 828 2 2 
 1583 1055 2 2 
 99 983 1 3 
 1581 1063 2 2 
 1581 1063 2 2 
 1581 1063 2 3 
 86 967 2 1 
 630 994 2 1 
 630 994 2 1 
 779 857 2 1 
 610 1016 2 2 
 629 991 2 1 
 659 807 3 3 
 1486 970 4 2 
 659 807 3 3 
