 77 609 1 2 
 79 686 2 1 
 79 695 2 2 
 70 708 3 2 
 88 709 2 2 
 83 712 2 2 
 89 712 3 2 
 91 715 2 2 
 79 720 1 2 
 79 686 2 1 
 69 708 4 2 
 88 709 2 2 
 83 712 2 2 
 89 712 3 2 
 91 715 2 2 
 79 720 1 2 
 38 723 3 2 
 69 708 4 2 
 88 709 2 2 
 83 712 2 2 
 89 712 3 2 
 91 715 2 2 
 79 720 1 2 
 81 723 1 2 
 40 726 2 2 
 70 708 3 3 
 88 709 2 2 
 83 712 2 2 
 89 712 4 5 
 79 720 1 2 
 41 728 3 2 
 79 695 2 2 
 60 703 2 1 
 72 709 1 2 
 88 709 2 2 
 91 715 2 2 
 83 720 2 2 
 41 728 3 2 
 76 737 3 2 
 60 703 2 1 
 72 709 1 2 
 88 709 2 2 
 90 715 2 3 
 41 728 3 3 
 79 740 2 2 
 90 717 2 3 
 84 719 2 3 
 41 728 3 3 
 47 744 1 2 
 68 744 1 2 
 49 758 2 3 
 90 717 2 3 
 43 729 1 2 
 68 745 1 2 
 81 748 2 3 
 21 387 2 2 
 40 749 1 2 
 42 761 1 2 
 62 811 2 2 
 62 822 2 2 
 55 911 2 2 
 71 829 1 2 
 68 827 2 3 
 55 911 2 2 
 63 844 3 1 
 49 609 1 2 
 0 582 2 1 
 68 827 4 3 
 0 582 2 1 
 68 827 4 3 
 0 584 2 2 
 68 827 4 3 
 653 61 8 4 
 65 784 1 2 
 0 351 2 2 
 653 61 8 4 
 76 779 2 3 
 653 61 8 4 
 76 781 2 1 
 653 61 8 4 
 60 783 2 2 
 31 522 2 1 
 654 61 7 4 
 63 783 3 4 
 654 61 7 4 
 63 783 3 4 
 655 61 6 4 
 72 864 1 2 
 655 61 6 4 
 60 784 2 2 
 69 863 2 4 
 65 641 2 2 
 72 679 2 1 
 72 679 2 1 
 28 896 2 2 
 28 896 4 4 
 75 666 2 1 
 28 896 4 4 
 62 654 2 2 
 28 896 4 4 
 62 654 2 2 
 28 896 4 4 
 66 636 2 2 
 28 896 4 4 
 59 899 3 3 
 28 896 3 4 
 28 896 3 3 
 59 900 3 2 
 60 900 2 2 
 647 61 3 4 
 647 61 3 4 
 647 61 3 4 
 33 502 1 2 
 79 955 3 3 
 647 61 3 4 
 33 502 1 2 
 647 61 3 4 
 33 502 1 2 
 75 734 2 1 
 79 955 3 3 
 647 61 3 4 
 647 61 3 4 
 21 460 1 2 
 647 61 3 4 
 21 460 1 2 
 21 460 1 2 
 23 691 4 6 
 68 669 2 2 
 59 907 3 4 
 24 691 2 3 
 24 691 2 2 
 77 659 1 2 
 42 740 4 5 
 44 741 2 1 
 44 741 2 1 
 44 740 1 2 
 44 740 1 2 
 82 650 2 2 
 82 650 2 2 
 82 650 2 2 
 82 650 2 2 
 82 650 2 2 
 652 64 1 2 
 58 616 1 2 
 652 64 1 2 
 60 706 2 1 
 652 64 1 2 
 79 638 2 2 
 44 740 2 2 
 64 755 2 2 
 53 747 2 2 
 53 747 1 2 
 59 708 2 1 
 59 708 2 2 
 59 708 2 2 
 33 754 2 1 
 56 669 1 2 
 56 669 1 2 
 56 669 1 2 
 63 810 2 1 
 62 809 3 2 
 62 809 3 2 
 63 810 2 1 
 63 810 2 1 
 664 62 4 3 
 63 810 2 1 
 664 62 4 3 
 69 828 3 3 
