 61 0 5 1 
 65 10 9 5 
 70 24 7 5 
 72 36 11 8 
 81 53 5 2 
 93 80 3 4 
 91 100 3 1 
 97 93 4 3 
 94 107 7 9 
 99 122 12 8 
 109 138 5 2 
 109 157 1 2 
 117 152 2 2 
 113 166 11 8 
 120 185 6 2 
 123 194 12 9 
 132 208 1 2 
 130 207 10 8 
 136 221 10 8 
 145 236 7 2 
 146 248 11 8 
 154 266 3 1 
 165 289 5 2 
 177 297 3 3 
 178 305 11 8 
 1481 775 5 4 
 185 313 11 8 
 1481 775 3 3 
 192 324 8 6 
 1484 777 2 2 
 198 331 10 6 
 1457 753 4 2 
 211 339 3 2 
 1457 751 4 4 
 211 348 6 3 
 1457 751 4 5 
 217 357 2 1 
 1457 753 5 3 
 1457 753 13 3 
 1428 809 10 5 
 649 63 2 2 
 1458 753 2 2 
 649 63 2 2 
 238 373 4 4 
 649 63 2 2 
 246 372 6 7 
 1466 754 1 2 
 649 63 2 2 
 248 378 8 6 
 649 63 2 2 
 258 378 3 5 
 649 63 2 2 
 260 380 5 6 
 1459 772 1 2 
 649 63 2 2 
 1457 773 7 2 
 264 383 3 2 
 1458 774 6 3 
 649 63 2 2 
 262 391 6 8 
 1458 775 5 2 
 264 391 8 10 
 270 392 5 6 
 1465 770 3 2 
 269 395 9 10 
 1465 770 3 2 
 1464 776 7 3 
 271 401 6 4 
 275 403 2 3 
 270 413 8 2 
 1468 769 2 1 
 1468 769 2 1 
 1436 811 2 2 
 1434 811 4 3 
 1434 811 4 3 
 1446 766 1 2 
 1446 765 4 3 
 1447 765 3 3 
 1446 764 4 4 
 1464 773 2 2 
 1436 811 3 2 
 1435 811 4 3 
 656 74 2 2 
 1434 811 7 5 
 1431 811 10 5 
 656 73 2 3 
 1433 811 8 5 
 656 73 2 3 
 1431 810 10 6 
 665 64 2 1 
 1430 810 10 5 
 665 64 2 1 
 1430 810 8 6 
 665 64 2 1 
 1447 762 7 7 
 665 64 2 1 
 1447 763 4 3 
 665 64 2 1 
