 919 572 5 3 
 914 578 7 5 
 911 587 6 4 
 71 701 2 1 
 905 596 8 5 
 901 605 7 3 
 892 622 7 4 
 886 629 5 4 
 879 635 4 5 
 872 642 3 5 
 861 648 5 6 
 851 652 7 7 
 842 657 6 7 
 824 670 4 3 
 816 678 2 2 
 807 681 3 5 
 799 688 2 4 
 789 693 5 6 
 773 706 6 7 
 766 713 5 6 
 760 720 3 4 
 753 728 4 3 
 89 971 2 2 
 745 735 5 4 
 89 971 2 2 
 63 910 2 2 
 99 976 2 2 
 622 184 2 3 
 1415 1056 3 3 
 622 184 2 3 
 718 761 4 3 
 99 976 2 2 
 1506 1051 5 4 
 622 184 2 3 
 709 768 6 3 
 622 184 2 3 
 703 775 4 2 
 622 184 2 3 
 695 782 5 2 
 689 791 3 2 
 681 797 7 6 
 1506 1051 5 4 
 50 767 2 2 
 1508 1052 1 2 
 667 63 2 4 
 667 63 2 2 
 667 63 2 2 
 667 63 2 2 
 667 63 2 2 
 638 863 4 5 
 667 63 2 2 
 632 874 5 3 
 667 63 2 2 
 625 883 6 4 
 667 63 2 2 
 620 891 6 6 
 615 900 6 6 
 51 769 1 2 
 60 776 1 2 
 60 776 1 2 
 602 939 4 4 
 599 947 5 7 
 597 957 5 7 
 595 969 5 6 
 594 979 4 5 
 589 990 5 5 
 584 1000 5 4 
 52 966 2 2 
 573 1019 5 5 
 1484 997 3 3 
 1484 997 3 3 
 1484 997 3 3 
 549 1053 4 4 
 674 961 2 2 
 539 1067 5 4 
 1485 995 3 4 
 77 606 1 2 
 1485 995 3 3 
 77 606 1 2 
 1486 995 2 2 
 77 606 1 2 
 1478 1051 3 4 
 1512 993 1 2 
 1512 993 1 2 
 1512 993 1 2 
 1512 993 1 2 
 1512 993 1 2 
 1554 1000 2 1 
 1441 1001 3 2 
 1602 1054 3 2 
 1620 1064 2 2 
 1620 1064 2 2 
 1602 1054 3 2 
 1602 1054 3 2 
 1602 1054 3 2 
 710 822 3 2 
 458 1056 2 2 
 711 823 2 1 
 465 1050 2 3 
 1391 1077 2 3 
 711 823 2 1 
 1381 1077 3 3 
 711 823 2 1 
 666 74 3 3 
 711 823 2 1 
 458 1056 2 2 
 666 74 3 3 
 458 1056 2 2 
 711 823 2 1 
 666 74 3 3 
 458 1056 2 2 
 416 811 3 2 
 666 74 3 3 
 464 1050 4 5 
 711 823 2 1 
 666 74 3 3 
 464 1050 4 5 
 416 811 3 3 
 666 74 3 3 
 465 1057 5 4 
 413 810 2 2 
 666 74 3 3 
 464 1051 4 3 
 413 810 2 2 
 666 74 3 3 
 476 786 3 7 
 476 787 3 6 
 476 787 3 2 
 476 787 3 2 
 478 787 1 2 
