 74 587 2 1 
 85 611 2 2 
 82 625 2 1 
 69 683 2 2 
 53 470 3 1 
 42 428 2 1 
 83 610 4 2 
 53 497 2 1 
 83 610 4 2 
 75 613 2 2 
 69 582 2 2 
 84 610 3 2 
 73 612 4 2 
 82 625 2 1 
 73 441 2 2 
 31 473 2 1 
 27 524 2 1 
 68 580 3 4 
 76 585 1 2 
 72 599 1 2 
 84 610 3 2 
 72 612 2 2 
 75 613 2 1 
 72 641 2 1 
 27 524 2 1 
 68 580 3 4 
 76 585 1 2 
 84 610 2 2 
 73 612 4 2 
 72 638 2 4 
 84 691 3 2 
 70 733 3 1 
 76 730 3 1 
 64 722 2 2 
 51 734 2 2 
 48 734 2 2 
 70 733 3 1 
 78 730 3 3 
 64 722 2 2 
 58 722 2 2 
 84 691 3 2 
 60 738 1 2 
 18 786 2 1 
 77 743 1 2 
 75 742 1 2 
 657 73 1 2 
 54 423 3 3 
 64 455 2 2 
 40 464 1 2 
 28 522 3 3 
 67 749 1 2 
 65 749 1 2 
 21 305 2 2 
 77 743 1 2 
 21 305 2 2 
 66 617 2 2 
 34 347 1 2 
 4 552 1 2 
 25 310 2 1 
 54 579 1 2 
 25 310 2 1 
 71 732 3 2 
 43 379 1 2 
 71 732 3 2 
 59 286 1 2 
 15 488 1 2 
 56 194 1 2 
 15 488 1 2 
 56 194 1 2 
 15 488 1 2 
 56 194 1 2 
 15 488 1 2 
 56 194 1 2 
 15 488 1 2 
 53 195 2 2 
 3 553 1 3 
 53 195 2 2 
 80 657 2 1 
 53 195 2 2 
 80 657 3 2 
 53 195 2 2 
 649 74 2 1 
 65 281 2 2 
 649 74 2 1 
 48 282 1 2 
 74 613 2 1 
 649 74 2 1 
 28 362 2 2 
 66 786 2 2 
 649 74 2 1 
 26 297 2 1 
 66 786 2 2 
 649 74 2 1 
 28 361 1 2 
 59 781 1 2 
 53 227 1 2 
 22 304 1 2 
 51 757 1 2 
 22 304 1 2 
 51 769 1 2 
 0 350 2 1 
 71 582 2 2 
 5 346 3 2 
 70 581 4 3 
 5 346 3 2 
 71 581 3 2 
 5 346 3 2 
 71 581 3 2 
 5 347 2 1 
 71 581 3 2 
 71 581 3 2 
 70 580 5 3 
 71 581 4 2 
 71 581 4 2 
 71 580 4 3 
 72 580 3 3 
 72 580 3 3 
 72 580 3 3 
 64 279 1 2 
 64 279 1 2 
 60 258 2 1 
 60 258 3 2 
 60 258 3 2 
 59 258 4 2 
 11 775 3 3 
 668 74 2 2 
 64 279 1 2 
 668 74 2 2 
 42 731 2 1 
 668 74 2 2 
 51 731 2 2 
 668 74 2 2 
 69 842 1 2 
 40 375 2 2 
 668 74 2 2 
 69 842 1 2 
 38 289 2 1 
 668 74 2 2 
 61 882 2 2 
 20 305 2 1 
 668 74 2 2 
 67 884 1 2 
 21 281 1 2 
 668 74 2 2 
 67 884 1 2 
 21 281 1 2 
 68 188 1 2 
 34 389 1 2 
 66 188 3 4 
 34 389 1 2 
 65 189 3 3 
 32 393 2 2 
 65 188 4 3 
 32 393 2 2 
 68 188 3 1 
 36 707 2 1 
 68 188 2 1 
 36 707 2 1 
 64 187 6 4 
 33 518 2 2 
 64 187 6 4 
 33 518 2 2 
 64 187 6 4 
 32 518 3 2 
 66 187 5 3 
 32 518 3 2 
 59 887 2 1 
 30 229 2 2 
 62 189 2 3 
 17 413 2 2 
 52 201 6 6 
 24 873 2 2 
