 1777 679 3 7 
 1777 680 3 6 
 1777 680 1 2 
 1772 705 5 7 
 1789 694 1 2 
 1772 705 6 5 
 1779 707 5 6 
 1773 705 3 3 
 1780 709 4 4 
 1787 707 2 2 
 1772 705 6 9 
 1789 694 2 2 
 1773 705 3 7 
 1780 709 4 4 
 1781 710 3 3 
 1775 708 4 7 
 1783 714 2 3 
 1783 719 2 2 
 1783 716 2 2 
 1783 722 3 1 
 1782 719 3 2 
 1780 720 3 3 
 1781 682 1 3 
 1778 712 1 2 
 666 63 3 2 
 1776 714 7 7 
 656 73 1 2 
 656 73 1 2 
 1782 708 1 2 
 656 73 1 2 
 1781 708 2 2 
 655 80 3 6 
 1773 710 5 9 
 655 80 3 6 
 1773 712 3 5 
 655 80 3 6 
 1789 694 2 1 
 1771 706 8 11 
 655 80 3 6 
 1773 706 5 4 
 1780 682 1 3 
 1780 682 1 3 
 1780 683 1 2 
 1776 707 2 4 
 1780 683 1 2 
 1780 683 1 2 
 1770 708 2 3 
 1779 714 4 4 
 1779 715 4 5 
 1780 715 2 3 
 1780 717 3 5 
 1782 717 2 3 
 1781 715 2 5 
 1796 694 2 2 
 1777 708 1 2 
 1793 685 2 2 
 1793 685 3 2 
 1794 685 3 2 
 1774 708 2 2 
 1797 685 1 2 
 1780 682 2 1 
 1784 711 1 2 
 1781 682 1 2 
 1781 682 2 3 
 1782 684 1 2 
 1782 684 2 2 
 1795 694 2 1 
 1788 718 4 9 
 1790 716 1 3 
 1790 719 4 7 
 1780 706 2 2 
