 73 409 2 2 
 20 413 2 2 
 47 493 2 1 
 27 498 2 1 
 35 515 2 3 
 27 498 2 2 
 60 548 2 3 
 27 498 3 3 
 60 552 1 2 
 652 71 1 2 
 662 72 2 2 
 658 74 3 4 
 76 614 1 2 
 57 593 2 1 
 57 593 2 1 
 57 606 2 3 
 56 589 3 2 
 57 593 2 1 
 52 609 2 2 
 55 588 4 3 
 57 593 2 1 
 51 608 3 4 
 76 613 2 2 
 53 558 1 2 
 55 588 5 3 
 51 608 3 4 
 75 612 3 3 
 73 614 1 2 
 82 614 3 2 
 53 558 1 3 
 55 589 5 2 
 75 598 2 2 
 51 608 3 4 
 75 612 2 2 
 81 612 4 4 
 65 615 2 1 
 54 678 1 2 
 55 588 5 3 
 75 598 2 2 
 51 608 3 4 
 75 612 2 2 
 81 612 4 4 
 71 633 3 5 
 55 588 1 2 
 57 589 3 2 
 75 598 2 2 
 51 608 3 4 
 81 612 2 4 
 71 634 3 4 
 53 558 1 2 
 55 588 1 2 
 57 589 2 2 
 51 608 3 4 
 82 614 1 2 
 71 635 3 3 
 71 634 3 4 
 51 609 3 3 
 71 636 3 2 
 53 677 2 2 
 52 609 2 2 
 70 637 4 6 
 84 691 2 2 
 79 749 1 2 
 77 746 1 2 
 79 720 1 2 
 83 721 2 2 
 79 749 1 2 
 83 721 2 2 
 72 641 1 2 
 72 641 1 2 
 667 70 2 3 
 59 553 2 2 
 667 71 2 2 
 74 614 2 2 
 667 71 2 2 
 29 636 1 2 
 667 71 2 2 
 38 393 1 2 
 667 71 2 2 
 70 600 1 2 
 32 394 2 1 
 667 71 2 2 
 33 322 2 2 
 70 600 1 2 
 667 71 2 2 
 33 322 2 2 
 61 618 3 3 
 667 71 2 2 
 33 322 2 2 
 76 646 1 2 
 33 322 2 2 
 81 657 2 2 
 42 378 2 4 
 81 657 3 2 
 41 374 1 2 
 83 657 2 2 
 41 374 2 3 
 83 657 2 2 
 66 948 2 2 
 8 323 2 2 
 8 323 2 2 
 66 948 2 2 
 8 323 2 2 
 42 724 3 3 
 8 323 2 2 
 46 721 1 2 
 8 323 2 2 
 47 663 3 3 
 8 323 2 2 
 42 724 3 3 
 57 202 2 2 
 27 405 2 1 
 83 659 2 2 
 57 202 2 2 
 26 449 2 1 
 57 202 2 2 
 27 520 1 2 
 57 202 2 2 
 17 781 2 2 
 57 202 2 2 
 12 520 1 2 
 57 202 2 2 
 83 612 2 3 
 57 202 2 2 
 11 520 2 2 
 61 256 2 2 
 17 781 2 2 
 37 392 3 2 
 73 609 3 3 
 37 392 3 2 
 72 610 2 1 
 37 392 3 2 
 86 618 1 2 
 53 381 3 2 
 79 937 4 4 
 54 381 2 1 
 84 615 2 3 
 54 381 2 1 
 84 615 3 5 
 54 381 2 1 
 80 609 2 2 
 72 583 2 2 
 72 583 2 2 
 53 381 3 2 
 81 610 2 3 
 53 381 3 2 
 80 611 3 4 
 53 381 3 2 
 81 612 2 3 
 53 382 2 1 
 81 612 2 3 
 53 382 2 1 
 82 698 2 3 
 53 382 2 1 
 53 382 2 1 
 53 382 2 1 
 44 390 2 2 
 40 397 2 2 
 40 397 2 2 
 40 397 2 2 
 653 62 7 6 
 653 62 7 6 
 1236 851 3 3 
 653 62 7 6 
 653 62 7 6 
 653 62 7 6 
 654 62 6 3 
 53 868 1 3 
 654 62 6 3 
 654 62 6 3 
 68 444 1 2 
 33 393 2 2 
 33 393 2 2 
 33 393 2 2 
 33 393 2 2 
 33 393 2 2 
 65 787 2 1 
 0 403 2 5 
 64 786 2 2 
 0 403 2 5 
 43 769 2 2 
 0 403 2 5 
 64 786 2 2 
 0 403 2 2 
 57 799 2 1 
 0 407 2 1 
 13 815 1 2 
 0 407 2 1 
 51 760 2 1 
 57 757 2 3 
 57 757 2 3 
 15 456 2 3 
 58 751 1 2 
 68 677 1 2 
