 73 587 2 1 
 59 681 3 2 
 41 702 4 4 
 61 584 2 3 
 75 649 2 3 
 73 587 2 1 
 74 615 2 2 
 74 615 2 2 
 84 620 3 4 
 74 614 4 3 
 85 620 2 4 
 75 649 2 3 
 81 656 1 2 
 85 721 1 2 
 86 725 2 2 
 39 782 1 3 
 64 748 3 3 
 86 723 3 4 
 37 725 2 5 
 18 370 2 1 
 35 392 2 2 
 73 614 4 3 
 88 691 1 2 
 64 748 3 3 
 73 735 2 2 
 65 749 2 2 
 51 745 2 2 
 54 751 1 2 
 30 751 2 2 
 655 61 4 3 
 30 751 2 2 
 4 318 2 3 
 655 61 4 3 
 60 783 3 2 
 4 318 2 3 
 655 61 4 3 
 69 790 3 3 
 4 318 2 3 
 650 61 8 8 
 63 806 2 1 
 4 318 2 3 
 650 61 8 8 
 70 790 3 2 
 2 330 2 3 
 650 61 8 8 
 64 816 1 2 
 27 309 3 4 
 53 849 3 2 
 27 310 3 3 
 4 318 2 2 
 53 849 3 2 
 2 332 2 1 
 62 570 2 2 
 2 331 2 2 
 62 570 2 2 
 2 331 2 2 
 62 570 2 2 
 43 224 1 2 
 69 580 1 2 
 55 246 1 2 
 17 316 2 2 
 64 918 3 2 
 64 918 3 2 
 11 378 1 2 
 60 258 2 2 
 30 637 3 1 
 62 247 1 2 
 30 637 3 1 
 40 225 2 2 
 70 790 1 2 
 58 211 2 2 
 30 637 3 1 
 54 207 2 2 
 84 695 2 1 
 66 191 2 1 
 22 393 2 2 
 66 191 2 1 
 30 634 4 5 
 648 62 2 2 
 33 264 2 2 
 76 751 1 2 
 648 62 2 2 
 33 263 2 3 
 66 752 2 2 
 648 62 2 2 
 33 263 2 2 
 66 752 2 2 
 648 62 2 2 
 40 781 3 3 
 9 294 2 2 
 648 62 2 2 
 49 867 1 2 
 18 277 2 2 
 81 611 1 2 
 648 62 2 2 
 49 867 1 2 
 18 277 2 2 
 81 611 1 2 
 648 62 2 2 
 60 882 2 2 
 28 270 1 2 
 648 62 2 2 
 28 884 4 5 
 69 642 1 2 
 28 885 4 5 
 71 188 2 2 
 71 188 2 2 
 32 763 2 3 
 71 188 2 2 
 32 763 2 3 
 6 552 1 3 
 67 188 3 3 
 32 763 2 3 
 6 552 1 3 
 67 188 2 2 
 33 637 2 2 
 66 188 3 2 
 28 885 3 5 
 66 188 3 2 
 28 885 3 5 
 66 188 3 2 
 28 885 3 5 
 53 242 2 1 
 18 443 2 1 
 58 238 1 2 
 31 633 2 2 
 54 206 2 2 
 82 733 2 2 
 26 442 3 2 
 57 190 2 1 
 13 792 1 2 
 58 238 1 2 
 29 887 2 2 
 58 238 1 2 
 90 963 2 1 
 32 639 2 1 
 58 238 1 2 
 100 969 2 3 
 32 639 2 1 
 58 238 1 2 
 97 975 1 2 
 10 440 2 2 
 58 238 1 2 
 100 969 2 3 
 26 449 1 2 
 53 208 2 1 
 99 968 3 3 
 18 414 1 2 
 665 63 2 2 
 99 974 2 2 
 24 337 1 2 
 68 619 2 2 
 665 63 2 2 
 57 379 1 2 
 99 974 2 2 
 665 63 2 2 
 17 316 2 2 
 97 975 1 2 
 68 619 2 2 
 665 63 2 2 
 63 280 2 2 
 97 975 1 2 
 665 63 2 2 
 64 280 3 2 
 97 975 1 2 
 34 494 2 3 
 665 63 2 2 
 83 978 3 2 
 1 331 1 2 
 42 745 2 1 
 665 63 2 2 
 71 981 2 1 
 1 331 1 2 
 43 716 2 3 
 665 63 2 2 
 84 978 2 1 
 29 354 2 4 
 71 981 2 1 
 26 330 2 1 
 60 219 2 1 
 89 967 2 1 
 33 496 3 3 
 58 286 2 1 
 84 978 2 1 
 79 982 2 3 
 37 479 2 2 
 62 974 2 1 
 37 479 2 2 
 63 832 1 2 
 37 479 2 2 
 63 832 1 2 
 37 479 2 3 
 67 196 1 2 
 37 480 2 2 
 55 209 2 2 
 50 775 2 2 
 0 339 2 1 
 50 773 2 4 
 64 287 2 2 
 69 197 3 2 
 37 480 2 2 
 64 287 2 2 
 54 199 2 1 
 666 63 2 1 
 64 287 2 2 
 666 63 2 1 
 50 774 1 3 
 14 308 2 2 
