 625 1010 3 2 
 604 1017 1 2 
 664 75 2 3 
 612 1015 5 3 
 628 1003 3 3 
 626 1010 4 4 
 628 1005 2 1 
 626 1011 4 3 
 628 1003 3 3 
 626 1011 4 4 
 631 1013 4 4 
 628 1003 3 3 
 627 1011 8 6 
 612 1015 8 4 
 628 1005 2 1 
 627 1011 8 6 
 613 1015 7 4 
 612 1022 7 5 
 624 1071 2 1 
 614 1073 2 2 
 630 1072 2 1 
 632 1078 3 2 
 612 1073 4 2 
 631 1078 4 2 
 1917 591 3 4 
 615 1073 1 2 
 1917 591 3 4 
 612 1073 2 2 
 665 70 4 3 
 612 1073 2 2 
 1917 591 3 4 
 665 70 4 3 
 624 1070 1 2 
 1917 591 3 2 
 665 70 4 3 
 631 1078 4 2 
 1917 591 3 2 
 665 70 4 3 
 563 1075 3 2 
 1919 579 1 3 
 665 70 4 3 
 521 1070 2 1 
 1919 579 1 3 
 660 71 1 2 
 575 1068 2 2 
 1919 579 1 3 
 660 71 1 2 
 575 1068 3 2 
 1919 579 1 3 
 660 71 1 2 
 562 1076 6 4 
 1919 579 1 3 
 576 1068 2 2 
 1919 579 1 3 
 1919 579 1 3 
 545 1063 5 2 
 1919 579 1 3 
 544 1062 10 3 
 1919 579 1 3 
 546 1062 8 3 
 1916 593 3 3 
 549 1063 4 2 
 562 1077 4 3 
 1916 590 2 1 
 1917 580 3 3 
 546 1064 2 2 
 1917 580 3 4 
 546 1064 2 2 
 1918 580 2 4 
 570 1058 3 2 
 1918 580 2 4 
 540 1056 3 2 
 1918 580 2 4 
 552 1055 2 1 
 777 816 2 2 
 1918 580 2 4 
 552 1055 2 1 
 777 816 2 3 
 1918 580 2 1 
 540 1056 2 2 
 777 816 2 3 
 1918 580 2 1 
 540 1056 2 2 
 777 816 2 3 
 1918 580 2 1 
 548 1065 3 2 
 777 816 2 3 
 1918 580 2 1 
 619 1007 3 5 
 1917 595 2 1 
 619 1009 3 3 
 1917 595 2 1 
 620 1011 2 1 
 1917 595 2 1 
 776 816 3 3 
 1916 599 4 7 
 1916 599 4 7 
 622 1010 2 2 
 610 1024 2 1 
 1916 599 4 7 
 610 1024 2 1 
 1916 599 4 7 
 1917 597 3 3 
 610 1024 2 1 
 1917 597 3 3 
 610 1024 2 1 
 1917 597 3 3 
 1917 597 3 3 
 1917 597 3 3 
 1917 597 3 3 
 1917 597 3 3 
 1919 581 1 3 
 1917 701 2 3 
 1918 702 1 2 
 519 1063 2 2 
 1528 297 2 4 
 1872 707 2 2 
 1872 707 2 2 
 1889 659 2 2 
 1528 298 1 2 
 1918 629 2 1 
 1918 629 2 1 
 1918 629 2 1 
 1916 629 3 1 
 1918 629 2 1 
 655 61 5 5 
 1904 633 2 2 
 655 61 5 5 
 1904 633 2 2 
 655 61 5 5 
 1918 629 2 1 
 655 61 5 5 
 655 61 5 5 
 655 61 5 5 
 655 61 5 5 
 655 61 5 5 
 450 1058 2 2 
 1891 661 4 5 
 511 912 2 1 
