 94 995 3 2 
 80 993 11 4 
 40 917 3 3 
 40 917 3 3 
 40 917 3 3 
 76 960 2 2 
 87 964 4 3 
 85 964 12 7 
 40 917 3 3 
 84 965 3 3 
 86 965 3 3 
 84 964 13 7 
 40 917 3 3 
 84 965 3 3 
 86 965 3 3 
 84 964 13 7 
 85 974 2 1 
 82 977 1 2 
 40 917 3 3 
 84 965 3 3 
 86 965 3 3 
 100 983 2 2 
 84 963 13 8 
 81 977 2 2 
 99 974 1 2 
 67 970 2 2 
 86 965 3 3 
 83 963 14 8 
 67 970 2 2 
 86 974 2 2 
 98 974 1 2 
 100 975 2 2 
 80 977 3 2 
 78 984 2 2 
 96 979 2 2 
 86 965 3 3 
 83 963 13 8 
 66 970 3 2 
 100 986 1 2 
 85 973 3 3 
 78 984 2 2 
 96 973 7 4 
 89 974 2 2 
 80 976 3 3 
 83 983 2 2 
 96 980 9 4 
 96 978 2 2 
 83 988 4 2 
 90 991 2 2 
 94 999 2 2 
 71 988 3 2 
 71 988 3 2 
 71 988 3 2 
 93 995 3 6 
 86 964 2 1 
 1456 812 5 3 
 1459 812 2 3 
 1459 812 2 3 
 653 64 3 3 
 76 980 2 2 
 653 64 3 3 
 85 982 2 1 
 653 64 3 3 
 97 981 2 3 
 85 987 1 2 
 653 64 3 3 
 653 64 3 3 
 97 982 3 3 
 94 992 1 2 
 653 64 3 3 
 656 62 4 3 
 93 992 2 2 
 656 62 4 3 
 93 992 2 2 
 94 992 1 2 
 92 980 4 3 
 93 980 2 3 
 93 995 1 2 
 93 981 3 5 
 93 995 1 2 
 92 998 1 3 
 88 995 3 3 
 92 999 2 3 
 88 997 2 1 
 647 60 3 5 
 647 60 3 5 
 647 60 3 5 
 647 60 3 5 
 647 60 3 5 
 647 60 3 6 
 647 60 3 6 
 647 60 3 6 
 29 258 2 3 
 29 258 2 3 
 29 258 2 3 
 29 258 2 3 
 29 258 2 4 
 44 210 1 2 
 44 210 1 2 
 85 986 2 1 
 85 986 2 1 
 85 986 2 1 
 85 986 2 1 
 93 969 2 2 
 87 965 2 2 
 93 968 3 3 
 92 969 4 2 
 83 965 6 2 
 86 965 3 2 
