 50 611 2 2 
 61 702 3 2 
 50 611 2 2 
 75 705 1 2 
 77 733 2 2 
 67 743 4 3 
 68 744 2 1 
 67 762 2 2 
 64 762 2 1 
 68 614 2 1 
 80 640 1 3 
 5 396 1 2 
 80 640 1 2 
 5 396 1 2 
 80 640 1 3 
 5 396 1 2 
 46 612 2 1 
 5 396 1 2 
 46 612 2 1 
 5 396 1 2 
 47 674 2 1 
 666 73 3 3 
 666 73 3 3 
 78 732 1 3 
 666 73 3 3 
 47 673 2 2 
 667 74 2 2 
 73 630 2 1 
 667 74 2 2 
 72 629 3 2 
 667 74 2 2 
 72 628 3 3 
 47 610 2 2 
 47 609 2 3 
 47 609 2 3 
 46 609 3 3 
 46 608 3 4 
 54 470 2 2 
 41 398 4 4 
 69 611 2 1 
 38 398 2 2 
 76 614 2 2 
 42 390 1 2 
 71 648 2 2 
 42 390 1 2 
 78 719 1 2 
 10 296 2 3 
 64 649 2 1 
 11 295 1 2 
 78 719 1 2 
 60 222 2 1 
 32 476 2 3 
 60 220 4 3 
 31 477 3 2 
 61 220 3 4 
 31 477 3 2 
 50 217 1 2 
 50 217 1 2 
 50 217 1 2 
 80 641 2 1 
 50 217 1 2 
 80 641 2 1 
 62 220 2 2 
 623 63 3 3 
 60 270 2 2 
 623 63 3 3 
 61 270 1 2 
 623 63 3 3 
 70 648 2 3 
 23 317 2 2 
 623 63 3 3 
 70 648 2 3 
 27 286 3 2 
 623 63 3 3 
 61 270 1 2 
 623 63 3 3 
 37 291 2 2 
 623 63 3 3 
 66 626 2 3 
 12 321 2 2 
 623 63 3 3 
 66 626 2 3 
 37 291 2 2 
 70 648 2 3 
 27 286 2 2 
 27 286 2 2 
 60 660 2 2 
 60 660 2 2 
 52 558 3 3 
 52 558 3 3 
 52 558 3 3 
 16 552 2 2 
 16 552 2 2 
 16 552 2 2 
 0 334 4 4 
 47 608 2 3 
 0 334 4 4 
 47 608 2 4 
 0 334 4 4 
 47 608 2 4 
 0 334 3 2 
 69 609 2 2 
 0 334 3 2 
 69 609 2 2 
 1106 1037 2 3 
 61 258 1 2 
 17 552 1 2 
 1106 1037 2 3 
 62 220 3 2 
 53 212 2 2 
 1106 1037 2 2 
 12 498 1 2 
 653 61 5 5 
 1106 1037 2 3 
 77 730 3 2 
 15 309 2 2 
 653 61 5 5 
 1106 1039 2 1 
 69 740 2 2 
 38 291 1 2 
 12 498 1 2 
 653 61 5 5 
 1106 1039 2 1 
 76 730 4 2 
 38 291 1 2 
 12 498 1 2 
 653 61 5 5 
 1106 1039 2 1 
 69 740 2 2 
 38 291 1 2 
 12 498 1 2 
 653 61 5 5 
 1074 1042 3 2 
 69 740 2 2 
 33 265 3 2 
 653 61 5 5 
 1105 1039 2 1 
 78 742 1 2 
 34 265 2 2 
 653 61 5 5 
 69 740 2 3 
 34 265 2 2 
 653 61 5 5 
 78 742 2 2 
 34 265 2 2 
 78 742 2 2 
 52 211 2 3 
 26 426 2 1 
 66 191 4 4 
 34 395 2 3 
 66 191 4 4 
 38 393 1 2 
 66 191 4 4 
 38 393 1 2 
 37 216 1 2 
 72 423 2 1 
 53 212 2 1 
 26 426 2 1 
 10 294 2 2 
 53 559 2 2 
 10 294 3 3 
 67 587 1 2 
