 65 687 2 2 
 67 690 2 2 
 65 687 2 2 
 67 690 2 2 
 46 733 2 3 
 83 701 2 3 
 71 754 2 1 
 60 763 2 3 
 83 701 2 3 
 90 703 3 2 
 85 708 2 2 
 46 733 2 3 
 81 736 2 4 
 83 741 3 5 
 49 752 2 2 
 71 754 2 1 
 86 694 2 3 
 83 700 2 3 
 90 703 3 2 
 79 708 2 2 
 46 733 2 3 
 69 736 2 3 
 81 736 2 4 
 83 741 3 5 
 73 742 2 2 
 60 747 3 2 
 67 747 2 2 
 47 750 2 2 
 49 752 2 2 
 55 753 2 3 
 71 754 2 1 
 58 756 2 1 
 58 762 6 5 
 70 654 2 1 
 86 694 2 3 
 83 699 3 3 
 90 702 3 3 
 79 707 2 3 
 86 707 2 4 
 46 733 2 3 
 69 736 2 3 
 81 736 1 2 
 76 738 2 1 
 81 739 2 2 
 73 741 2 2 
 83 741 3 5 
 58 762 6 4 
 60 763 3 3 
 60 746 3 4 
 67 747 2 3 
 50 750 1 3 
 79 757 1 3 
 58 756 2 1 
 71 754 2 1 
 55 753 3 3 
 86 694 2 3 
 59 696 3 1 
 83 699 3 4 
 90 702 3 3 
 79 707 3 3 
 85 707 3 4 
 46 733 2 3 
 81 733 1 2 
 63 736 1 2 
 69 736 2 3 
 81 736 1 2 
 76 738 2 1 
 81 739 2 1 
 73 741 2 2 
 83 741 3 5 
 66 745 3 5 
 61 746 2 4 
 49 748 2 5 
 70 751 2 1 
 55 753 3 3 
 63 764 3 4 
 58 762 4 4 
 79 757 1 3 
 70 654 2 1 
 83 678 2 2 
 86 694 3 3 
 59 696 3 1 
 83 700 2 3 
 90 701 3 4 
 79 707 3 2 
 85 707 3 4 
 46 733 2 3 
 81 733 1 2 
 63 736 1 2 
 69 736 2 3 
 81 736 1 2 
 81 739 3 1 
 73 741 2 2 
 83 741 3 5 
 66 745 3 5 
 47 746 2 2 
 61 746 2 3 
 49 748 2 5 
 47 750 1 2 
 64 767 2 1 
 70 751 2 1 
 66 764 1 2 
 55 753 3 3 
 58 756 2 1 
 58 762 6 4 
 73 760 2 2 
 70 654 2 1 
 83 678 2 2 
 86 694 3 3 
 59 696 3 1 
 83 700 2 3 
 90 701 3 4 
 79 707 3 2 
 85 707 3 3 
 46 733 2 3 
 81 733 1 2 
 69 735 1 2 
 63 736 3 2 
 81 739 3 1 
 57 800 13 7 
 73 741 2 2 
 83 741 3 5 
 66 745 3 5 
 47 746 4 7 
 58 762 9 6 
 61 746 2 3 
 47 750 1 2 
 70 751 2 1 
 55 753 5 4 
 83 678 2 2 
 86 694 3 3 
 59 696 3 1 
 83 700 2 3 
 90 701 3 4 
 79 707 3 2 
 85 707 3 3 
 45 733 3 3 
 81 733 1 4 
 69 735 3 4 
 69 802 2 2 
 57 799 13 8 
 62 736 4 2 
 81 739 3 2 
 67 740 1 2 
 72 741 3 2 
 83 741 3 4 
 58 759 9 9 
 66 745 6 7 
 61 746 2 3 
 55 753 6 6 
 48 747 3 6 
 86 694 3 2 
 59 696 3 1 
 83 700 2 2 
 90 701 3 4 
 79 707 3 2 
 86 707 2 3 
 81 733 1 4 
 47 734 1 2 
 69 735 3 4 
 62 736 4 2 
 76 738 2 3 
 81 739 3 2 
 57 799 14 8 
 68 803 3 3 
 67 740 1 2 
 72 741 3 2 
 83 741 3 4 
 66 745 6 7 
 47 746 4 7 
 66 764 1 2 
 60 746 3 3 
 59 761 3 3 
 56 753 9 15 
 85 635 3 3 
 86 694 1 2 
 59 695 3 2 
 83 700 2 2 
 90 701 3 3 
 79 706 3 3 
 86 707 2 3 
 81 733 1 3 
 47 734 1 2 
 68 734 4 5 
 62 736 4 2 
 76 739 2 1 
 81 740 1 2 
 72 741 3 2 
 84 743 2 2 
 71 811 2 2 
 60 745 3 4 
 66 745 6 7 
 57 799 14 8 
 68 803 3 3 
 49 747 2 6 
 15 796 2 3 
 56 753 5 6 
 53 769 2 1 
 48 758 2 1 
 58 760 3 4 
 61 762 4 6 
 46 731 2 2 
 81 733 1 3 
 68 734 4 5 
 62 736 4 2 
 81 740 1 2 
 60 745 4 5 
 66 745 4 5 
 49 747 2 6 
 43 751 2 2 
 68 815 2 4 
 61 814 2 2 
 71 811 2 2 
 56 753 3 2 
 57 799 14 8 
 48 758 2 1 
 58 762 5 4 
 53 768 2 2 
 64 765 3 2 
 69 820 2 5 
 56 904 1 2 
 105 984 2 1 
 34 256 2 2 
 68 817 4 5 
 34 256 2 2 
 68 817 4 5 
 34 256 2 2 
 71 807 2 4 
 34 256 2 2 
 68 817 4 4 
 34 256 2 2 
 70 818 2 2 
 34 256 2 2 
 71 809 3 3 
 34 256 2 2 
 71 809 3 3 
 28 275 2 1 
 61 798 1 2 
 28 275 2 1 
 71 483 2 2 
 45 248 2 1 
 12 823 4 4 
 17 244 1 2 
 49 471 2 2 
 17 244 1 2 
 1708 1028 2 2 
 49 471 2 2 
 17 244 1 2 
 1708 1028 2 2 
 49 471 2 2 
 81 732 1 2 
 17 244 1 2 
 1708 1028 2 2 
 49 471 2 2 
 653 61 8 8 
 1707 1041 1 2 
 62 837 2 1 
 6 311 2 1 
 653 61 8 8 
 1707 1041 1 2 
 6 311 2 1 
 53 589 2 2 
 653 61 8 8 
 1706 1040 2 3 
 6 311 2 1 
 53 589 2 2 
 653 61 8 8 
 1705 1040 3 3 
 6 311 2 1 
 52 589 3 2 
 653 61 8 8 
 1705 1040 3 3 
 8 822 6 2 
 52 588 3 3 
 653 61 8 8 
 1705 1040 2 1 
 8 822 4 2 
 52 589 3 2 
 653 61 8 8 
 1705 1040 2 1 
 10 371 2 1 
 52 589 3 2 
 653 61 8 8 
 1673 1032 2 3 
 10 371 2 1 
 52 589 3 2 
 1680 1049 3 7 
 54 790 2 2 
 10 371 2 1 
 1 398 3 2 
 1673 1032 2 3 
 76 600 2 2 
 0 396 4 4 
 75 601 3 2 
 1 398 3 2 
 85 630 1 2 
 2 398 2 3 
 86 633 2 3 
 56 577 2 4 
 56 577 2 4 
 56 578 2 3 
 55 577 3 4 
 1706 1040 2 2 
 1572 1062 2 2 
 56 579 2 2 
 1572 1061 4 3 
 88 640 2 2 
 74 704 2 3 
 1617 1054 2 2 
 74 704 2 3 
 1616 1054 3 2 
 74 704 2 3 
 1615 1051 1 2 
 74 704 2 2 
 1615 1051 1 2 
 83 672 2 2 
 1615 1051 1 2 
 83 672 2 2 
 1615 1051 1 2 
 74 704 3 3 
 647 61 2 3 
 75 704 2 3 
 647 61 2 3 
 78 674 1 2 
 1661 1013 1 2 
 647 61 2 3 
 1661 1013 1 2 
 81 670 2 1 
 647 61 2 3 
 81 670 2 1 
 647 61 2 3 
 1527 294 3 8 
 81 670 2 1 
 647 61 2 3 
 56 577 2 2 
 647 61 2 3 
 56 577 2 2 
 647 61 2 3 
 1527 294 3 8 
 76 664 2 1 
 1504 1003 3 3 
 76 664 2 1 
 1527 299 2 3 
 76 664 2 1 
 74 658 2 2 
 1555 1030 2 1 
 653 62 2 2 
 82 666 3 4 
 1555 1030 2 1 
 653 62 2 2 
 82 665 3 5 
 1555 1030 2 1 
 653 62 2 2 
 82 665 3 5 
 1555 1030 2 1 
 653 62 2 2 
 1598 1069 2 2 
 82 665 3 5 
 653 62 2 2 
 1598 1070 2 2 
 82 666 3 4 
 653 62 2 2 
 1617 1071 1 2 
 83 667 2 3 
 653 62 2 2 
 84 668 1 2 
 1564 1028 1 2 
 653 62 2 2 
 80 671 1 3 
 1598 1070 2 2 
 1635 1075 2 1 
 76 672 1 2 
 1635 1075 2 1 
 81 675 2 2 
