 1030 1061 1 2 
 1018 1055 4 2 
 1034 1068 8 3 
 1038 1073 7 7 
 81 457 3 3 
 1037 1068 6 2 
 1014 1035 1 2 
 1037 1068 3 1 
 1043 1076 2 2 
 1037 1068 3 1 
 1034 1077 2 2 
 1031 1079 2 1 
 1039 1078 1 2 
 1039 1068 2 1 
 1039 1068 2 1 
 745 1072 2 4 
 745 1072 2 2 
 745 1072 2 4 
 92 463 3 4 
 695 1074 2 2 
 88 463 2 2 
 695 1074 2 2 
 86 462 9 5 
 695 1074 2 2 
 784 1078 2 2 
 84 462 11 5 
 83 462 12 5 
 763 1077 2 1 
 714 1077 4 3 
 106 459 3 2 
 714 1077 5 3 
 106 459 3 2 
 83 458 2 1 
 714 1077 5 3 
 81 457 4 2 
 725 1075 2 1 
 535 46 3 3 
 81 457 4 2 
 714 1075 6 5 
 535 46 3 3 
 81 457 4 2 
 714 1075 6 5 
 535 46 3 3 
 83 458 2 1 
 696 1076 2 1 
 535 46 3 3 
 696 1076 2 1 
 535 46 3 3 
 715 1077 2 3 
 535 46 3 3 
 715 1078 2 2 
 535 46 3 3 
 725 0 5 12 
 724 13 5 20 
 715 77 7 21 
 704 149 5 15 
 692 216 5 19 
 600 553 3 4 
 561 617 12 21 
 525 685 9 15 
 499 739 2 2 
 443 809 6 7 
 492 41 4 3 
 492 41 4 3 
 492 41 4 3 
 492 41 4 3 
 492 41 4 3 
 492 41 4 3 
 492 41 4 3 
 492 41 4 3 
 523 34 2 2 
