 1286 1005 1 2 
 1274 1009 3 2 
 1288 1008 1 3 
 1286 1004 2 3 
 1265 1013 2 3 
 1273 1010 2 1 
 1285 1004 5 9 
 1282 996 2 3 
 1280 969 1 2 
 1271 1022 3 2 
 1265 1014 2 2 
 1270 1010 2 2 
 1287 1008 3 5 
 1285 1004 3 3 
 1277 970 3 3 
 1254 1024 8 4 
 1271 1022 1 2 
 1261 1014 1 2 
 1270 1010 2 2 
 1287 1009 3 4 
 1279 1001 2 1 
 1277 974 2 1 
 1277 970 3 3 
 1263 1027 1 2 
 1254 1024 8 4 
 1283 1019 1 2 
 1288 1009 2 4 
 1265 994 3 2 
 1277 970 3 5 
 1277 970 3 3 
 1246 1039 10 6 
 1250 1065 3 1 
 1243 1063 5 3 
 1243 1041 2 1 
 1250 1041 3 3 
 1249 1040 3 3 
 1243 1063 5 3 
 1256 1067 6 3 
 1249 1069 2 1 
 1237 1071 5 3 
 1238 1073 5 4 
 584 244 4 8 
 1235 1063 5 6 
 1507 834 2 2 
 1234 1056 7 14 
 585 245 3 4 
 1506 830 2 2 
 1235 1060 1 2 
 581 244 7 8 
 1506 830 2 2 
 583 244 5 8 
 1256 1022 2 3 
 586 244 2 2 
 1274 1021 3 2 
 586 243 2 3 
 1249 1022 2 2 
 586 243 2 3 
 1243 1026 3 2 
 581 250 2 1 
 1243 1026 3 2 
 203 270 3 8 
 1244 1026 2 2 
 573 258 2 2 
 1244 1026 2 2 
 1242 1035 10 5 
 578 250 2 3 
 1507 831 2 1 
 1242 1035 7 4 
 203 270 3 3 
 1506 833 4 4 
 575 252 2 3 
 1272 1022 2 2 
 571 260 2 1 
 1276 1024 3 2 
 654 61 2 5 
 1274 1023 3 2 
 223 272 3 3 
 654 61 2 1 
 1245 1024 2 4 
 568 262 1 3 
 654 61 2 1 
 1252 1024 2 1 
 583 263 1 2 
 654 61 2 1 
 1245 1041 5 3 
 1509 837 1 2 
 654 61 2 1 
 1239 1036 4 4 
 198 271 4 3 
 1505 829 2 4 
 654 61 2 1 
 1248 1043 4 2 
 198 270 5 4 
 1505 829 2 3 
 654 61 2 1 
 1252 1044 2 2 
 654 61 2 1 
 1238 1037 10 8 
 198 268 1 2 
 1507 833 2 2 
 1238 1037 11 8 
 195 271 4 3 
 1507 833 2 2 
 198 270 2 2 
 1507 833 2 2 
 1238 1037 11 8 
 577 251 2 2 
 1234 1057 2 7 
 1507 833 2 2 
