 1778 641 3 2 
 1769 642 4 3 
 1759 643 4 2 
 1747 644 6 4 
 1738 647 3 3 
 1737 647 6 4 
 1728 649 5 4 
 1714 650 10 5 
 1704 655 8 6 
 1695 661 9 6 
 1685 672 5 4 
 1672 678 8 7 
 1664 687 5 6 
 1654 697 6 6 
 1649 705 3 3 
 1639 710 8 8 
 1629 721 7 8 
 1613 731 13 14 
 1603 751 7 8 
 1579 772 13 14 
 1572 786 8 10 
 1128 1075 2 1 
 1565 802 3 4 
 1551 815 10 9 
 1016 1041 2 2 
 1540 822 11 10 
 1077 1060 4 8 
 1531 833 10 12 
 1077 1060 4 8 
 1521 844 11 16 
 1077 1060 4 8 
 1513 864 8 12 
 1086 1065 3 2 
 1505 874 10 13 
 1127 1075 2 2 
 1500 885 8 10 
 1497 892 7 8 
 1497 895 6 9 
 1498 899 7 8 
 1500 902 8 8 
 1503 904 8 10 
 1506 910 6 15 
 1508 922 7 17 
 1511 936 8 19 
 1517 958 4 5 
 1066 1078 2 2 
 1043 1078 2 2 
 1521 978 7 8 
 1506 980 10 7 
 1502 984 7 8 
 1498 988 7 9 
 1495 995 6 9 
 1493 1002 6 8 
 1036 1064 4 2 
 1038 1063 2 1 
 986 1018 2 1 
 986 1018 2 1 
 985 1017 3 2 
 984 1017 4 9 
 984 1017 4 9 
 984 1017 4 9 
 984 1017 4 9 
 984 1017 4 9 
 1536 1044 6 10 
 1533 1051 8 11 
 1028 1060 1 2 
 523 52 6 3 
 523 52 6 3 
 523 52 6 3 
 1028 1060 1 2 
 523 52 6 3 
 1036 1062 2 3 
 525 52 4 3 
 525 52 4 3 
 525 52 4 3 
 525 52 4 3 
 1030 1058 2 2 
 1030 1058 2 2 
 1030 1058 2 2 
 1036 1062 2 3 
 1036 1063 3 3 
