 949 1022 1 2 
 1013 1038 2 3 
 1012 1046 2 1 
 993 1019 1 2 
 992 1023 3 1 
 947 1020 1 2 
 984 1047 2 2 
 1019 1066 3 4 
 1020 1069 2 1 
 831 1022 2 3 
 831 1021 5 4 
 789 1071 2 2 
 834 1022 5 3 
 492 36 3 3 
 789 1071 2 2 
 492 36 3 3 
 789 1071 2 2 
 492 36 3 3 
 492 36 3 3 
 1012 1058 2 2 
 492 36 3 3 
 1011 1056 3 4 
 492 36 3 3 
 1108 1066 2 1 
 492 36 3 3 
 1122 1069 1 2 
 1114 1071 2 3 
 976 1022 1 2 
 944 1021 2 1 
 1064 1076 2 2 
 976 1022 1 2 
 976 1022 1 2 
 976 1022 1 2 
 976 1020 2 4 
 976 1019 2 2 
 833 1013 2 3 
 832 1013 2 3 
 830 1012 3 3 
 830 1012 3 3 
 830 1012 3 3 
 830 1012 3 3 
 828 1010 3 3 
 828 1010 3 3 
 525 38 1 2 
 1085 1074 2 2 
 525 38 1 2 
 1058 1075 2 4 
 525 38 1 2 
 723 1077 2 1 
 525 38 1 2 
 828 1010 2 3 
 525 38 1 2 
 934 1019 4 7 
 525 38 1 2 
 976 1018 2 1 
 525 38 1 2 
 943 1020 1 2 
 525 38 1 2 
 761 1078 3 2 
 1114 1076 1 2 
 979 1021 2 1 
 979 1021 2 1 
 943 1020 1 2 
 943 1019 2 3 
 943 1019 2 3 
 943 1019 2 4 
 873 1013 5 4 
 873 1013 5 4 
 986 1020 1 2 
 986 1020 2 2 
 986 1020 2 2 
 991 1038 2 2 
 990 1023 1 2 
 990 1020 2 2 
 990 1020 2 2 
 990 1020 2 2 
 532 45 2 1 
 712 1078 2 2 
 532 45 2 1 
 712 1078 2 2 
 532 45 2 1 
 990 1023 1 2 
 532 45 2 1 
 991 1028 1 3 
 532 45 2 1 
 995 1021 2 1 
 532 45 2 1 
 995 1021 2 1 
 532 45 2 1 
 995 1021 2 1 
 532 45 2 1 
 732 1078 1 2 
 995 1029 2 2 
 997 1024 2 2 
 996 1024 3 2 
 996 1024 3 2 
 996 1024 3 2 
 996 1024 3 2 
 996 1024 3 2 
 997 1024 2 2 
 994 1028 2 2 
 830 1040 2 1 
 883 1015 2 1 
 882 1013 2 1 
 882 1013 2 1 
 882 1013 2 1 
