 618 992 3 6 
 610 1004 4 2 
 616 994 2 2 
 614 993 3 4 
 614 993 3 4 
 609 1003 12 8 
 609 1005 12 7 
 628 1002 6 4 
 610 1006 11 6 
 601 1014 2 2 
 611 1007 10 5 
 615 1007 3 3 
 628 1002 4 4 
 599 1021 5 4 
 586 1024 1 2 
 579 1016 5 5 
 660 70 1 2 
 579 1016 5 4 
 611 991 3 4 
 610 989 7 8 
 579 1016 5 5 
 578 1021 2 2 
 1485 976 3 4 
 1485 976 3 4 
 1485 976 3 3 
 1485 976 3 3 
 610 992 2 2 
 610 993 2 1 
 610 993 2 1 
 1247 806 2 2 
 612 1008 3 3 
 1247 805 2 3 
 612 1008 3 3 
 1247 804 3 4 
 1247 804 3 4 
 1247 804 3 4 
 656 62 2 3 
 1247 805 3 3 
 656 63 2 2 
 1222 812 4 5 
 1548 1066 2 3 
 656 63 2 2 
 656 63 2 2 
 656 63 2 2 
 657 66 2 2 
 657 66 2 2 
 657 66 2 2 
 593 1023 2 2 
 607 996 2 2 
 1644 705 7 13 
 607 995 2 3 
 605 995 4 4 
 605 994 3 4 
 602 991 8 8 
 603 990 7 9 
 573 850 2 3 
 606 991 3 3 
 606 991 3 3 
 606 991 3 2 
 546 831 1 2 
 1736 899 1 2 
 667 63 2 2 
 597 995 7 6 
 934 397 3 3 
 79 638 2 3 
 667 63 2 2 
 604 997 2 2 
 932 389 1 2 
 667 63 2 2 
 604 997 2 2 
 928 391 2 2 
 667 63 2 2 
 940 396 1 2 
 597 994 5 6 
 667 63 2 2 
 575 1013 3 5 
 44 302 2 2 
 667 63 2 2 
 575 1014 3 4 
 32 289 2 2 
 69 586 2 1 
 667 63 2 2 
 921 399 9 7 
 71 414 2 2 
 922 399 7 7 
 433 1076 5 4 
 427 1077 3 3 
 922 402 6 4 
 433 1073 7 5 
 988 952 3 2 
 988 957 4 3 
 923 403 2 2 
 433 1069 9 7 
 433 1069 8 7 
 988 957 4 4 
 983 956 3 3 
 983 956 3 3 
