 66 184 2 2 
 64 210 1 2 
 60 212 3 3 
 66 184 2 2 
 60 212 3 3 
 39 218 3 4 
 66 184 2 2 
 64 209 2 2 
 60 212 3 3 
 40 218 2 2 
 55 223 2 2 
 66 225 4 4 
 66 184 2 2 
 64 209 1 2 
 61 212 2 2 
 40 218 2 2 
 55 223 2 2 
 64 224 6 5 
 33 226 2 1 
 66 184 2 2 
 64 209 3 2 
 62 211 1 2 
 39 218 3 4 
 64 224 6 5 
 33 226 2 1 
 51 237 2 2 
 66 184 2 2 
 57 205 2 2 
 64 209 3 2 
 62 211 1 2 
 39 220 1 2 
 54 223 2 1 
 64 224 6 4 
 33 226 2 1 
 51 237 1 2 
 55 240 2 2 
 64 242 2 2 
 66 184 2 2 
 57 205 2 2 
 64 209 3 2 
 39 220 1 2 
 54 223 2 1 
 64 225 6 4 
 33 226 2 1 
 51 237 1 2 
 64 242 2 2 
 64 251 1 2 
 57 204 4 3 
 62 209 5 4 
 53 222 3 2 
 44 225 2 1 
 64 225 5 4 
 33 226 2 1 
 64 242 2 2 
 62 250 3 3 
 28 252 2 2 
 57 204 4 3 
 62 208 6 5 
 39 221 2 1 
 53 222 3 2 
 44 225 2 1 
 64 225 5 4 
 33 226 2 1 
 64 242 2 2 
 54 246 2 1 
 62 250 3 3 
 28 252 2 2 
 41 259 2 2 
 54 259 2 2 
 67 184 1 2 
 63 209 5 4 
 39 221 2 1 
 54 223 2 1 
 44 225 2 1 
 64 225 5 4 
 33 226 2 1 
 64 242 2 2 
 62 250 3 2 
 28 252 2 2 
 41 259 2 2 
 54 259 3 2 
 51 261 2 4 
 65 185 3 2 
 63 209 5 5 
 54 223 2 1 
 44 225 2 1 
 64 242 2 2 
 54 245 1 2 
 63 250 2 2 
 28 252 2 2 
 41 259 2 2 
 54 259 3 2 
 51 261 2 4 
 55 262 2 2 
 65 185 3 2 
 64 209 3 4 
 52 237 2 2 
 53 246 2 2 
 63 250 2 2 
 28 252 2 2 
 41 259 2 2 
 54 259 3 2 
 51 261 3 4 
 55 262 2 2 
 55 265 3 2 
 65 185 3 2 
 64 226 1 2 
 33 241 2 2 
 63 250 2 2 
 28 252 2 2 
 40 255 2 2 
 32 258 2 2 
 41 259 2 2 
 59 267 2 4 
 65 210 3 3 
 48 227 2 2 
 33 241 2 2 
 39 250 3 3 
 63 251 2 2 
 28 252 2 2 
 59 267 2 4 
 36 279 2 4 
 65 185 4 3 
 49 201 2 3 
 65 211 3 3 
 64 210 4 4 
 47 213 2 3 
 60 213 1 2 
 41 218 1 2 
 61 219 1 2 
 40 221 1 2 
 65 227 2 1 
 33 241 2 2 
 50 242 2 2 
 39 250 3 3 
 28 253 2 2 
 59 267 2 1 
 59 269 2 2 
 49 277 1 2 
 36 279 2 5 
 35 285 3 2 
 65 185 4 3 
 46 203 1 2 
 33 241 2 2 
 16 316 3 1 
 83 930 2 1 
 0 326 5 5 
 65 184 4 4 
 46 203 2 2 
 47 214 2 2 
 41 219 3 2 
 61 220 2 1 
 39 222 2 2 
 50 242 2 2 
 40 251 1 2 
 60 254 4 2 
 29 258 2 2 
 40 270 2 2 
 59 272 1 2 
 61 281 2 1 
 35 285 2 1 
 32 287 2 2 
 16 316 3 1 
 42 220 2 1 
 39 222 2 2 
 50 242 2 2 
 33 243 2 2 
 40 251 2 2 
 29 258 2 2 
 55 265 2 1 
 40 270 2 2 
 59 272 1 2 
 60 280 2 2 
 35 285 2 1 
 49 285 2 2 
 41 294 1 2 
 0 305 1 2 
 28 305 2 2 
 16 316 3 1 
 1 318 2 2 
 2 329 2 1 
 66 186 1 2 
 42 220 2 1 
 39 222 2 2 
 49 242 3 2 
 34 243 1 2 
 40 251 2 3 
 29 258 2 2 
 40 270 2 3 
 59 272 2 3 
 35 285 2 2 
 0 305 1 2 
 8 312 2 2 
 16 316 3 1 
 1 318 2 2 
 2 329 2 1 
 37 381 2 2 
 53 408 1 2 
 66 185 3 3 
 69 230 1 3 
 49 242 3 2 
 34 243 1 2 
 40 251 1 2 
 30 258 1 2 
 38 262 3 2 
 40 270 2 3 
 59 272 2 3 
 0 305 1 2 
 8 312 2 3 
 16 316 2 1 
 0 318 3 2 
 2 329 2 1 
 37 381 2 2 
 58 394 2 4 
 43 411 2 2 
 65 212 3 3 
 66 227 1 2 
 68 228 2 4 
 50 242 2 2 
 34 243 1 2 
 30 258 1 2 
 59 273 2 2 
 37 381 2 2 
 58 387 1 2 
 59 396 1 2 
 43 411 2 2 
 70 427 3 2 
 71 430 2 1 
 63 436 2 2 
 41 294 2 3 
 37 381 2 2 
 59 396 1 2 
 43 411 2 2 
 70 427 3 2 
 29 430 1 2 
 63 436 2 2 
 66 439 1 2 
 37 381 2 2 
 54 397 1 2 
 82 611 2 2 
 36 375 3 2 
 36 381 3 2 
 58 387 1 2 
 54 397 1 2 
 50 409 4 2 
 44 411 1 2 
 70 423 3 12 
 29 430 1 2 
 63 436 2 2 
 54 438 2 2 
 65 439 3 4 
 69 445 2 1 
 61 451 1 2 
 61 455 1 3 
 57 456 3 6 
 61 459 3 8 
 41 952 5 4 
 67 909 3 2 
 31 462 2 2 
 62 463 2 4 
 31 474 3 3 
 57 478 1 2 
 70 480 2 1 
 50 483 1 3 
 31 494 4 2 
 26 502 3 3 
 35 518 2 3 
 53 555 2 2 
 58 560 1 3 
 31 474 3 4 
 57 478 1 2 
 32 494 3 1 
 61 494 1 2 
 53 495 2 2 
 26 502 2 2 
 41 519 2 1 
 52 553 3 4 
 58 560 1 2 
 62 569 3 3 
 66 572 2 2 
 66 579 6 3 
 73 581 3 3 
 72 581 4 5 
 56 645 3 3 
 76 586 3 4 
 19 601 2 2 
 64 603 1 2 
 65 617 1 2 
 79 605 1 2 
 57 604 1 2 
 62 743 6 10 
 75 739 3 5 
 60 737 3 3 
 69 734 4 6 
 52 732 3 3 
 80 729 1 2 
 43 729 2 2 
 84 727 2 2 
 80 722 1 2 
 79 708 2 1 
 70 702 2 2 
 85 696 3 3 
 78 694 3 5 
 78 695 3 3 
 75 693 3 2 
 69 689 2 1 
 69 684 2 3 
 80 681 2 2 
 65 652 2 2 
 56 645 3 4 
 74 644 2 2 
 66 628 3 4 
 84 625 2 2 
 64 617 2 3 
 39 478 2 2 
 57 478 2 3 
 56 481 2 2 
 67 487 1 2 
 70 602 1 2 
 57 602 4 7 
 58 606 3 3 
 57 605 3 3 
 57 603 3 3 
 19 601 2 2 
 56 598 2 2 
 75 586 4 5 
 76 586 3 3 
 61 494 2 2 
 52 496 1 2 
 71 581 5 5 
 72 582 3 3 
 66 578 5 5 
 66 579 3 3 
 55 574 2 5 
 51 518 2 1 
 60 568 5 4 
 62 519 2 2 
 50 553 5 7 
 65 814 4 5 
 70 800 5 8 
 59 797 2 1 
 69 794 3 2 
 52 789 2 2 
 54 780 3 1 
 60 779 6 5 
 55 778 2 1 
 62 743 12 12 
 69 749 3 3 
 51 743 2 1 
 75 738 7 14 
 62 737 1 2 
 69 736 2 2 
 53 732 2 3 
 79 731 4 3 
 84 728 2 2 
 81 725 1 2 
 79 722 2 2 
 79 707 2 2 
 70 705 2 1 
 70 702 2 2 
 74 692 7 7 
 78 695 3 3 
 71 692 1 2 
 81 684 2 2 
 84 683 1 2 
 81 681 1 2 
 52 673 2 3 
 84 667 2 3 
 67 653 4 4 
 68 653 3 3 
 73 644 5 3 
 65 638 2 7 
 83 617 1 2 
 79 605 1 2 
 70 602 1 3 
 57 602 4 8 
 57 603 3 3 
 56 599 2 3 
 56 587 2 1 
 75 586 4 5 
 76 586 3 3 
 71 581 5 6 
 63 578 7 5 
 61 569 4 4 
 60 568 2 1 
 45 481 3 5 
 61 494 2 2 
 51 518 2 1 
 50 553 5 8 
 50 554 3 3 
 62 519 2 2 
 62 523 3 6 
 62 531 2 3 
 40 888 1 2 
 24 885 2 2 
 36 883 2 1 
 60 876 3 4 
 60 871 2 4 
 66 814 3 5 
 66 814 3 3 
 61 799 2 2 
 70 798 5 10 
 59 797 2 1 
 65 796 3 2 
 69 794 3 2 
 53 792 2 1 
 47 791 3 2 
 57 783 2 2 
 54 780 3 1 
 60 779 4 4 
 71 753 1 2 
 76 747 6 6 
 66 747 6 7 
 63 746 2 5 
 76 743 3 3 
 76 743 3 3 
 51 741 2 3 
 59 738 3 6 
 57 735 3 2 
 65 732 2 1 
 51 732 4 3 
 78 731 5 4 
 80 729 3 3 
 85 728 1 2 
 79 721 3 3 
 70 705 2 1 
 70 702 2 2 
 87 696 1 2 
 74 694 7 7 
 71 692 1 2 
 74 691 4 2 
 81 684 2 2 
 84 683 1 3 
 75 677 2 1 
 53 677 2 1 
 52 673 2 3 
 81 665 5 5 
 78 657 2 3 
 80 655 2 2 
 66 654 5 4 
 79 651 1 2 
 78 645 1 2 
 74 644 3 4 
 37 643 2 3 
 65 639 2 8 
 66 492 1 3 
 39 635 2 3 
 61 494 3 3 
 49 524 2 3 
 58 539 1 2 
 76 621 1 2 
 73 620 2 1 
 83 617 2 3 
 43 545 2 3 
 60 550 2 4 
 51 553 4 8 
 57 604 4 6 
 57 605 3 3 
 70 602 1 3 
 61 555 2 2 
 56 600 2 2 
 58 568 4 1 
 61 569 4 4 
 55 574 2 3 
 75 586 4 5 
 76 586 3 3 
 70 581 6 6 
 63 578 8 5 
 65 579 4 4 
 41 953 3 5 
 75 920 2 2 
 55 919 2 2 
 24 885 3 3 
 34 884 2 2 
 60 876 3 4 
 69 859 1 2 
 65 814 4 6 
 72 804 3 5 
 61 799 2 2 
 65 794 8 9 
 69 796 3 3 
 46 789 9 4 
 51 790 3 3 
 16 788 4 6 
 54 780 3 1 
 60 779 6 5 
 14 771 3 4 
 52 768 2 2 
 58 762 2 1 
 40 761 2 1 
 61 757 2 2 
 51 757 2 1 
 57 755 3 1 
 67 752 3 2 
 70 751 3 4 
 79 749 2 1 
 69 748 2 2 
 61 494 2 2 
 48 524 4 3 
 63 747 3 5 
 58 539 1 2 
 76 745 3 8 
 43 546 1 2 
 62 744 2 2 
 59 550 4 7 
 75 741 2 2 
 61 741 1 3 
 55 551 2 2 
 50 741 3 4 
 51 554 4 6 
 59 568 3 1 
 61 569 4 4 
 64 578 7 5 
 72 581 4 5 
 69 736 1 2 
 57 735 2 1 
 76 586 3 3 
 76 586 3 5 
 45 591 1 2 
 51 733 4 2 
 47 591 1 3 
 79 732 4 3 
 79 732 4 3 
 56 600 2 2 
 61 600 2 1 
 65 732 2 1 
 70 603 1 2 
 57 605 3 3 
 57 604 4 6 
 85 728 1 2 
 75 728 4 3 
 83 617 4 5 
 76 621 1 2 
 66 625 1 2 
 79 723 2 1 
 85 626 3 2 
 68 631 2 4 
 70 705 2 1 
 39 636 1 2 
 36 643 3 4 
 87 698 2 1 
 74 644 3 4 
 74 694 7 7 
 77 693 2 1 
 70 692 2 3 
 74 691 4 2 
 65 645 2 2 
 78 651 2 2 
 81 683 5 5 
 81 684 3 4 
 60 683 2 2 
 68 653 3 3 
 76 679 1 2 
 80 677 1 2 
 66 653 5 5 
 52 677 3 3 
 51 674 3 2 
 80 655 2 1 
 80 665 6 5 
 82 667 3 3 
 83 656 1 2 
 78 657 2 3 
 41 953 2 3 
 55 919 2 2 
 5 895 2 2 
 24 885 2 2 
 34 884 2 3 
 60 876 3 6 
 58 864 2 2 
 66 818 3 2 
 60 811 2 4 
 72 805 3 4 
 71 800 2 3 
 61 799 2 2 
 59 797 2 1 
 49 797 1 3 
 66 794 6 3 
 51 790 3 3 
 46 790 4 3 
 16 789 4 5 
 60 780 4 1 
 51 776 2 2 
 14 772 3 5 
 52 770 2 2 
 55 769 1 2 
 51 757 2 1 
 57 755 5 6 
 63 750 3 3 
 64 748 9 8 
 76 745 5 10 
 75 741 1 3 
 60 739 4 7 
 49 739 5 6 
 59 738 1 2 
 74 735 2 2 
 57 735 2 1 
 68 734 4 6 
 51 733 4 3 
 79 732 3 3 
 43 732 3 2 
 76 729 4 3 
 85 728 1 2 
 61 542 3 2 
 43 546 1 2 
 59 546 2 2 
 59 548 3 6 
 55 551 2 2 
 61 555 2 2 
 69 580 2 3 
 61 721 2 2 
 65 581 2 2 
 72 583 4 3 
 56 587 2 1 
 77 588 2 3 
 45 591 3 3 
 56 600 2 2 
 79 698 1 3 
 57 603 4 7 
 74 694 5 4 
 62 694 3 3 
 83 617 2 4 
 70 693 2 2 
 66 625 4 9 
 85 626 2 2 
 48 632 2 1 
 31 637 3 3 
 84 685 2 1 
 81 684 2 4 
 36 643 3 4 
 60 683 2 2 
 74 644 3 3 
 75 677 2 4 
 52 677 3 3 
 51 674 3 2 
 65 673 3 2 
 81 665 5 5 
 74 644 5 4 
 75 657 2 1 
 80 655 4 4 
 65 645 2 2 
 66 653 5 7 
 68 653 3 3 
 43 957 2 1 
 45 943 3 3 
 60 878 3 6 
 72 846 2 3 
 65 817 2 2 
 60 811 2 2 
 39 801 3 3 
 47 797 3 3 
 61 546 1 3 
 58 796 2 2 
 68 579 2 2 
 66 581 2 1 
 72 583 3 3 
 51 790 3 3 
 16 789 4 6 
 58 603 2 1 
 14 774 2 3 
 55 769 1 2 
 59 605 3 4 
 77 613 2 1 
 58 762 2 1 
 32 759 4 4 
 51 757 2 1 
 67 628 3 4 
 71 754 2 2 
 57 754 6 7 
 64 752 7 4 
 65 753 3 3 
 48 632 2 1 
 63 750 3 3 
 68 748 4 3 
 76 746 5 9 
 31 636 4 4 
 36 643 4 4 
 75 741 3 3 
 65 645 2 2 
 58 738 5 8 
 47 738 7 8 
 75 645 4 4 
 74 735 2 2 
 57 735 2 1 
 70 651 2 2 
 68 734 4 6 
 76 655 2 1 
 79 733 1 2 
 50 733 5 4 
 68 657 3 3 
 68 656 3 4 
 79 656 5 4 
 75 657 2 1 
 64 731 2 2 
 81 666 5 5 
 76 729 3 3 
 51 674 2 2 
 52 677 2 1 
 80 677 1 2 
 76 679 1 2 
 60 683 2 2 
 78 721 1 2 
 81 685 1 3 
 69 688 2 2 
 75 691 3 2 
 52 717 3 3 
 43 710 2 4 
 70 692 2 3 
 74 694 4 4 
 85 696 2 1 
 79 698 2 3 
 82 965 2 2 
 39 951 2 2 
 25 889 3 1 
 61 881 2 4 
 49 865 2 3 
 52 861 3 1 
 72 848 2 2 
 60 811 2 2 
 70 600 2 1 
 47 796 3 4 
 58 602 4 5 
 67 628 3 4 
 30 636 5 6 
 16 791 4 4 
 37 644 3 3 
 36 644 4 3 
 43 780 2 3 
 51 776 2 2 
 75 646 3 3 
 74 645 5 5 
 55 769 1 2 
 33 760 3 3 
 65 646 2 1 
 57 755 6 6 
 68 649 5 6 
 72 753 2 2 
 63 751 5 5 
 65 753 3 3 
 53 751 2 1 
 77 749 4 4 
 68 748 3 3 
 58 651 2 3 
 76 746 1 4 
 68 655 3 3 
 76 655 2 1 
 51 742 3 4 
 75 741 1 3 
 59 740 4 6 
 74 656 2 2 
 46 737 6 6 
 78 656 6 3 
 68 735 4 5 
 57 735 2 1 
 51 735 2 2 
 79 733 1 2 
 78 660 2 2 
 43 733 3 3 
 81 732 3 4 
 82 668 4 2 
 83 670 3 2 
 64 731 2 2 
 78 730 2 1 
 65 673 3 1 
 84 727 4 2 
 60 683 2 2 
 81 686 1 2 
 75 691 2 2 
 70 692 2 3 
 74 694 5 4 
 46 723 2 1 
 79 722 2 2 
 80 709 2 2 
 53 718 2 2 
 80 714 1 2 
 43 710 2 4 
 82 965 2 2 
 38 951 3 3 
 26 888 2 2 
 61 881 2 4 
 49 866 2 2 
 73 851 2 1 
 71 848 3 2 
 61 811 1 2 
 58 602 4 5 
 58 796 2 2 
 47 796 3 4 
 30 636 5 6 
 16 791 3 4 
 36 644 4 3 
 43 780 2 3 
 51 776 2 2 
 74 645 4 5 
 68 649 5 5 
 57 650 3 3 
 70 655 1 2 
 76 655 2 1 
 57 755 6 6 
 78 656 5 3 
 72 754 2 1 
 78 660 2 2 
 79 751 2 2 
 63 751 5 5 
 53 751 2 1 
 76 661 1 2 
 75 666 2 2 
 78 749 1 2 
 76 748 1 2 
 68 748 3 3 
 82 668 4 2 
 61 744 2 2 
 83 670 2 2 
 51 742 3 4 
 75 741 1 3 
 60 740 2 2 
 65 673 3 2 
 69 738 3 2 
 46 737 5 5 
 80 677 1 2 
 68 735 3 3 
 52 679 2 1 
 51 735 2 2 
 43 734 2 2 
 81 682 1 2 
 50 733 2 2 
 81 686 1 2 
 81 732 3 4 
 77 693 2 1 
 76 695 4 3 
 78 730 2 1 
 87 696 1 2 
 43 710 2 4 
 53 718 2 2 
 80 722 1 2 
 46 723 2 1 
 82 965 2 2 
 38 951 3 3 
 75 929 1 3 
 25 888 3 3 
 30 636 5 6 
 37 645 3 3 
 60 880 3 5 
 74 645 4 5 
 49 866 2 2 
 57 648 4 4 
 68 649 5 4 
 76 655 2 1 
 73 851 3 2 
 71 848 3 2 
 74 657 3 3 
 61 811 1 2 
 46 797 4 3 
 58 796 2 2 
 79 658 3 2 
 16 792 4 4 
 62 661 2 3 
 76 661 1 2 
 42 780 3 3 
 51 776 2 2 
 75 666 2 2 
 82 668 4 2 
 83 670 2 2 
 71 755 2 2 
 57 755 6 6 
 72 753 2 2 
 65 673 3 2 
 52 677 2 3 
 64 751 4 5 
 64 751 1 2 
 53 751 2 1 
 78 749 3 2 
 80 677 1 2 
 68 748 3 3 
 80 682 2 2 
 61 744 2 2 
 83 684 2 1 
 51 742 3 5 
 75 741 1 2 
 60 740 2 2 
 69 738 2 2 
 59 738 1 2 
 75 693 4 4 
 46 737 5 5 
 85 696 2 1 
 43 712 2 2 
 53 718 2 2 
 80 722 1 2 
 46 723 2 1 
 81 732 2 3 
 65 250 3 3 
 1479 970 4 2 
 31 636 4 4 
 64 277 2 1 
 1478 971 3 1 
 64 277 2 1 
 1500 987 4 4 
 64 277 2 1 
 105 975 3 2 
 35 620 3 3 
