 67 694 1 2 
 76 730 2 2 
 66 736 3 3 
 76 730 2 2 
 66 736 3 3 
 61 737 2 3 
 76 730 3 4 
 66 736 3 3 
 62 739 2 2 
 46 742 2 1 
 70 742 2 2 
 83 743 2 2 
 76 730 3 4 
 66 736 3 3 
 62 739 2 2 
 46 742 2 1 
 70 742 2 2 
 83 742 2 3 
 57 746 3 6 
 75 729 4 5 
 61 737 2 3 
 66 737 3 2 
 80 747 3 7 
 46 742 2 1 
 57 746 3 5 
 70 742 2 2 
 76 730 3 4 
 61 737 2 3 
 66 737 3 2 
 46 742 2 1 
 57 748 3 2 
 80 747 3 7 
 70 742 2 2 
 75 729 4 5 
 61 737 2 3 
 66 737 3 2 
 46 742 2 1 
 70 742 2 2 
 81 749 2 5 
 57 748 3 2 
 80 747 2 1 
 76 730 3 4 
 61 737 2 3 
 46 742 2 1 
 70 742 2 2 
 81 750 2 4 
 57 748 3 2 
 76 730 1 2 
 61 737 2 3 
 70 742 2 2 
 58 748 2 2 
 81 751 2 3 
 64 752 2 4 
 64 754 2 1 
 64 754 2 1 
 50 780 2 2 
 49 793 1 2 
 63 808 2 1 
 69 881 1 3 
 69 811 1 2 
 69 881 1 3 
 649 75 3 3 
 56 754 2 2 
 649 75 3 3 
 54 754 4 3 
 649 75 3 3 
 67 879 2 1 
 649 75 3 3 
 53 884 3 3 
 649 75 3 3 
 53 884 3 3 
 649 75 3 3 
 53 884 3 3 
 649 75 3 3 
 64 885 2 2 
 64 885 2 2 
 649 75 3 3 
 63 885 3 2 
 59 761 2 1 
 47 772 2 2 
 56 768 2 2 
 56 768 2 2 
 56 768 2 2 
 56 768 2 2 
 56 768 2 2 
 62 827 2 2 
 64 886 2 3 
 56 768 2 1 
 56 768 2 1 
 656 62 1 2 
 656 62 1 2 
 656 62 1 2 
 656 62 1 2 
 656 62 1 2 
 656 62 1 2 
 656 62 1 2 
 656 62 1 2 
 27 898 2 2 
 72 933 2 1 
 70 858 2 1 
 664 70 5 5 
 60 911 3 4 
