 1059 0 5 5 
 1059 1 6 6 
 1060 13 5 4 
 1063 16 3 3 
 1066 27 5 7 
 1067 30 5 4 
 1070 34 7 3 
 1076 44 1 2 
 1093 54 6 7 
 1096 58 8 6 
 1102 66 3 2 
 1112 71 6 3 
 1116 73 7 5 
 1121 77 9 4 
 1129 80 3 2 
 1145 90 8 7 
 1150 92 9 5 
 1157 94 7 5 
 1164 97 9 6 
 1177 99 7 7 
 1184 105 3 3 
 1197 110 6 4 
 1204 112 5 3 
 1211 114 4 3 
 658 61 2 2 
 658 61 2 2 
 658 61 2 2 
 1218 219 2 4 
 658 61 2 2 
 1227 220 5 6 
 658 61 2 2 
 658 61 2 2 
 1270 133 3 2 
 1289 141 4 2 
 1302 144 3 2 
 1314 149 2 2 
 1317 154 2 1 
 1313 154 4 2 
 1319 160 4 3 
 664 67 2 2 
 664 67 2 2 
 664 67 2 2 
 664 67 2 2 
 912 951 1 2 
 664 67 2 2 
 664 67 2 2 
 912 951 1 2 
 664 67 2 2 
 912 951 1 2 
 664 67 2 2 
 935 956 1 2 
 935 956 1 2 
 1319 171 4 4 
 935 956 1 2 
 208 788 1 3 
