 271 960 2 1 
 255 965 4 5 
 246 973 2 2 
 242 978 3 1 
 289 982 3 3 
 284 986 2 1 
 271 959 2 2 
 255 965 2 2 
 256 968 1 2 
 286 987 2 2 
 246 973 2 2 
 242 978 3 1 
 289 981 4 4 
 271 959 2 2 
 255 965 2 2 
 256 968 1 2 
 246 973 2 2 
 260 988 2 3 
 286 987 2 2 
 290 981 3 4 
 271 959 1 2 
 255 965 2 2 
 321 1028 5 3 
 246 973 2 2 
 291 981 2 2 
 260 989 2 2 
 321 1027 5 4 
 287 1030 1 4 
 321 1026 4 5 
 328 1036 1 2 
 321 1024 5 4 
 319 1038 4 5 
 330 1048 2 1 
 329 1055 2 3 
 329 1052 2 2 
 329 1053 2 5 
 328 1040 2 1 
 329 1054 2 2 
 327 1055 3 2 
 625 71 3 3 
 330 1038 1 3 
 1739 535 1 2 
 625 71 3 3 
 330 1038 1 3 
 1691 836 2 2 
 625 70 3 4 
 330 1039 1 2 
 1691 835 2 3 
 1583 1050 3 2 
 625 70 3 4 
 625 70 3 4 
 1583 1050 3 2 
 625 70 3 4 
 1583 1050 3 2 
 1583 1050 3 2 
 625 70 3 4 
 1582 1050 4 3 
 623 61 5 4 
 1582 1050 4 3 
 1582 1050 4 3 
 1688 835 2 1 
 1553 1054 2 3 
 1691 832 2 2 
 1584 1052 2 1 
 664 67 1 3 
 664 67 1 3 
 1690 870 1 2 
 664 67 1 3 
 1916 580 1 2 
 664 67 1 3 
 1919 570 1 2 
 664 67 1 3 
 1918 570 2 2 
 664 67 1 3 
 1918 570 2 2 
 664 67 1 3 
 1918 570 2 2 
 660 68 2 1 
 1918 570 2 2 
 1918 570 2 2 
 1918 570 2 2 
 1687 835 3 2 
 1918 570 2 3 
 1687 835 3 2 
 1918 571 2 2 
 1918 571 1 2 
 650 81 2 3 
 1913 579 3 4 
 650 81 2 3 
 1913 579 2 2 
 650 81 2 3 
 1095 1051 4 5 
 1913 579 2 2 
 650 81 2 3 
 1093 1058 1 2 
 650 81 2 3 
 1101 1056 3 2 
 1908 583 2 2 
 1910 577 6 8 
 1074 1067 3 4 
 1911 577 1 3 
 1082 1070 3 2 
 69 811 2 2 
 1098 1073 2 3 
 69 811 2 3 
 1096 1064 2 2 
 69 811 2 2 
 69 811 2 2 
 1074 1051 2 1 
 659 70 2 1 
 790 339 2 2 
 997 674 5 2 
 659 70 2 1 
 790 339 2 2 
 448 985 3 3 
 997 674 5 2 
 789 339 2 2 
 635 1034 2 1 
 1099 546 3 3 
 950 404 2 2 
 1425 615 4 3 
 454 979 2 2 
 950 404 2 2 
 1096 1054 1 2 
 1425 615 2 3 
 1097 1074 2 2 
 1425 615 2 3 
 1425 615 3 3 
 448 915 2 1 
 1425 615 3 3 
 1092 1059 1 2 
 448 915 2 1 
 1093 453 3 2 
 448 915 2 1 
 1094 453 2 1 
 448 915 2 1 
 1740 535 2 1 
 447 915 3 1 
 1740 535 2 1 
 447 915 3 2 
 1740 535 2 1 
 447 915 3 2 
