 62 595 1 2 
 75 614 1 2 
 82 614 2 2 
 83 617 3 3 
 84 621 3 5 
 62 638 2 3 
 61 684 2 2 
 83 691 3 4 
 82 699 1 2 
 80 702 2 3 
 62 595 1 2 
 82 614 4 6 
 85 622 2 3 
 61 638 3 3 
 83 691 3 2 
 85 694 2 1 
 89 694 2 2 
 80 702 1 3 
 83 716 1 2 
 70 753 2 1 
 60 681 2 2 
 50 735 2 1 
 74 586 2 2 
 80 612 2 2 
 82 614 4 6 
 86 621 1 2 
 62 638 2 3 
 90 685 3 2 
 78 697 2 3 
 82 697 2 2 
 80 702 2 2 
 80 711 6 8 
 78 720 3 3 
 83 720 3 4 
 70 721 3 3 
 74 583 2 1 
 80 612 2 2 
 82 614 4 6 
 82 678 1 2 
 85 683 1 2 
 90 685 3 2 
 78 697 3 3 
 82 697 3 3 
 81 702 2 2 
 80 711 3 3 
 82 712 3 3 
 79 709 6 10 
 75 715 2 1 
 83 719 3 5 
 78 720 3 3 
 70 721 3 2 
 68 724 1 3 
 85 723 5 5 
 64 722 2 1 
 80 612 2 2 
 82 614 4 6 
 37 636 4 3 
 82 677 2 2 
 85 683 2 2 
 90 685 4 4 
 75 693 1 2 
 70 695 1 2 
 78 697 3 3 
 82 697 3 3 
 81 702 1 2 
 80 711 3 3 
 82 729 2 2 
 79 709 6 7 
 75 715 2 3 
 83 719 7 9 
 67 724 2 3 
 71 720 2 3 
 64 722 2 2 
 78 720 4 3 
 69 731 2 2 
 76 730 5 4 
 81 728 3 3 
 82 614 1 2 
 68 616 2 3 
 83 617 3 3 
 67 723 2 4 
 64 722 2 2 
 37 636 4 3 
 68 636 2 4 
 78 719 4 5 
 79 720 3 3 
 78 719 3 3 
 83 718 7 10 
 84 720 3 3 
 60 653 2 3 
 81 677 3 2 
 75 715 2 1 
 85 682 2 3 
 79 708 6 7 
 80 711 3 3 
 81 702 2 1 
 89 684 3 2 
 91 686 3 2 
 70 698 1 2 
 82 697 3 3 
 78 697 2 3 
 88 690 2 3 
 75 693 1 2 
 72 732 6 13 
 64 732 1 2 
 69 731 2 2 
 76 729 5 5 
 81 728 3 3 
 55 579 2 3 
 45 585 2 2 
 64 722 5 4 
 73 598 3 2 
 68 616 2 3 
 78 719 4 5 
 79 720 3 3 
 78 719 3 3 
 83 718 7 10 
 84 720 3 3 
 85 621 3 5 
 75 713 2 3 
 80 708 5 8 
 80 702 3 2 
 87 627 2 3 
 70 698 1 2 
 38 636 3 3 
 83 697 2 3 
 78 695 3 5 
 69 693 2 4 
 75 692 2 3 
 87 689 3 3 
 81 689 2 2 
 89 683 5 5 
 85 681 4 4 
 87 680 2 1 
 81 677 3 2 
 60 653 2 3 
 66 734 1 3 
 52 733 2 5 
 64 732 1 2 
 69 731 10 15 
 76 729 5 5 
 81 728 3 3 
 55 579 2 3 
 45 585 3 2 
 70 597 6 4 
 63 598 2 2 
 71 724 2 2 
 83 615 2 2 
 64 721 5 5 
 68 616 2 3 
 78 719 4 5 
 79 720 3 3 
 83 718 7 10 
 84 720 3 3 
 85 621 6 12 
 49 717 1 2 
 75 713 2 3 
 80 708 5 8 
 80 702 2 2 
 35 622 2 2 
 70 698 1 2 
 38 636 3 4 
 82 696 3 4 
 78 695 3 5 
 69 693 2 4 
 75 692 2 2 
 60 653 2 3 
 81 677 3 2 
 81 689 4 3 
 87 680 2 1 
 89 683 3 4 
 85 681 4 4 
 58 737 7 10 
 66 734 1 3 
 52 733 2 5 
 63 731 2 3 
 69 730 10 19 
 76 729 4 4 
 81 728 3 3 
 55 579 2 3 
 45 585 3 2 
 71 724 2 2 
 71 597 4 3 
 64 721 5 5 
 63 598 2 2 
 78 719 4 5 
 79 720 3 3 
 83 718 7 10 
 84 720 3 3 
 47 717 3 2 
 75 713 2 3 
 80 708 5 8 
 80 702 2 2 
 79 699 2 1 
 70 698 2 2 
 82 696 3 3 
 78 695 2 3 
 69 693 2 4 
 75 692 2 2 
 83 615 2 2 
 86 618 1 2 
 81 689 4 3 
 35 622 2 2 
 62 685 2 2 
 89 683 3 4 
 85 681 4 4 
 87 680 2 1 
 81 677 3 2 
 60 653 1 2 
 60 641 2 2 
 38 636 3 4 
 87 622 4 11 
 70 739 2 2 
 58 736 14 20 
 66 734 1 2 
 52 733 2 5 
 64 732 1 2 
 69 730 12 23 
 76 729 4 4 
 81 728 3 3 
 71 724 2 2 
 55 579 2 3 
 64 720 5 6 
 79 719 3 5 
 83 718 7 10 
 84 720 3 3 
 47 717 3 4 
 75 713 1 3 
 80 708 5 8 
 80 702 2 2 
 79 699 2 1 
 70 698 2 1 
 82 696 3 3 
 78 696 2 2 
 69 693 2 4 
 75 692 2 2 
 45 585 3 2 
 73 598 2 1 
 81 689 4 3 
 83 615 2 2 
 62 684 2 3 
 89 683 3 4 
 85 681 4 4 
 87 680 2 1 
 81 677 3 2 
 60 653 1 2 
 61 639 3 6 
 38 636 3 4 
 85 621 5 9 
 35 622 2 2 
 48 741 5 5 
 70 739 2 2 
 59 738 13 18 
 66 734 1 2 
 52 733 2 5 
 64 732 1 2 
 69 730 12 23 
 82 729 2 2 
 76 729 4 4 
 55 579 2 4 
 45 585 3 2 
 71 724 2 2 
 48 724 3 2 
 65 721 4 5 
 79 719 3 5 
 83 718 7 7 
 47 717 3 4 
 75 713 1 3 
 80 708 5 8 
 80 702 2 2 
 79 699 2 1 
 70 698 2 1 
 82 697 3 3 
 78 696 2 1 
 70 694 1 3 
 75 692 2 2 
 87 689 3 3 
 83 615 2 2 
 86 621 2 5 
 62 684 2 3 
 89 683 3 4 
 85 681 4 4 
 87 680 2 1 
 81 677 3 2 
 35 622 2 2 
 87 628 2 2 
 61 639 3 6 
 73 637 2 1 
 40 637 1 2 
 62 743 10 11 
 80 742 4 7 
 76 740 3 7 
 48 740 5 6 
 70 739 2 2 
 74 738 2 1 
 59 738 4 4 
 50 733 4 5 
 64 732 1 2 
 55 579 2 4 
 69 730 6 7 
 45 585 3 2 
 76 729 4 4 
 77 730 3 3 
 83 615 2 2 
 35 621 2 3 
 74 637 1 2 
 71 724 2 2 
 48 724 3 4 
 64 721 5 4 
 79 719 3 5 
 83 718 7 7 
 86 722 3 3 
 47 717 3 4 
 82 677 2 2 
 75 713 1 2 
 80 708 5 6 
 87 680 2 1 
 85 681 4 3 
 70 698 2 1 
 82 697 3 1 
 78 696 2 1 
 70 694 1 3 
 75 692 2 2 
 87 689 3 3 
 89 683 3 3 
 70 852 3 2 
 82 746 2 2 
 50 740 1 3 
 67 866 3 2 
 79 749 1 3 
 45 708 2 2 
 66 748 3 4 
 63 747 2 1 
 51 746 3 2 
 47 718 3 3 
 63 744 2 2 
 84 718 4 6 
 64 721 3 3 
 77 743 2 5 
 66 722 3 3 
 64 721 5 4 
 48 726 1 2 
 61 740 2 1 
 78 729 2 2 
 52 733 2 3 
 79 750 1 2 
 42 750 3 4 
 63 747 2 1 
 70 846 1 2 
 58 882 2 2 
 61 950 2 2 
 55 210 2 2 
 84 942 3 2 
 67 191 2 2 
 39 637 2 1 
 55 191 1 2 
 84 942 3 2 
 55 191 2 2 
 84 942 3 2 
 55 191 2 2 
 86 623 4 5 
 55 191 2 2 
 88 629 2 1 
 53 191 4 2 
 88 632 2 3 
 55 191 2 2 
 88 631 2 4 
 660 70 2 4 
 84 722 2 2 
 58 465 2 2 
 660 70 2 4 
 50 747 2 2 
 8 273 3 3 
 56 191 2 2 
 83 721 2 2 
 56 191 2 2 
 83 721 2 2 
 69 192 1 2 
 18 564 3 2 
 73 195 1 2 
 39 480 3 4 
 73 195 1 2 
 41 703 2 2 
 56 209 2 1 
 16 565 3 4 
 56 209 2 1 
 16 565 3 4 
 18 246 2 2 
 68 466 4 2 
 68 466 4 2 
 40 702 4 5 
 18 246 2 1 
 68 466 4 2 
 70 197 2 2 
 14 564 2 4 
 70 197 2 2 
 41 908 2 2 
 14 564 2 4 
 68 197 4 2 
 41 908 3 2 
 14 564 2 4 
 68 197 2 2 
 31 885 2 3 
 55 191 2 1 
 13 564 2 3 
 55 191 2 1 
 10 848 1 2 
 655 73 1 3 
 30 885 3 3 
 71 648 2 2 
 655 73 1 3 
 30 885 3 3 
 655 73 1 3 
 82 656 2 1 
 15 872 2 3 
 655 73 1 3 
 82 656 2 1 
 24 876 3 3 
 655 73 1 3 
 82 656 3 3 
 23 875 4 4 
 655 73 1 3 
 62 881 5 6 
 655 73 1 3 
 82 656 3 3 
 24 875 2 3 
 655 73 1 3 
 85 627 2 2 
 15 872 2 3 
 82 656 3 3 
 15 873 2 2 
 82 656 3 3 
 63 884 2 2 
 83 657 2 2 
 82 656 2 1 
 82 656 2 1 
 81 728 2 2 
 81 728 2 2 
 61 810 4 3 
 54 851 2 3 
 70 605 2 2 
 69 605 3 2 
 57 586 1 2 
 57 586 1 2 
 57 586 1 2 
 658 62 2 2 
 64 825 1 2 
 658 62 2 2 
 70 787 2 3 
 658 62 2 2 
 65 804 4 2 
 658 62 2 2 
 61 891 2 2 
 658 62 2 2 
 79 943 1 2 
 33 397 1 2 
 658 62 2 2 
 81 944 2 2 
 39 390 2 1 
 658 62 2 2 
 81 944 2 2 
 39 390 2 1 
 658 62 2 2 
 81 944 2 2 
 39 390 2 1 
 81 944 2 2 
 46 383 3 2 
 46 383 2 1 
 78 937 2 1 
 64 969 1 2 
 32 232 2 1 
 59 199 2 1 
 26 427 2 2 
 59 199 2 1 
 28 400 4 2 
 59 199 2 1 
 28 400 4 3 
