 42 736 2 2 
 58 788 2 2 
 46 880 2 2 
 74 868 2 3 
 70 860 2 2 
 70 860 1 2 
 74 868 2 2 
 70 860 2 2 
 74 868 2 2 
 50 882 2 4 
 50 816 2 2 
 70 860 1 2 
 74 868 2 2 
 50 884 2 2 
 50 884 2 2 
 53 890 3 3 
 60 967 2 2 
 92 990 2 2 
 104 981 2 3 
 29 324 2 2 
 72 620 3 2 
 77 948 2 2 
 0 312 1 2 
 43 734 2 2 
 0 312 1 2 
 77 948 2 2 
 43 733 2 3 
 77 948 2 2 
 0 312 1 2 
 51 747 4 7 
 56 200 2 3 
 29 897 3 3 
 82 654 3 2 
 662 63 2 3 
 0 312 1 2 
 29 898 3 3 
 60 611 1 2 
 662 63 2 3 
 62 271 1 2 
 29 898 3 3 
 662 63 2 3 
 44 922 2 1 
 0 312 1 2 
 73 618 2 3 
 662 63 2 3 
 61 272 2 2 
 32 660 3 4 
 662 63 2 3 
 62 272 1 2 
 32 660 3 3 
 662 63 2 2 
 44 276 2 2 
 70 665 2 2 
 662 63 2 2 
 69 669 1 2 
 33 277 2 1 
 662 63 2 2 
 69 669 1 2 
 34 274 1 2 
 57 190 3 4 
 85 653 1 2 
 57 190 3 4 
 85 653 1 2 
 57 190 3 4 
 25 898 1 2 
 85 653 1 2 
 57 190 3 4 
 105 981 1 2 
 22 429 2 2 
 57 190 3 4 
 22 429 2 2 
 57 192 2 2 
 22 429 2 2 
 68 203 2 2 
 22 429 2 2 
 71 203 2 1 
 22 429 2 2 
 70 203 1 2 
 22 429 2 2 
 70 203 1 2 
 105 981 2 3 
 40 499 2 2 
 105 981 2 3 
 67 475 2 2 
 4 266 1 2 
 105 981 2 3 
 64 520 1 2 
 4 266 2 2 
 64 520 1 2 
 4 266 2 2 
 50 594 2 2 
 4 266 2 2 
 49 593 3 3 
 4 266 1 2 
 39 516 2 2 
 70 859 1 2 
 4 266 1 2 
 39 516 2 2 
 70 858 1 2 
 665 63 2 3 
 50 882 2 2 
 4 266 1 2 
 665 65 3 2 
 60 887 2 1 
 31 325 2 2 
 665 65 3 2 
 60 887 2 1 
 31 325 2 2 
 665 65 3 2 
 106 981 1 2 
 31 325 2 2 
 58 772 2 2 
 665 65 3 2 
 31 325 2 2 
 69 858 2 1 
 665 65 3 2 
 31 325 2 2 
 70 831 2 3 
 665 65 3 2 
 105 982 2 1 
 0 349 1 2 
 54 748 1 2 
 665 65 3 2 
 14 389 1 2 
 70 831 2 3 
 105 982 2 1 
 54 748 1 2 
 47 395 2 1 
 105 981 3 2 
 47 395 2 1 
 105 981 3 2 
 47 395 2 1 
 105 981 3 2 
 47 395 2 1 
 42 213 2 2 
 94 989 3 3 
 95 990 2 2 
 42 213 2 2 
 64 468 3 3 
 64 468 3 3 
 64 468 3 3 
 67 231 2 5 
 41 485 2 1 
 64 468 3 3 
 64 468 3 3 
 33 488 2 2 
 81 754 2 2 
 41 485 2 1 
 69 862 1 2 
 33 488 2 2 
 69 862 1 2 
 71 616 2 3 
 15 853 2 1 
 71 616 2 2 
 15 853 2 1 
 71 616 2 2 
 53 397 1 2 
 82 666 2 2 
 71 616 2 3 
 26 333 1 2 
 71 616 2 3 
 71 616 2 2 
 63 650 2 2 
 99 983 2 1 
 51 883 1 2 
 49 877 2 2 
 70 860 3 2 
 62 230 2 3 
 100 987 2 2 
 62 230 2 3 
 105 983 5 4 
 74 990 2 3 
 48 734 2 1 
 70 638 2 3 
 99 982 11 9 
 95 994 2 1 
 70 203 1 2 
 100 989 3 3 
