 996 1022 1 3 
 1008 1031 2 2 
 1033 1060 8 5 
 997 1019 2 3 
 998 1024 2 3 
 998 1024 2 3 
 966 1026 2 1 
 998 1025 2 2 
 966 1026 2 1 
 1015 1036 4 4 
 995 1023 1 2 
 1015 1039 2 1 
 1035 1062 4 1 
 1018 1048 3 2 
 1018 1048 3 2 
 1037 1062 2 1 
 1033 1063 3 2 
 1035 1064 8 7 
 1039 1067 3 3 
 1039 1067 3 3 
 1017 1043 3 1 
 1017 1043 3 1 
 1017 1043 3 1 
 1017 1043 3 1 
 1042 1068 2 1 
 1042 1068 2 1 
 528 38 2 2 
 528 38 2 2 
 1019 1043 2 2 
 528 38 2 2 
 528 38 2 2 
 1019 1043 2 2 
 528 39 2 1 
 528 39 2 1 
 528 39 2 1 
 528 39 2 1 
 1043 1067 2 4 
 1041 1065 1 2 
 1041 1065 1 2 
 90 464 3 4 
 90 465 2 4 
 831 1033 2 3 
 89 465 4 4 
 90 467 3 3 
 520 35 5 5 
 88 465 5 5 
 520 35 5 5 
 89 465 4 5 
 520 35 5 5 
 89 465 4 5 
 520 35 5 5 
 89 465 4 5 
 520 35 5 5 
 1022 1051 2 1 
 96 470 3 2 
 520 35 5 5 
 1022 1051 2 1 
 520 35 5 5 
 1022 1051 2 1 
 520 35 5 5 
 1022 1051 2 1 
 834 1033 1 2 
 834 1033 1 2 
 834 1033 1 2 
 834 1033 1 2 
 834 1033 1 2 
 834 1033 1 2 
 969 1026 2 1 
 834 1033 1 2 
 833 1033 2 4 
 833 1036 2 1 
 833 1036 2 1 
 833 1036 2 1 
 970 1028 1 2 
 970 1028 1 2 
 970 1028 1 2 
 970 1028 1 2 
 90 466 2 1 
 833 1036 2 1 
 534 43 2 2 
 820 1069 3 1 
 534 43 2 2 
 820 1069 3 1 
 534 43 2 2 
 798 1064 2 4 
 534 43 2 1 
 798 1064 2 4 
 534 43 2 1 
 798 1064 2 4 
 534 43 2 1 
 798 1064 2 4 
 517 53 1 2 
 798 1064 2 4 
 517 53 1 2 
 824 1052 1 2 
 824 1052 1 2 
