 335 994 2 3 
 664 76 3 2 
 352 1013 2 2 
 338 1004 2 2 
 341 999 8 14 
 334 995 1 2 
 337 1001 2 2 
 331 1006 2 6 
 358 1008 3 3 
 352 997 13 20 
 356 1005 3 3 
 330 1003 2 2 
 351 995 15 22 
 359 999 3 3 
 329 1006 2 3 
 330 1003 2 2 
 350 995 16 22 
 361 996 3 3 
 360 997 3 3 
 329 1007 2 2 
 357 1000 3 3 
 330 1003 2 2 
 350 995 16 23 
 352 1006 4 5 
 361 996 3 3 
 360 997 3 3 
 357 1000 3 3 
 329 1007 2 2 
 353 1003 3 3 
 330 1003 2 2 
 349 995 17 23 
 357 1008 4 3 
 352 1008 4 3 
 352 1005 3 3 
 329 1006 2 3 
 351 1011 3 3 
 337 1017 2 1 
 341 1016 1 2 
 345 1015 2 1 
 328 1012 1 2 
 349 1015 5 3 
 347 1015 1 2 
 1196 607 1 2 
 363 995 3 5 
 1198 608 2 2 
 1121 818 3 2 
 349 1015 2 3 
 1198 608 2 2 
 1186 597 1 2 
 360 996 3 4 
 1185 605 2 2 
 359 997 4 4 
 1183 602 2 2 
 351 997 13 16 
 1174 594 3 3 
 346 1014 2 2 
 1174 593 3 3 
 347 1015 1 2 
 1175 592 3 3 
 330 1014 2 2 
 1175 592 3 3 
 330 1014 1 2 
 1174 592 3 3 
 358 1006 7 9 
 1174 594 1 2 
 360 1009 5 5 
 1186 594 2 3 
 329 1006 11 9 
 1203 613 2 2 
 1185 602 7 11 
 353 1017 2 1 
 1180 482 3 3 
 332 1008 12 7 
 1180 482 2 1 
 358 1017 6 4 
 353 1017 2 1 
 1180 481 2 2 
 353 1017 2 1 
 1185 605 5 6 
 356 1018 2 2 
 1198 606 2 2 
 359 1016 9 5 
 1198 606 2 2 
 654 63 3 2 
 363 1016 2 2 
