 54 569 2 4 
 59 579 2 3 
 54 569 1 2 
 74 637 2 2 
 74 637 2 2 
 77 642 2 3 
 75 637 1 2 
 77 642 2 3 
 82 651 3 4 
 75 637 1 2 
 77 642 2 3 
 82 651 3 4 
 53 670 3 2 
 75 637 1 2 
 77 642 2 3 
 82 651 3 4 
 53 670 3 2 
 65 681 2 3 
 77 642 4 3 
 82 651 3 4 
 53 670 3 2 
 65 681 2 3 
 81 685 3 4 
 74 687 2 3 
 59 732 2 2 
 78 713 2 2 
 48 720 1 2 
 70 724 1 2 
 61 736 2 2 
 68 722 2 2 
 78 724 3 3 
 50 729 1 2 
 67 744 1 2 
 33 475 1 4 
 708 1035 1 2 
 435 1071 5 5 
 433 1072 6 4 
 433 1072 5 4 
 432 1072 6 4 
 455 1068 2 1 
 455 1068 2 1 
 666 63 4 4 
 666 63 4 3 
 666 63 4 3 
 666 63 4 3 
 666 63 4 3 
 666 63 4 3 
 593 1008 1 2 
 666 63 4 3 
 593 1008 3 2 
 666 63 4 3 
 595 1009 3 2 
 609 1010 2 2 
 148 982 5 5 
 78 725 3 3 
 207 962 4 4 
 219 962 6 6 
 43 219 2 1 
 43 219 2 1 
 57 208 1 2 
 57 208 1 2 
 57 208 1 2 
 65 187 2 1 
 65 187 2 1 
 274 953 8 8 
 81 976 1 2 
 81 976 1 2 
 649 75 2 2 
 649 75 2 2 
 649 75 2 2 
 67 621 2 4 
 649 75 2 2 
 649 75 2 2 
 75 588 1 2 
 649 75 2 2 
 54 587 1 2 
 649 75 2 2 
 54 580 2 1 
 649 75 2 2 
 54 580 2 1 
 54 580 2 1 
 0 386 1 2 
 53 587 2 2 
 0 386 1 2 
 53 587 2 2 
 0 386 1 2 
 84 999 1 2 
 53 587 2 2 
 0 386 1 2 
 84 999 1 3 
 53 587 2 2 
