 1232 638 3 2 
 1222 668 3 4 
 1135 434 2 2 
 1314 474 1 2 
 1158 473 2 1 
 1202 479 2 1 
 1208 506 2 2 
 1228 513 2 1 
 1268 518 2 1 
 1219 521 3 1 
 1208 506 2 2 
 1228 513 2 1 
 1225 522 2 1 
 1240 587 2 2 
 1223 649 3 3 
 1229 637 2 2 
 1229 637 2 2 
 1233 638 3 2 
 1233 638 2 2 
 1223 650 3 2 
 1233 638 2 2 
 1223 649 4 3 
 1221 663 3 3 
 1221 662 3 5 
 1219 648 8 4 
 1221 664 1 2 
 1224 664 5 4 
 1195 447 2 2 
 1228 513 2 1 
 1292 548 1 2 
 1238 639 2 1 
 1215 648 14 4 
 1222 665 7 4 
 1208 510 2 2 
 1218 581 2 2 
 1239 585 2 2 
 1244 639 2 2 
 1215 648 5 3 
 1228 650 3 3 
 1220 648 11 5 
 1222 665 4 3 
 1223 667 7 3 
 1239 585 2 2 
 1228 650 3 3 
 1217 648 14 5 
 1225 662 2 1 
 1227 667 3 3 
 1224 667 6 5 
 1221 669 2 1 
 1201 673 2 1 
 1220 678 6 5 
 1219 682 5 3 
 1219 683 3 3 
 1263 49 2 1 
 1197 644 1 2 
 667 75 3 2 
 1195 644 1 2 
 667 75 2 2 
 1194 643 4 3 
 667 75 2 2 
 1195 643 3 3 
 667 75 2 2 
 1021 978 2 1 
 1194 642 4 3 
 667 75 2 2 
 577 280 1 2 
 157 489 1 2 
 1476 740 1 2 
 1008 975 12 4 
 664 37 2 1 
 1007 974 29 5 
 599 246 4 3 
 1198 641 3 2 
 1007 973 29 6 
 599 247 3 2 
 1225 650 2 2 
 1007 973 28 6 
 599 248 2 1 
 773 500 2 3 
 598 250 3 2 
 1000 974 1 2 
 1237 651 8 7 
 598 250 3 2 
 998 974 3 5 
 1241 654 3 3 
 600 250 2 3 
 770 496 4 7 
 1000 974 1 2 
 999 977 2 2 
 605 255 4 3 
 770 494 2 4 
 601 39 2 3 
 999 977 2 2 
 769 493 5 10 
 288 29 2 1 
 1033 973 2 2 
 177 489 3 5 
 599 38 4 3 
 1034 975 2 2 
 177 489 3 5 
 599 39 2 4 
 177 490 3 3 
 1473 842 1 2 
 599 41 2 2 
 1472 842 4 3 
 177 490 2 2 
 636 72 2 3 
 1002 974 3 3 
 129 490 3 3 
 636 72 2 3 
 1473 842 1 2 
 129 489 3 4 
 630 73 2 3 
 1460 840 10 5 
 123 486 2 2 
 597 40 2 2 
 1459 839 16 5 
 123 486 3 2 
 628 0 3 2 
 1460 838 4 2 
 129 484 3 3 
 636 71 3 2 
 125 484 3 4 
 638 71 1 2 
 123 485 7 4 
 628 81 1 2 
 123 486 2 2 
 626 81 3 2 
 820 317 1 2 
 1224 651 2 1 
 639 4 2 2 
 1698 361 2 3 
 1224 651 2 1 
 122 486 3 3 
 629 74 2 2 
 122 486 3 3 
 629 74 3 3 
 122 486 3 3 
 665 61 2 2 
 295 311 2 2 
 214 787 3 8 
 664 65 2 1 
 213 788 4 7 
 302 320 8 4 
 480 65 2 3 
 1196 660 4 4 
 665 65 2 2 
 307 321 3 3 
 1235 659 6 3 
 665 65 2 2 
 124 490 4 5 
 1459 842 2 2 
 665 65 2 2 
 124 490 4 5 
 665 65 2 2 
 1237 655 1 2 
 599 41 2 1 
 302 322 8 4 
 599 39 3 3 
 304 320 6 2 
 1189 659 4 4 
 599 39 3 3 
 1307 1039 1 2 
 522 353 2 2 
 814 614 2 2 
 1285 1062 4 5 
 599 38 5 3 
 489 319 2 1 
 1327 553 2 1 
 242 791 3 2 
 1284 1063 3 3 
 602 38 2 2 
 179 490 2 5 
 663 61 1 2 
 179 490 2 1 
 656 62 1 2 
 305 320 5 2 
 1233 662 4 4 
 656 62 1 2 
 123 490 3 2 
 663 73 2 1 
 1283 1066 2 2 
 1195 646 7 3 
 665 65 2 2 
 1196 645 3 3 
 665 65 2 2 
 305 323 2 3 
 1189 646 2 2 
 665 65 2 2 
 1195 646 7 4 
 663 73 2 1 
 1492 825 5 6 
 689 78 3 4 
 773 499 1 2 
 655 840 2 5 
 653 63 2 1 
 1064 346 2 1 
 1297 591 3 2 
 1490 824 3 3 
 650 3 2 2 
 619 234 2 1 
 1493 826 3 4 
 120 484 6 5 
 653 63 2 1 
 1205 716 2 3 
 179 490 2 4 
 267 123 1 2 
 653 850 2 3 
 120 486 4 5 
 663 73 2 1 
 773 500 2 3 
 1492 829 2 1 
 659 74 2 3 
 118 487 5 5 
 1202 715 12 13 
 660 73 1 2 
 305 323 2 2 
 1192 646 6 5 
