 32 633 2 2 
 46 704 2 2 
 70 846 1 2 
 71 628 3 3 
 82 682 3 2 
 67 780 3 3 
 64 813 2 2 
 63 918 2 2 
 60 827 2 2 
 59 774 3 4 
 59 774 3 4 
 68 779 1 3 
 64 813 2 2 
 63 881 1 2 
 51 950 2 1 
 63 966 2 4 
 64 967 1 3 
 79 972 2 1 
 64 967 1 3 
 64 967 1 3 
 64 967 1 3 
 68 864 1 2 
 68 864 1 2 
 68 864 1 2 
 68 863 2 3 
 68 863 2 2 
 64 873 2 1 
 653 63 1 2 
 653 63 1 2 
 653 63 1 2 
 653 63 1 2 
 653 63 1 2 
 653 63 1 2 
 653 63 1 2 
 653 63 1 2 
 665 63 5 2 
 665 63 3 1 
 665 63 3 1 
 665 63 3 1 
 665 63 3 1 
 665 63 3 1 
 665 63 3 1 
 665 63 3 1 
 79 938 1 2 
 69 915 2 2 
 80 965 2 2 
 69 915 2 2 
 69 915 2 2 
 80 965 2 2 
 77 934 3 1 
 61 907 3 4 
 62 908 2 3 
 79 970 2 2 
 79 970 2 2 
 65 851 3 2 
 66 851 2 2 
 66 862 3 4 
 66 851 2 2 
 66 851 2 2 
 66 851 2 2 
 66 851 2 2 
 66 850 2 3 
 57 856 4 3 
 57 856 4 3 
 0 813 4 3 
 0 813 4 3 
 0 813 3 3 
 0 813 2 3 
 36 292 2 1 
