 64 689 2 2 
 66 687 2 2 
 71 691 1 2 
 80 716 2 2 
 84 716 2 3 
 83 730 7 9 
 91 752 13 9 
 101 774 8 10 
 108 795 15 10 
 119 817 8 9 
 128 838 8 10 
 134 857 16 12 
 141 871 13 11 
 150 892 7 6 
 156 907 7 10 
 163 914 3 3 
 158 918 16 6 
 167 929 6 6 
 171 940 6 8 
 172 947 13 6 
 178 956 5 4 
 180 963 5 6 
 178 968 13 4 
 189 981 4 3 
 179 977 8 4 
 185 979 5 6 
 185 986 4 4 
 186 988 3 5 
 185 995 3 3 
 185 997 3 4 
 184 1003 5 4 
 755 798 2 5 
 185 1008 2 1 
 665 73 3 4 
 185 1010 2 2 
 665 73 3 4 
 755 798 2 3 
 185 1013 2 3 
 665 73 3 4 
 185 1015 2 3 
 665 73 3 4 
 665 73 3 4 
 665 73 3 4 
 185 1025 2 2 
 665 73 3 4 
 665 73 3 4 
 184 1033 2 3 
 184 1036 3 3 
 183 1040 4 2 
 184 1047 3 2 
 793 837 1 2 
 626 61 3 4 
 626 61 3 4 
 793 837 2 4 
 626 61 3 4 
 793 837 2 4 
 626 61 3 4 
 793 837 2 4 
 626 61 3 4 
 793 837 2 4 
 626 61 3 4 
 793 837 2 4 
 626 61 3 4 
 626 61 3 4 
 660 66 2 1 
 660 66 2 1 
 660 66 2 1 
 660 66 2 1 
 660 66 2 1 
 660 66 2 1 
 1413 868 2 3 
 660 66 2 1 
 660 66 2 1 
 1189 504 3 4 
