 655 62 2 2 
 1269 425 2 4 
 1280 442 4 3 
 657 63 2 1 
 657 63 2 1 
 665 67 2 2 
 657 63 2 1 
 665 67 2 2 
 654 71 3 2 
 665 67 2 2 
 654 71 3 2 
 650 72 2 1 
 665 67 2 2 
 654 71 3 2 
 650 72 2 1 
 659 81 2 2 
 665 67 2 2 
 654 71 3 2 
 659 81 2 2 
 661 83 2 1 
 665 83 2 2 
 665 67 2 2 
 654 71 3 2 
 659 81 2 2 
 661 83 2 1 
 665 83 2 2 
 660 85 2 1 
 654 71 3 2 
 659 81 2 2 
 661 83 2 1 
 665 83 2 2 
 660 85 2 1 
 653 88 3 4 
 698 168 4 4 
 698 169 3 3 
 696 179 2 2 
 696 179 2 2 
 715 137 5 5 
 811 792 6 9 
 810 793 6 9 
 715 138 3 4 
 810 794 5 10 
 715 139 3 3 
 724 136 5 9 
 809 795 6 9 
 723 136 6 10 
 809 796 13 19 
 811 798 6 13 
 812 807 9 5 
 816 809 6 3 
 723 135 6 11 
 723 138 1 4 
 667 63 1 2 
 667 63 1 2 
 667 63 1 2 
 667 63 1 2 
 667 63 1 2 
 667 63 1 2 
 667 63 1 2 
 667 63 1 2 
 666 165 6 7 
 666 166 6 6 
 669 167 4 6 
 669 168 4 5 
 671 169 2 3 
 671 169 2 3 
 725 137 3 3 
 725 139 3 6 
 691 169 1 3 
 663 89 2 1 
 710 141 2 1 
 626 63 7 9 
 626 63 7 9 
 626 63 7 9 
 626 63 7 9 
 626 63 7 9 
 626 63 7 9 
 626 63 7 9 
 626 63 7 9 
 707 138 6 5 
 712 139 2 1 
 656 68 5 4 
