 466 115 2 2 
 431 200 8 7 
 475 187 3 3 
 434 201 9 9 
 438 204 8 10 
 441 211 8 10 
 443 217 8 10 
 446 223 7 10 
 445 227 7 10 
 442 232 7 11 
 440 240 7 11 
 439 246 7 11 
 439 253 6 11 
 436 267 7 9 
 435 275 6 9 
 438 280 6 8 
 480 371 1 2 
 484 361 4 3 
 476 352 2 2 
 488 301 2 2 
 484 379 3 4 
 479 377 3 3 
 487 376 3 3 
 485 376 3 4 
 480 375 5 7 
 486 373 3 4 
 481 373 5 3 
 487 371 3 3 
 483 369 3 3 
 485 368 3 3 
 484 355 3 3 
 482 354 4 3 
 486 353 3 3 
 485 352 3 3 
 480 351 3 4 
 486 349 3 4 
 483 349 4 3 
 481 349 3 3 
 482 348 3 3 
 480 347 3 3 
 488 345 4 4 
 483 345 6 6 
 480 345 3 3 
 482 342 3 3 
 480 342 3 3 
 486 341 3 4 
 481 340 3 3 
 480 339 3 3 
 481 338 3 3 
 488 336 3 3 
 484 335 3 3 
 481 333 4 5 
 480 332 3 3 
 487 331 3 3 
 484 331 3 3 
 485 330 3 3 
 486 329 3 3 
 487 328 4 3 
 485 327 3 3 
 481 327 3 3 
 479 327 3 3 
 487 326 3 3 
 480 326 3 3 
 488 325 3 3 
 482 325 3 3 
 487 324 3 3 
 483 324 3 3 
 485 322 4 4 
 484 321 3 3 
 487 320 3 3 
 485 320 3 3 
 486 318 3 3 
 487 316 3 3 
 486 315 3 3 
 488 314 3 3 
 486 312 3 4 
 484 311 3 3 
 487 310 3 3 
 485 308 5 4 
 441 283 6 6 
 446 301 5 8 
 446 306 5 9 
 894 865 2 2 
 446 311 5 8 
 446 317 6 8 
 447 322 5 9 
 446 327 6 7 
 447 328 6 7 
 446 331 6 7 
 443 334 6 8 
 443 340 3 3 
 438 348 4 5 
 516 34 2 2 
 437 356 3 5 
 516 34 2 2 
 434 359 6 9 
 516 34 2 2 
 434 367 4 7 
 516 34 2 2 
 435 376 4 6 
 884 868 1 2 
 458 373 7 6 
 884 868 1 2 
 455 376 6 5 
 451 378 7 7 
 452 382 6 9 
 1012 1033 2 2 
 456 386 8 6 
 1012 1033 2 2 
 463 389 8 6 
 1012 1033 2 2 
 471 391 8 5 
 1012 1033 2 2 
 477 392 8 6 
 1012 1033 2 2 
 482 396 6 6 
 1012 1033 2 2 
 486 400 8 7 
 861 1012 2 1 
 492 404 8 7 
 861 1012 2 1 
 861 1012 2 1 
 861 1012 2 1 
 861 1012 2 1 
 861 1012 2 1 
 861 1012 2 1 
 861 1012 2 1 
 1032 1033 1 2 
 1032 1033 1 2 
 1032 1033 1 2 
 540 378 7 7 
 1032 1033 1 2 
 536 382 7 6 
 1032 1033 1 2 
 533 385 6 6 
 1032 1033 1 2 
 529 389 5 6 
 526 393 5 6 
 525 396 4 7 
 525 397 4 9 
 525 398 5 10 
 525 401 5 9 
 523 405 6 7 
 521 407 5 6 
 1014 1043 2 2 
 883 584 2 2 
 523 52 1 2 
 883 584 1 2 
 523 52 1 2 
 523 52 1 2 
 533 48 2 2 
 533 48 2 2 
