 0 153 3 4 
 0 153 2 4 
 3 171 5 6 
 8 198 3 3 
 7 191 5 17 
 10 210 3 3 
 10 210 3 5 
 11 221 4 8 
 11 238 5 10 
 12 256 4 6 
 16 277 1 3 
 20 330 5 10 
 34 375 9 16 
 40 388 10 22 
 48 412 10 18 
 54 427 12 20 
 64 448 11 15 
 71 459 12 15 
 80 469 12 12 
 87 474 12 12 
 95 483 10 11 
 100 488 11 13 
 112 503 9 9 
 115 506 9 11 
 115 509 9 10 
 112 511 11 9 
 108 512 12 9 
 525 34 3 2 
 525 34 3 2 
 182 52 13 26 
 220 9 22 15 
 516 34 2 2 
 516 34 2 2 
 276 11 30 17 
 299 12 30 17 
 323 15 29 17 
 366 31 10 15 
 516 34 2 2 
 562 307 18 33 
 584 386 15 34 
 584 410 14 33 
 585 434 12 31 
 585 459 13 26 
 520 35 2 1 
 585 480 12 23 
 520 35 2 1 
 584 494 12 22 
 520 35 2 1 
 582 507 13 21 
 520 35 2 1 
 580 516 12 24 
 520 35 2 1 
 520 35 2 1 
 578 530 13 23 
 520 35 2 1 
 577 546 12 17 
 575 553 13 20 
 520 35 2 1 
 574 560 13 20 
 573 567 13 18 
 571 572 14 17 
 568 574 15 15 
 561 576 19 15 
