 784 950 2 2 
 801 904 2 2 
 764 906 20 24 
 781 905 4 4 
 775 909 3 3 
 776 910 3 3 
 772 908 10 7 
 765 909 7 11 
 774 908 4 8 
 768 909 3 4 
 766 914 1 2 
 796 917 2 1 
 758 916 9 13 
 797 915 2 1 
 775 911 3 6 
 787 919 10 13 
 757 919 4 9 
 796 917 2 1 
 762 913 3 4 
 776 915 2 3 
 797 915 2 1 
 753 920 6 7 
 788 919 9 13 
 791 925 3 3 
 796 917 2 1 
 758 917 1 2 
 796 917 2 1 
 753 918 3 3 
 794 930 5 10 
 788 924 6 8 
 793 920 3 6 
 794 935 4 5 
 787 941 7 6 
 793 936 3 4 
 787 940 7 7 
 790 937 2 2 
 796 930 3 5 
 796 931 2 1 
 796 932 3 3 
 787 937 10 11 
 788 943 8 7 
 803 901 4 5 
 803 901 4 5 
 803 901 4 5 
 805 901 2 2 
 793 901 14 22 
 794 902 13 23 
 805 903 2 1 
 805 903 2 2 
 794 919 3 3 
 800 902 8 10 
 804 902 4 4 
 808 897 2 1 
 808 897 2 1 
 808 897 2 1 
 805 902 3 5 
 805 902 3 5 
 806 902 2 2 
 808 897 2 1 
 798 923 2 2 
 788 931 2 2 
 797 933 2 2 
 769 916 2 2 
 800 897 2 2 
 824 987 5 9 
 796 898 5 3 
 828 994 1 2 
 797 905 3 3 
 781 906 2 1 
 783 903 1 2 
 783 903 1 2 
 783 903 1 2 
 780 903 5 9 
 781 906 4 2 
 772 908 4 3 
 772 910 3 3 
 769 911 3 3 
 765 911 7 11 
 1138 509 2 3 
 767 911 4 4 
 764 914 1 3 
 794 925 4 5 
 764 914 1 3 
 764 914 1 3 
 764 915 1 2 
 764 914 1 3 
 1134 508 2 2 
 785 939 2 3 
 1133 509 2 3 
 790 943 4 3 
 1131 513 1 3 
 790 946 3 3 
 796 911 4 3 
 795 907 7 9 
 800 907 2 2 
 801 907 1 2 
 792 910 9 10 
 792 910 9 10 
 1135 508 2 4 
 793 910 8 12 
 790 913 10 13 
