 15 175 2 1 
 26 113 1 2 
 76 229 2 2 
 9 262 3 2 
 57 420 4 3 
 44 512 1 2 
 63 218 1 2 
 67 255 3 2 
 11 325 3 3 
 52 270 2 3 
 31 1067 2 1 
 18 362 3 5 
 36 293 2 2 
 0 372 3 3 
 69 475 3 2 
 14 276 3 2 
 74 234 6 4 
 17 256 1 2 
 72 236 4 1 
 77 236 3 3 
 4 241 3 5 
 54 246 1 2 
 36 251 2 3 
 50 262 2 1 
 37 196 3 3 
 76 236 4 3 
 4 244 2 2 
 47 264 2 2 
 14 276 5 3 
 20 276 1 3 
 52 276 2 2 
 14 217 1 3 
 19 217 2 2 
 73 237 7 4 
 16 277 3 2 
 21 202 1 2 
 73 237 7 4 
 77 240 2 1 
 5 245 2 2 
 16 278 2 1 
 0 157 2 2 
 21 206 2 1 
 73 237 7 4 
 53 249 2 1 
 48 267 1 2 
 74 283 4 2 
 14 362 1 2 
 21 365 2 4 
 48 210 1 2 
 38 236 1 2 
 73 237 7 4 
 45 243 1 2 
 6 246 2 2 
 53 249 2 2 
 48 267 1 2 
 74 283 4 3 
 73 285 1 2 
 59 344 2 1 
 21 366 2 3 
 0 159 2 2 
 48 209 3 2 
 73 239 3 2 
 77 240 2 1 
 43 243 3 2 
 53 249 2 2 
 48 267 2 3 
 72 283 6 5 
 36 305 1 2 
 43 311 1 2 
 59 344 2 1 
 43 347 1 2 
 21 367 2 2 
 0 157 2 2 
 48 209 3 2 
 77 238 3 4 
 74 239 2 2 
 43 243 4 3 
 48 267 1 3 
 72 284 5 5 
 35 305 2 2 
 42 347 2 4 
 22 367 1 2 
 22 371 1 2 
 48 209 3 2 
 77 238 3 4 
 73 240 2 2 
 43 243 4 3 
 17 263 2 2 
 48 267 2 3 
 72 284 5 4 
 69 291 1 2 
 30 304 2 2 
 41 347 4 4 
 12 362 1 2 
 22 367 1 2 
 22 371 1 2 
 4 376 3 3 
 17 263 2 2 
 48 268 1 2 
 16 283 2 2 
 73 284 4 4 
 69 290 1 3 
 31 304 1 2 
 41 347 4 4 
 12 362 1 2 
 22 371 2 2 
 39 376 3 3 
 4 377 2 2 
 42 347 2 3 
 21 368 2 1 
 22 371 2 2 
 4 377 2 2 
 38 388 2 1 
 38 390 5 6 
 38 391 2 2 
 36 411 1 2 
 12 427 2 3 
 13 435 3 4 
 31 460 2 2 
 50 466 2 1 
 49 469 3 1 
 80 474 1 2 
 47 480 2 3 
 77 488 4 9 
 77 540 1 2 
 41 516 2 5 
 75 501 2 2 
 76 493 4 4 
 47 479 2 3 
 80 474 1 2 
 80 472 2 1 
 49 469 3 1 
 50 465 2 2 
 30 460 3 1 
 13 435 3 3 
 12 425 2 4 
 654 62 3 3 
 1491 998 4 3 
 41 515 2 6 
 75 279 3 2 
 654 62 3 3 
 1491 999 4 3 
 54 278 2 1 
 654 62 3 3 
 1510 1022 4 4 
 48 266 3 2 
 76 493 2 2 
 654 62 3 3 
 1506 1024 5 4 
 36 305 1 2 
 654 62 3 3 
 1484 999 7 8 
 33 302 4 5 
 67 707 1 2 
 654 62 3 3 
 1489 1000 4 3 
 46 730 1 3 
 17 362 3 5 
 654 62 3 3 
 48 910 2 3 
 74 701 2 3 
 1 357 2 2 
 1492 1000 1 2 
 61 97 2 2 
 31 540 4 3 
 61 97 2 3 
 13 839 2 3 
 35 180 3 3 
 572 1032 2 2 
 65 737 2 3 
 2 433 2 1 
 34 181 2 3 
 582 1029 2 2 
 2 432 3 2 
 38 190 2 2 
 576 1033 2 1 
 10 405 3 5 
 59 211 1 2 
 1481 1008 3 4 
 28 422 3 3 
 1916 666 1 2 
 55 213 6 6 
 579 1023 5 3 
 29 422 2 3 
 1909 678 5 3 
