 998 1022 2 2 
 998 1020 3 4 
 1000 1024 2 2 
 998 1020 3 4 
 1000 1024 2 2 
 995 1032 1 2 
 998 1020 3 4 
 1000 1024 2 2 
 1018 1037 3 2 
 998 1020 3 4 
 1021 1050 2 2 
 1000 1024 2 2 
 1017 1036 4 3 
 998 1020 3 2 
 1000 1024 2 2 
 1017 1036 4 3 
 1029 1055 2 2 
 1021 1050 2 2 
 1037 1061 3 2 
 1041 1066 1 2 
 1030 1054 2 2 
 969 755 2 2 
 897 976 4 3 
 969 755 2 2 
 1040 1066 2 2 
 923 779 1 2 
 1017 1067 2 1 
 1496 238 2 1 
 1017 1065 2 3 
 1279 631 4 2 
 1496 238 2 1 
 1017 1065 2 3 
 1279 631 4 2 
 790 859 2 2 
 1301 620 3 3 
 861 1022 3 3 
 1301 620 3 3 
 807 835 5 8 
 1301 618 3 4 
 1033 1070 2 2 
 1033 1070 5 3 
 1033 1070 2 2 
 1033 1070 2 2 
 1033 1070 2 2 
 1033 1070 2 2 
 994 1025 4 7 
 996 1023 2 4 
 1418 151 9 5 
 994 1022 4 5 
 994 1022 4 5 
 994 1022 4 5 
 994 1022 4 6 
 994 1022 4 10 
 996 1022 2 3 
 996 1022 2 3 
 1403 147 12 6 
 1401 147 13 5 
 1400 148 3 3 
 536 34 1 2 
 536 34 1 2 
 536 34 1 2 
 536 34 1 2 
 536 34 1 2 
 536 34 1 2 
 536 34 1 2 
 995 1022 2 2 
 865 971 4 3 
 995 1022 2 2 
 1037 1064 1 2 
 1036 1064 5 2 
 1034 1069 12 6 
 876 972 7 4 
 1036 1064 1 2 
 1034 1070 13 6 
 1023 1063 4 4 
 1030 1071 3 3 
