 991 1018 4 7 
 1012 1035 3 3 
 1012 1035 2 3 
 1012 1040 2 2 
 987 1017 2 2 
 1012 1035 2 3 
 1012 1040 2 2 
 1027 1050 2 2 
 1012 1035 2 3 
 1012 1040 2 2 
 1027 1050 1 2 
 1029 1057 4 4 
 986 1017 2 1 
 1012 1035 2 3 
 1022 1064 14 6 
 1012 1040 2 2 
 1028 1057 4 4 
 1021 1064 11 6 
 1029 1065 3 3 
 1029 1057 3 4 
 1012 1035 2 3 
 1012 1040 2 2 
 985 1017 3 1 
 1012 1035 2 2 
 1033 1066 2 2 
 1021 1064 11 6 
 1028 1057 4 3 
 1029 1073 5 6 
 1026 1073 2 2 
 1053 1078 1 2 
 1031 1075 3 3 
 1029 1074 3 3 
 1053 1078 1 2 
 1031 1075 3 3 
 1026 1055 4 2 
 1025 1063 3 2 
 1019 1063 5 6 
 1032 1060 2 2 
 1053 1078 1 2 
 1031 1079 3 1 
 944 1027 4 5 
 944 1027 4 5 
 839 1012 2 3 
 837 1012 2 2 
 840 1013 1 2 
 840 1013 2 2 
 840 1013 2 2 
 992 1020 5 4 
 992 1020 5 4 
 992 1020 5 4 
 992 1020 5 4 
 992 1020 3 5 
 992 1020 3 4 
 1025 1052 2 2 
 1028 1058 6 3 
 1025 1052 2 2 
 532 45 2 2 
 1025 1052 2 2 
 532 45 2 2 
 1025 1052 2 2 
 532 45 2 2 
 1031 1058 3 2 
 532 45 2 2 
 984 1020 2 4 
 532 45 2 2 
 983 1018 3 7 
 532 45 2 2 
 984 1017 2 3 
 532 45 2 2 
 983 1018 3 2 
 532 45 2 2 
 982 1020 2 3 
 982 1017 2 8 
 982 1017 2 8 
 982 1017 2 8 
 981 1017 3 9 
 981 1017 3 9 
 981 1018 3 3 
 982 1019 3 4 
 979 1016 5 10 
 1009 1067 5 3 
 979 1017 5 9 
 979 1016 3 3 
 979 1016 3 3 
 979 1016 4 9 
 979 1016 4 9 
 1021 1068 1 2 
 1021 1068 1 2 
 979 1016 2 2 
 978 1016 3 3 
 978 1016 3 3 
 821 1027 2 2 
 1014 1075 2 2 
 981 1019 3 3 
 821 1027 2 2 
 983 1020 3 2 
 1136 1078 4 2 
 838 1012 3 3 
 1137 1078 3 2 
 1088 1052 4 7 
 1085 1056 2 4 
 1094 1055 2 2 
 1094 1055 2 2 
 872 1023 3 2 
 991 1022 3 4 
 991 1021 4 5 
 991 1021 4 5 
 991 1021 4 5 
 845 1010 2 3 
 845 1010 2 4 
 845 1010 2 4 
 845 1011 2 2 
 841 1021 1 2 
 859 1021 3 3 
 525 38 2 2 
 861 1058 1 2 
 525 38 2 2 
 782 1074 1 2 
 778 1074 5 3 
 525 38 2 2 
 777 1073 7 4 
 525 38 2 2 
 525 38 2 2 
 783 1078 3 2 
 778 1078 4 2 
 525 38 2 2 
