 58 848 5 9 
 75 594 2 2 
 92 609 2 3 
 75 594 2 3 
 75 595 2 2 
 92 613 2 3 
 86 616 2 1 
 86 616 2 2 
 88 618 5 6 
 87 619 7 6 
 88 624 2 1 
 88 624 4 5 
 92 630 2 2 
 78 638 3 5 
 79 645 1 2 
 73 737 2 2 
 78 651 2 1 
 73 737 2 2 
 10 251 3 2 
 87 638 1 2 
 23 803 4 3 
 91 622 2 2 
 26 878 3 3 
 87 619 4 2 
 26 879 1 2 
 26 879 2 2 
 26 880 2 1 
 61 945 3 2 
 61 945 3 2 
 51 853 2 1 
 61 958 5 4 
 63 960 2 1 
 650 66 2 3 
 57 963 2 2 
 666 64 1 2 
 666 64 1 2 
 666 64 1 2 
 93 978 3 1 
 666 64 1 2 
 93 978 3 1 
 666 64 1 2 
 666 64 1 2 
 93 978 3 1 
 666 64 1 2 
 93 978 3 1 
 93 978 3 1 
 33 496 4 4 
 63 455 2 1 
 75 602 3 1 
 59 841 2 3 
 59 841 2 4 
 17 251 2 1 
 55 874 3 3 
 69 202 3 3 
 69 202 3 3 
 33 171 2 2 
 33 171 2 2 
 33 171 2 2 
 90 626 2 3 
 33 170 2 3 
 33 171 2 2 
 33 171 2 2 
 63 787 4 4 
 54 775 1 2 
 63 587 2 2 
 62 586 3 3 
 55 555 2 3 
 55 555 2 3 
 37 192 1 2 
 81 643 2 2 
 36 192 2 2 
 82 978 2 2 
 53 177 1 2 
 26 397 3 3 
 82 642 3 4 
 38 85 2 2 
 72 761 6 10 
 0 398 4 3 
