 1733 869 2 2 
 1766 876 3 2 
 1776 878 2 1 
 1787 881 9 8 
 1790 885 10 10 
 1793 887 13 14 
 1798 889 12 14 
 1803 891 12 14 
 1807 894 12 14 
 1812 899 9 11 
 1815 902 6 7 
 1818 904 6 6 
 1821 906 7 7 
 1823 908 9 8 
 1824 911 14 12 
 1828 918 14 11 
 1833 923 9 9 
 1835 926 6 6 
 1838 929 7 6 
 1839 938 16 9 
 1844 944 11 10 
 1848 948 5 6 
 521 35 1 2 
 1850 952 6 6 
 521 35 1 2 
 1852 956 7 6 
 521 35 1 2 
 1853 960 11 8 
 521 35 1 2 
 1853 967 15 8 
 521 35 1 2 
 1856 973 13 9 
 521 35 1 2 
 1860 978 9 8 
 1864 982 7 5 
 1866 986 9 6 
 1865 992 15 6 
 1868 997 11 7 
 1872 1001 7 6 
 1877 1005 6 5 
 1879 1009 10 5 
 1879 1015 8 5 
 1883 1019 7 7 
 1887 1023 5 4 
 1890 1027 5 4 
 1894 1031 5 5 
 1897 1037 8 4 
 1898 1042 6 4 
 1900 1047 8 5 
 1905 1051 7 5 
 1911 1055 5 4 
 1915 1060 5 4 
 1033 1061 2 2 
 1033 1061 2 2 
 1033 1061 1 2 
 1033 1061 1 2 
 1033 1061 1 2 
 1033 1061 1 2 
 1033 1061 1 2 
 1069 1074 2 1 
 1069 1074 2 1 
 1111 1055 2 2 
 1111 1055 2 2 
 1111 1055 2 2 
 1111 1055 2 2 
 1070 1071 2 2 
 1080 1074 2 1 
 1110 1056 3 3 
 1110 1056 4 4 
 1110 1056 4 4 
 1109 1057 5 4 
 1109 1057 5 4 
 1110 1057 4 4 
 1110 1057 4 4 
 1110 1057 4 4 
 1110 1058 4 3 
 968 1040 1 2 
 968 1040 2 2 
 968 1040 2 3 
 833 1033 2 2 
 832 1033 3 2 
 831 1033 3 3 
 831 1033 3 3 
 831 1033 3 3 
 536 36 2 1 
 1079 1076 3 2 
