 66 198 2 2 
 66 198 2 2 
 65 234 2 2 
 66 198 2 2 
 65 234 2 2 
 51 244 2 2 
 68 247 2 2 
 68 192 2 1 
 66 198 2 2 
 60 219 2 2 
 65 234 2 2 
 51 244 2 2 
 68 247 1 2 
 59 259 5 4 
 6 262 2 2 
 68 192 2 1 
 66 198 2 2 
 60 219 2 2 
 68 247 1 2 
 59 259 5 4 
 6 262 2 2 
 33 265 3 2 
 68 192 2 1 
 66 198 2 2 
 54 206 2 2 
 60 219 2 2 
 51 244 3 2 
 55 248 1 2 
 59 257 5 6 
 6 262 2 2 
 33 265 3 2 
 42 266 2 2 
 68 192 2 1 
 66 198 3 2 
 54 206 2 2 
 60 219 2 2 
 41 225 2 2 
 53 243 1 3 
 55 246 1 4 
 59 257 5 6 
 6 261 3 3 
 33 265 3 2 
 42 266 2 2 
 61 268 2 2 
 68 192 2 1 
 64 193 2 2 
 66 198 2 2 
 54 206 2 2 
 60 219 2 2 
 41 225 2 2 
 53 244 1 2 
 55 246 1 4 
 59 257 5 6 
 6 261 3 3 
 33 265 3 2 
 42 266 2 2 
 35 268 2 2 
 61 268 2 2 
 45 283 4 3 
 67 192 3 3 
 64 193 2 2 
 66 198 2 2 
 54 206 2 2 
 60 219 2 2 
 41 225 2 2 
 53 243 1 3 
 55 246 1 4 
 32 254 2 1 
 59 257 5 6 
 6 261 3 3 
 33 265 3 2 
 42 265 2 3 
 35 268 3 2 
 44 283 5 3 
 27 286 2 1 
 67 192 3 2 
 64 193 2 1 
 54 206 2 2 
 60 219 2 2 
 41 225 2 2 
 54 230 3 2 
 53 243 1 3 
 55 246 1 4 
 32 254 2 1 
 59 257 4 6 
 6 261 3 3 
 33 265 3 2 
 42 265 2 3 
 35 268 3 2 
 44 283 3 3 
 27 286 2 1 
 58 290 4 5 
 67 192 3 2 
 64 193 2 1 
 54 206 2 2 
 60 219 2 1 
 41 225 2 2 
 54 230 3 2 
 53 243 1 3 
 55 246 1 4 
 32 254 2 1 
 59 257 4 6 
 6 261 3 3 
 33 265 2 2 
 42 267 2 1 
 35 268 4 2 
 44 283 2 3 
 27 286 2 1 
 58 290 4 5 
 38 292 1 3 
 67 192 2 2 
 64 193 2 1 
 54 206 2 2 
 60 219 2 1 
 42 223 2 1 
 41 225 2 2 
 55 246 1 4 
 32 254 2 1 
 59 257 4 4 
 35 268 4 2 
 44 283 2 2 
 27 286 2 1 
 59 292 2 3 
 9 294 2 2 
 54 206 2 2 
 42 223 2 1 
 41 225 2 2 
 55 246 1 4 
 59 258 2 3 
 35 268 3 2 
 44 283 2 2 
 27 286 2 1 
 59 293 2 2 
 9 294 2 2 
 44 300 2 2 
 9 294 2 1 
 44 300 2 2 
 42 303 2 2 
 38 390 2 4 
 40 390 3 3 
 14 374 2 2 
 38 390 2 4 
 40 390 3 3 
 44 392 2 2 
 59 382 2 2 
 38 390 2 4 
 40 390 6 4 
 0 392 2 3 
 35 393 2 1 
 14 374 2 2 
 59 381 2 3 
 38 390 8 4 
 0 392 3 3 
 47 393 2 3 
 32 395 4 3 
 14 374 2 2 
 49 381 2 2 
 59 381 2 3 
 38 390 8 4 
 0 392 3 3 
 35 392 2 2 
 47 393 2 3 
 32 396 3 2 
 41 396 2 2 
 14 374 2 2 
 43 379 8 4 
 59 381 2 3 
 38 390 3 3 
 38 390 8 4 
 0 392 3 3 
 35 392 2 2 
 47 393 2 3 
 32 396 3 2 
 41 396 2 2 
 54 400 3 4 
 14 374 2 2 
 43 379 10 5 
 59 382 2 2 
 43 386 2 1 
 38 390 3 3 
 35 390 11 5 
 0 392 3 3 
 47 393 2 3 
 42 396 1 2 
 54 401 3 3 
 54 400 3 4 
 14 374 2 2 
 42 378 12 6 
 57 380 2 3 
 59 381 2 3 
 35 389 9 6 
 0 392 3 3 
 47 393 2 3 
 42 396 1 2 
 54 401 3 3 
 54 400 3 4 
 29 402 1 2 
 14 374 2 2 
 42 378 12 6 
 57 380 2 1 
 59 381 2 3 
 44 386 3 3 
 39 389 5 3 
 0 392 3 3 
 47 393 2 3 
 54 401 3 3 
 54 400 3 4 
 29 402 1 2 
 29 408 2 2 
 14 374 1 2 
 42 378 11 6 
 57 380 2 1 
 59 380 2 4 
 44 386 3 3 
 39 389 1 2 
 41 390 3 2 
 0 392 3 3 
 45 392 3 3 
 54 400 3 3 
 29 402 1 2 
 29 408 2 2 
 66 411 2 2 
 42 378 3 3 
 46 379 7 5 
 57 380 2 1 
 60 380 1 2 
 45 387 2 2 
 39 389 1 2 
 41 390 3 2 
 1 392 2 2 
 46 393 2 2 
 57 397 1 2 
 27 401 3 3 
 54 401 3 2 
 36 403 2 2 
 29 408 2 2 
 31 409 3 2 
 55 412 2 3 
 30 364 1 2 
 42 378 3 3 
 46 379 7 5 
 57 380 2 1 
 60 380 1 2 
 45 387 2 2 
 39 389 1 2 
 0 390 1 2 
 41 390 2 1 
 46 393 2 2 
 56 397 3 3 
 27 401 3 3 
 54 401 3 2 
 36 403 2 2 
 29 408 2 2 
 55 412 2 3 
 31 413 2 3 
 30 364 1 2 
 42 378 3 3 
 46 379 7 5 
 57 380 2 1 
 44 387 3 2 
 0 390 1 2 
 41 390 2 1 
 56 397 3 3 
 27 401 2 1 
 54 401 4 2 
 36 403 2 2 
 55 412 2 3 
 31 413 2 2 
 20 414 2 2 
 30 364 1 2 
 42 378 3 3 
 46 378 4 6 
 57 380 2 1 
 51 382 2 2 
 44 387 3 2 
 0 390 2 3 
 2 390 2 2 
 41 390 2 1 
 56 397 3 3 
 27 401 2 1 
 36 403 2 2 
 56 412 1 2 
 31 413 2 2 
 20 414 3 2 
 57 425 6 4 
 30 364 1 2 
 42 378 5 3 
 46 379 4 3 
 57 380 2 1 
 51 382 1 2 
 44 387 3 2 
 0 390 2 3 
 56 397 3 3 
 27 401 2 1 
 36 403 2 2 
 56 412 1 2 
 31 413 2 2 
 20 414 3 2 
 62 425 1 2 
 58 426 3 2 
 30 364 1 2 
 43 378 4 1 
 48 379 3 2 
 57 380 2 1 
 44 387 2 1 
 0 390 3 3 
 56 397 3 3 
 27 401 3 2 
 36 403 2 2 
 56 412 1 2 
 31 413 2 2 
 20 414 3 2 
 62 425 1 2 
 58 426 3 2 
 31 435 2 2 
 30 364 1 2 
 44 378 3 1 
 44 387 2 1 
 0 390 3 3 
 56 397 3 3 
 27 401 3 2 
 36 403 2 2 
 29 407 2 2 
 56 412 1 3 
 30 413 3 3 
 20 414 3 2 
 62 425 1 2 
 58 426 3 2 
 31 435 2 2 
 45 442 2 1 
 55 442 3 3 
 44 378 3 1 
 50 380 1 2 
 0 390 2 3 
 56 397 2 1 
 0 398 2 1 
 57 399 2 1 
 27 401 3 2 
 30 413 3 3 
 56 413 1 2 
 62 425 1 2 
 58 426 3 2 
 45 442 2 1 
 55 442 3 3 
 34 443 3 2 
 13 375 2 1 
 44 378 2 1 
 50 380 1 2 
 0 390 2 3 
 56 397 2 1 
 57 399 2 1 
 27 401 3 2 
 30 413 3 3 
 56 413 1 2 
 62 425 1 2 
 58 426 3 2 
 55 442 3 3 
 34 443 2 2 
 25 448 1 2 
 13 375 2 1 
 44 378 2 1 
 50 380 1 2 
 0 390 2 3 
 57 399 2 1 
 56 413 1 2 
 22 414 1 2 
 58 426 3 2 
 55 442 3 3 
 34 443 2 2 
 25 448 1 2 
 48 477 2 2 
 13 373 2 3 
 44 378 2 1 
 50 380 1 2 
 56 413 1 2 
 58 426 3 2 
 55 442 3 2 
 25 448 1 2 
 46 476 4 3 
 58 478 2 1 
 7 308 2 2 
 13 373 2 3 
 44 378 2 1 
 50 380 1 2 
 45 386 3 3 
 22 414 1 2 
 58 426 3 2 
 55 442 3 2 
 25 448 1 2 
 47 468 1 2 
 48 477 2 2 
 58 478 2 1 
 34 486 1 2 
 13 373 2 3 
 50 380 1 2 
 45 386 3 3 
 21 421 2 2 
 55 442 2 1 
 47 468 1 2 
 58 478 2 1 
 34 486 1 2 
 35 497 2 2 
 13 373 2 3 
 50 380 1 2 
 45 386 3 3 
 56 398 2 2 
 21 421 2 2 
 46 476 3 2 
 34 486 1 2 
 35 496 1 2 
 61 575 2 2 
 13 373 2 3 
 45 386 3 3 
 56 398 2 2 
 21 421 2 2 
 47 476 2 2 
 34 486 1 2 
 35 496 1 2 
 56 580 2 1 
 21 421 2 2 
 54 423 2 2 
 34 486 1 2 
 35 496 1 2 
 53 583 2 2 
 54 588 2 2 
 34 486 1 2 
 35 496 1 2 
 53 583 2 2 
 78 618 3 3 
 35 496 1 2 
 53 583 2 2 
 78 618 3 3 
 82 625 2 1 
 64 577 2 1 
 69 582 2 2 
 53 583 2 2 
 78 618 3 3 
 82 625 2 1 
 83 627 3 4 
 64 577 2 1 
 69 582 2 2 
 53 583 2 2 
 79 619 2 1 
 82 625 2 1 
 85 628 1 3 
 64 577 2 1 
 69 582 2 2 
 53 583 2 2 
 79 619 2 1 
 82 625 2 1 
 85 629 1 2 
 80 632 1 2 
 69 582 2 2 
 53 583 2 2 
 85 629 1 2 
 80 632 1 2 
 77 635 2 2 
 80 632 1 2 
 74 699 1 2 
 83 731 2 1 
 78 732 2 2 
 56 800 2 1 
 78 742 1 2 
 76 754 2 3 
 56 800 2 1 
 59 746 1 2 
 76 753 2 4 
 69 754 3 3 
 56 767 2 1 
 56 800 2 1 
 74 698 1 2 
 74 698 1 2 
 61 724 2 5 
 61 725 2 4 
 61 726 2 3 
 12 319 2 2 
 47 739 1 3 
 47 739 1 3 
 47 739 1 3 
 47 739 1 3 
 47 739 1 3 
 653 63 5 4 
 41 751 1 2 
 653 63 5 4 
 76 753 2 4 
 653 63 5 4 
 76 754 2 3 
 653 63 5 4 
 82 725 2 3 
 653 63 5 4 
 653 63 5 4 
 653 63 5 4 
 653 63 5 4 
 44 915 2 2 
 72 967 2 3 
 78 956 3 1 
 69 927 2 3 
 69 927 3 3 
 69 927 3 3 
 45 926 2 1 
 45 926 2 1 
 51 874 2 1 
 42 723 2 1 
 68 926 4 4 
 42 723 2 1 
 68 926 4 4 
 51 874 2 1 
 647 62 2 2 
 51 874 3 2 
 647 62 2 2 
 51 874 2 2 
 647 62 2 2 
 51 874 3 2 
 647 62 2 2 
 51 874 3 2 
 647 62 2 2 
 51 874 3 2 
 647 62 2 2 
 51 874 3 2 
 647 62 2 2 
 52 874 2 2 
 647 62 2 2 
 51 874 3 2 
 52 874 2 2 
 50 950 2 1 
 50 950 2 2 
 69 928 2 2 
 69 928 2 2 
 1045 534 1 2 
