 790 401 3 3 
 785 386 8 20 
 794 411 3 5 
 801 423 5 11 
 811 444 3 3 
 810 441 20 33 
 829 475 8 10 
 837 487 23 35 
 863 530 3 3 
 859 523 12 17 
 875 551 3 3 
 879 561 9 15 
 898 609 7 14 
 902 625 9 32 
 909 689 3 3 
 907 658 7 37 
 909 697 4 32 
 907 734 5 35 
 905 772 6 38 
 905 802 3 3 
 907 790 3 3 
 907 818 3 3 
 906 812 6 33 
 907 837 3 3 
 908 821 3 3 
 908 846 7 28 
 911 864 3 3 
 910 860 3 3 
 908 851 4 3 
 911 874 7 25 
 874 890 2 1 
 888 964 1 2 
 884 963 3 4 
 886 946 2 1 
 888 944 4 4 
 838 1014 5 5 
 844 1024 3 2 
 799 1065 2 3 
 874 1029 2 1 
 850 1015 8 6 
 895 1001 3 3 
 898 971 3 4 
 902 969 3 3 
 899 968 3 3 
 900 967 3 3 
 899 963 3 4 
 901 959 3 3 
 899 958 3 3 
 902 957 3 3 
 901 944 3 3 
 900 943 3 3 
 901 942 4 3 
 900 938 3 3 
 875 1024 6 6 
 875 1024 3 3 
 838 1016 2 2 
 879 1027 2 3 
 879 1028 2 2 
 829 1040 3 3 
 876 1029 1 2 
 876 1029 1 2 
 835 1039 2 2 
 834 1042 1 2 
 804 1059 2 2 
 1118 1068 3 4 
 815 1058 2 1 
 832 1058 2 2 
 803 1063 3 3 
 798 1069 1 2 
 797 1072 3 2 
 804 1063 2 3 
 938 1020 1 2 
 938 1020 1 2 
 1030 1076 2 1 
 950 1020 2 1 
 950 1020 2 1 
 1027 1063 2 4 
 841 1018 1 2 
 826 1030 3 5 
 826 1030 3 5 
 826 1028 3 7 
 1044 1075 4 5 
 842 1020 3 2 
 843 1020 2 1 
 826 1032 2 2 
 1013 1033 1 2 
 1013 1033 1 2 
 833 1039 1 3 
 833 1039 1 3 
 833 1039 1 3 
 833 1039 2 1 
 838 1018 5 4 
 496 36 3 3 
 496 36 3 3 
 532 36 1 2 
 803 1061 2 2 
 803 1065 2 2 
 803 1065 2 2 
