 1029 1050 2 2 
 1016 1042 3 2 
 1028 1032 3 5 
 1028 1034 3 3 
 1028 1032 3 5 
 970 1027 2 2 
 1016 1036 1 2 
 977 1035 1 2 
 1028 1033 3 5 
 1028 1034 3 3 
 970 1027 2 2 
 1028 1034 3 3 
 1028 1033 3 5 
 977 1035 1 2 
 1015 1039 3 5 
 1016 1036 1 2 
 970 1027 2 2 
 1028 1034 3 3 
 1027 1032 4 7 
 977 1035 1 2 
 1015 1039 3 4 
 1028 1050 3 2 
 970 1027 2 2 
 1028 1034 3 3 
 1036 1056 7 8 
 1028 1048 4 5 
 1026 1032 5 7 
 977 1035 1 2 
 1015 1039 3 5 
 970 1027 2 2 
 1018 1031 2 2 
 1026 1032 5 7 
 1035 1056 8 8 
 1037 1059 4 3 
 977 1035 1 2 
 1028 1048 2 4 
 1015 1039 2 5 
 1026 1046 2 1 
 970 1027 2 2 
 1026 1032 4 5 
 977 1035 1 2 
 1047 1067 2 1 
 1014 1036 3 8 
 1026 1046 2 1 
 1035 1056 7 10 
 1037 1059 4 3 
 1028 1049 2 3 
 1047 1069 2 2 
 1047 1067 2 1 
 1035 1056 7 10 
 1037 1059 4 3 
 1027 1048 5 5 
 1026 1046 2 1 
 1014 1036 3 8 
 977 1035 1 2 
 1026 1032 4 5 
 1013 1032 1 3 
 970 1027 2 2 
 1055 1071 5 9 
 1047 1069 2 2 
 1047 1067 2 1 
 1035 1056 7 10 
 1037 1059 4 3 
 1036 1058 3 3 
 1027 1048 3 4 
 1026 1046 2 1 
 1014 1036 3 8 
 1026 1032 4 5 
 1013 1032 1 3 
 1017 1031 2 2 
 1043 1073 2 2 
 1055 1071 5 9 
 1047 1069 2 2 
 1046 1078 2 2 
 1057 1076 1 4 
 1039 1076 2 1 
 858 1013 4 4 
 836 1025 2 1 
 1013 1032 1 3 
 968 1037 2 2 
 1057 1078 1 2 
 861 1011 1 2 
 861 1011 1 2 
 855 1014 3 1 
 848 1011 3 2 
 966 1028 2 2 
 838 1019 4 3 
 838 1019 5 3 
 1025 1030 1 2 
 838 1019 5 3 
 966 1020 6 4 
 859 1013 2 1 
 859 1013 2 1 
 859 1013 2 1 
 519 40 1 2 
 1046 1072 13 8 
 519 40 1 2 
 1046 1072 13 8 
 519 40 1 2 
 1045 1072 14 8 
 519 40 1 2 
 1046 1072 11 8 
 519 40 1 2 
 1047 1074 10 6 
 1058 1077 1 2 
 519 40 1 2 
 1051 1068 10 6 
 963 1016 12 11 
 962 1017 11 11 
 964 1021 3 3 
 1012 1021 6 6 
 891 1013 4 3 
 843 1014 4 2 
 843 1014 4 2 
 845 1014 2 2 
 843 1014 4 2 
 843 1014 3 2 
 843 1014 3 2 
