 77 641 2 2 
 78 645 2 1 
 82 652 2 2 
 85 653 1 3 
 80 659 1 2 
 43 705 3 4 
 77 641 2 2 
 82 652 4 3 
 80 658 2 3 
 79 691 1 2 
 43 706 3 3 
 77 641 2 2 
 81 651 5 4 
 80 658 3 3 
 79 691 1 2 
 43 706 2 2 
 36 708 4 4 
 77 641 2 1 
 81 650 5 5 
 80 658 3 3 
 82 689 2 2 
 79 691 1 2 
 43 706 2 2 
 36 708 3 4 
 83 717 3 3 
 77 641 2 1 
 81 650 6 6 
 75 656 1 2 
 80 658 3 3 
 43 706 3 2 
 37 708 2 3 
 83 717 2 2 
 86 721 2 2 
 77 641 2 1 
 81 650 6 6 
 74 655 2 3 
 80 658 3 3 
 77 665 2 1 
 44 706 1 2 
 37 709 2 2 
 86 721 2 2 
 66 723 2 1 
 78 729 1 2 
 66 735 1 2 
 69 750 1 2 
 63 666 1 2 
 80 748 1 2 
 56 789 2 1 
 66 752 2 1 
 78 662 2 2 
 57 404 1 2 
 57 405 2 2 
 84 724 2 2 
 56 230 2 2 
 49 393 2 2 
 79 749 1 3 
 667 64 3 2 
 40 707 2 3 
 70 414 3 2 
 667 64 3 2 
 38 390 2 2 
 69 609 4 2 
 667 64 3 2 
 49 384 1 2 
 78 713 2 2 
 667 64 3 2 
 66 755 4 3 
 21 300 1 2 
 53 191 2 2 
 9 783 2 4 
 53 191 2 2 
 9 783 2 4 
 53 191 2 2 
 9 784 2 3 
 56 404 2 2 
 56 404 2 2 
 56 404 2 2 
 83 704 2 3 
 56 404 2 2 
 56 404 2 2 
 53 588 2 3 
 56 404 2 2 
 56 404 2 2 
 69 609 1 2 
 46 646 2 2 
 46 646 2 2 
 59 686 3 3 
 59 686 3 3 
 59 686 3 3 
 59 686 3 2 
 59 686 3 2 
 93 978 2 1 
 99 979 2 1 
 69 740 2 3 
 51 956 3 2 
 94 977 1 2 
 11 777 3 3 
 43 944 3 2 
 43 944 3 2 
 43 944 3 2 
 81 948 1 2 
 10 777 3 4 
 11 779 2 2 
 44 736 2 2 
 44 736 2 2 
 44 736 2 2 
 44 736 2 2 
 44 736 2 2 
 77 701 2 2 
 78 701 1 2 
 78 701 1 2 
 77 710 1 2 
 50 677 3 4 
 50 677 3 4 
 58 647 2 1 
 57 586 2 2 
 57 586 2 2 
 57 586 2 2 
 27 343 1 2 
 57 586 2 2 
 27 343 1 2 
 57 586 2 2 
 27 343 1 2 
 95 982 2 2 
 57 586 2 2 
 102 982 2 1 
 68 406 2 3 
