 1 170 3 3 
 0 170 9 7 
 7 180 3 2 
 13 185 2 2 
 89 239 2 2 
 95 242 4 4 
 93 243 3 3 
 98 243 3 3 
 100 243 3 3 
 103 245 3 4 
 90 241 24 9 
 116 244 1 2 
 68 252 3 3 
 76 253 4 3 
 67 254 3 3 
 78 254 3 3 
 66 251 15 10 
 83 251 2 2 
 81 252 1 2 
 49 253 2 1 
 52 254 3 4 
 39 253 27 10 
 83 254 2 2 
 0 170 9 8 
 7 180 4 2 
 13 185 2 2 
 89 239 2 2 
 93 243 3 3 
 98 243 3 3 
 100 243 3 3 
 103 245 3 4 
 98 247 4 3 
 101 248 3 3 
 90 241 24 10 
 68 252 3 3 
 76 253 4 3 
 67 254 3 3 
 78 254 3 3 
 71 255 3 3 
 74 255 4 3 
 63 251 18 11 
 83 251 2 2 
 81 252 1 2 
 49 253 2 1 
 50 255 3 3 
 39 254 26 10 
 82 254 3 4 
 37 255 1 2 
 0 171 9 8 
 0 258 2 2 
 0 171 1 2 
 0 174 9 5 
 7 180 3 2 
 93 243 3 4 
 98 243 4 3 
 89 244 3 3 
 95 245 3 4 
 99 247 3 3 
 100 248 4 3 
 105 248 3 3 
 103 249 3 3 
 89 242 23 10 
 111 244 3 3 
 83 251 2 2 
 77 252 1 2 
 71 255 3 3 
 74 255 4 3 
 70 256 3 3 
 64 257 5 5 
 69 257 3 4 
 63 253 18 9 
 52 254 2 2 
 82 254 3 5 
 37 255 1 2 
 42 256 3 3 
 49 256 3 3 
 39 255 18 8 
 0 171 1 2 
 0 174 9 5 
 0 178 3 2 
 7 180 4 2 
 90 240 2 1 
 89 244 3 3 
 95 245 3 4 
 106 247 3 3 
 100 248 3 3 
 103 249 3 3 
 89 242 23 11 
 111 244 3 3 
 114 246 1 2 
 83 251 2 2 
 69 255 3 3 
 64 257 5 5 
 69 258 3 3 
 74 258 3 3 
 63 253 18 10 
 52 254 2 2 
 82 254 3 5 
 42 256 3 3 
 49 256 3 3 
 41 258 3 4 
 44 258 3 4 
 48 258 4 5 
 51 258 4 3 
 39 256 18 9 
 0 258 2 2 
 55 258 7 7 
 0 174 8 3 
 0 178 4 3 
 4 178 2 1 
 7 180 4 2 
 12 185 2 2 
 89 244 3 3 
 99 245 4 3 
 106 247 3 3 
 100 248 3 3 
 107 248 4 4 
 103 249 3 3 
 99 250 3 3 
 89 242 23 12 
 111 244 3 3 
 114 246 1 2 
 83 251 2 2 
 69 255 3 3 
 67 256 3 3 
 64 257 5 5 
 69 258 3 3 
 74 258 3 3 
 73 259 3 3 
 75 259 3 3 
 54 254 27 13 
 82 254 3 5 
 42 256 3 3 
 41 258 3 4 
 44 258 3 4 
 48 258 4 5 
 39 259 3 3 
 46 259 3 3 
 37 256 20 9 
 1 258 1 2 
 2 175 6 2 
 0 178 4 3 
 4 178 2 1 
 9 181 2 1 
 12 185 2 2 
 89 244 3 3 
 99 245 4 3 
 98 246 3 3 
 100 248 3 3 
 107 248 4 4 
 90 249 3 3 
 95 249 3 3 
 103 249 3 3 
 99 250 3 3 
 89 242 23 12 
 111 244 3 3 
 114 246 1 2 
 82 250 3 3 
 64 257 5 5 
 69 258 3 3 
 74 258 3 3 
 73 259 3 3 
 56 260 3 3 
 68 260 4 3 
 76 260 4 3 
 52 254 29 13 
 82 254 3 6 
 47 256 2 2 
 50 260 3 3 
 50 256 4 8 
 44 258 3 4 
 39 259 3 3 
 46 259 3 3 
 40 260 3 3 
 42 260 3 3 
 37 257 12 7 
 4 175 3 2 
 0 178 4 3 
 4 178 2 1 
 89 244 3 3 
 89 242 6 6 
 101 244 2 4 
 107 248 4 4 
 90 246 23 9 
 82 250 3 3 
 82 254 3 6 
 64 257 5 5 
 70 257 4 3 
 75 257 3 3 
 68 258 4 3 
 74 258 3 3 
 73 259 3 3 
 50 260 3 3 
 56 260 4 3 
 68 260 4 3 
 74 260 3 3 
 76 260 4 3 
 65 261 3 3 
 49 255 32 12 
 47 256 2 2 
 44 258 3 4 
 39 259 3 3 
 40 260 3 3 
 42 260 3 3 
 37 257 12 8 
 0 178 4 3 
 4 178 2 1 
 89 244 3 4 
 107 248 4 4 
 95 249 3 4 
 88 246 25 9 
 113 247 2 1 
 68 258 4 3 
 73 259 4 4 
 50 260 3 3 
 77 260 3 3 
 76 261 3 3 
 59 262 3 3 
 72 262 3 3 
 75 262 3 3 
 49 255 32 13 
 47 256 2 2 
 82 256 3 5 
 60 258 2 3 
 39 259 3 3 
 38 260 3 3 
 40 260 3 3 
 42 260 3 3 
 37 261 3 3 
 37 259 12 7 
 0 178 4 3 
 4 178 2 1 
 96 248 3 3 
 95 249 3 5 
 104 252 4 3 
 88 244 25 12 
 113 247 2 1 
 68 258 4 3 
 76 258 3 4 
 72 262 3 3 
 75 262 3 3 
 64 255 17 12 
 82 256 2 1 
 74 257 2 2 
 82 258 2 4 
 38 260 3 3 
 42 260 3 3 
 37 261 3 3 
 46 263 4 4 
 37 259 20 10 
 60 259 1 2 
 55 261 1 4 
 61 262 3 3 
 58 261 6 4 
 0 178 4 3 
 4 178 2 1 
 3 182 2 1 
 89 244 1 2 
 91 248 5 7 
 100 251 4 5 
 104 252 4 3 
 103 253 3 3 
 88 247 25 9 
 113 247 2 1 
 81 254 2 1 
 70 256 3 3 
 75 262 3 3 
 65 257 16 10 
 82 258 2 4 
 38 260 3 3 
 47 260 3 3 
 47 261 7 5 
 51 261 3 3 
 49 264 3 3 
 37 259 21 11 
 63 261 3 3 
 61 262 3 3 
 57 260 10 8 
 0 178 4 3 
 3 182 2 1 
 89 244 1 2 
 100 252 3 3 
 104 252 4 3 
 103 253 3 3 
 102 254 3 3 
 88 247 25 11 
 113 247 2 1 
 81 254 2 1 
 70 256 3 3 
 67 258 2 2 
 82 258 2 4 
 75 262 3 3 
 74 264 3 3 
 57 259 24 10 
 47 261 7 5 
 51 261 3 3 
 52 265 5 4 
 35 260 24 11 
 82 264 2 2 
 2 179 2 2 
 3 182 2 1 
 0 184 2 2 
 5 185 2 1 
 100 252 3 3 
 104 252 4 3 
 103 253 3 3 
 102 254 3 3 
 104 254 3 3 
 88 247 25 11 
 113 247 2 1 
 71 256 2 2 
 67 258 2 2 
 82 259 1 3 
 64 262 3 3 
 68 262 3 3 
 75 262 3 3 
 70 264 3 3 
 74 264 3 3 
 48 266 3 3 
 45 260 34 11 
 41 262 2 3 
 35 263 5 5 
 57 263 4 2 
 82 264 2 2 
 40 266 5 2 
 2 179 1 2 
 3 182 2 1 
 0 184 4 3 
 5 185 2 1 
 100 252 3 4 
 104 252 4 3 
 89 253 3 3 
 103 253 3 3 
 102 254 3 3 
 104 254 3 3 
 87 247 24 11 
 110 251 3 3 
 82 259 1 3 
 66 261 3 3 
 68 262 3 3 
 75 262 3 3 
 62 263 3 3 
 65 264 3 3 
 67 264 4 4 
 70 264 3 3 
 74 264 3 4 
 48 266 3 3 
 56 267 4 3 
 45 260 34 12 
 41 262 2 3 
 35 263 5 6 
 57 263 2 2 
 82 264 2 2 
 40 266 2 3 
 43 266 2 2 
 0 184 3 2 
 5 185 2 3 
 7 190 2 2 
 100 252 3 4 
 89 253 3 3 
 103 253 3 3 
 102 254 3 3 
 104 254 3 3 
 98 255 5 3 
 87 247 26 12 
 82 259 1 3 
 66 261 3 3 
 68 262 3 3 
 75 262 3 3 
 62 263 3 3 
 65 264 6 4 
 70 264 3 3 
 47 265 3 3 
 48 266 3 3 
 45 267 3 3 
 56 267 4 3 
 49 268 4 3 
 53 268 3 3 
 43 260 36 12 
 41 263 2 2 
 81 263 3 3 
 35 264 5 5 
 40 266 2 3 
 0 184 3 2 
 88 250 3 4 
 89 253 3 3 
 88 254 3 3 
 89 255 3 3 
 96 255 3 3 
 98 255 3 3 
 87 248 22 11 
 64 263 3 3 
 65 264 6 4 
 70 264 3 3 
 47 265 3 3 
 48 266 3 3 
 45 267 3 3 
 56 267 4 3 
 49 268 4 3 
 51 269 4 3 
 41 260 38 13 
 82 260 1 2 
 41 263 2 2 
 80 263 4 3 
 35 264 5 5 
 40 266 2 3 
 37 269 2 2 
 0 184 3 3 
 47 265 3 3 
 48 266 3 3 
 45 267 3 3 
 43 268 3 3 
 49 268 4 3 
 40 262 39 12 
 42 263 1 2 
 35 265 2 3 
 37 266 4 6 
 35 270 2 2 
 1 271 3 7 
 1 275 2 3 
 0 280 7 5 
 7 282 3 3 
 7 281 12 9 
 19 286 4 4 
 28 286 2 1 
 26 287 1 3 
 12 288 3 4 
 28 288 3 3 
 32 288 4 5 
 18 291 4 2 
 35 296 2 2 
 25 292 1 2 
 50 294 2 1 
 28 293 2 1 
 37 293 2 2 
 5 280 2 1 
 0 281 6 7 
 7 282 3 3 
 7 282 4 7 
 14 283 4 8 
 7 286 1 2 
 12 286 3 6 
 22 286 1 2 
 19 288 5 6 
 25 288 2 2 
 28 289 7 5 
 15 292 3 2 
 25 292 1 3 
 27 292 4 4 
 36 293 3 4 
 40 297 2 2 
 0 281 6 7 
 7 282 3 3 
 7 282 4 7 
 16 285 2 6 
 12 286 3 6 
 5 287 3 2 
 19 288 5 7 
 25 288 2 2 
 28 289 7 7 
 15 292 3 2 
 25 292 1 2 
 27 292 4 4 
 36 293 3 4 
 40 297 2 2 
 7 282 3 3 
 7 282 4 7 
 0 283 6 5 
 16 285 1 2 
 66 286 2 3 
 5 287 3 2 
 12 287 3 5 
 16 288 1 3 
 19 288 5 7 
 25 288 2 2 
 30 289 2 4 
 32 290 3 6 
 15 292 4 2 
 25 292 1 2 
 27 292 4 4 
 36 293 3 4 
 40 297 2 2 
 583 1042 6 6 
 1 281 2 2 
 583 1044 2 4 
 1 282 2 1 
 583 1044 2 4 
 1 282 2 1 
 583 1044 2 4 
 1 282 2 1 
 583 1044 2 4 
 0 283 12 9 
 583 1044 2 4 
 0 285 5 7 
 583 1044 2 2 
 1 287 3 3 
 583 1044 2 2 
 0 286 15 14 
 0 287 9 9 
 0 288 15 13 
 1 293 3 3 
 1 293 3 3 
 1547 0 4 3 
 1 293 3 3 
 1565 0 3 3 
 1 293 3 3 
 1565 0 3 3 
 0 293 3 5 
 1565 0 3 3 
 0 294 3 4 
 1552 1 3 3 
 1 207 3 3 
 1552 1 3 3 
 1 207 3 3 
 1563 1 4 3 
 1 207 3 3 
 1552 1 3 3 
 1 207 3 3 
 1558 3 4 4 
 1 207 3 3 
 1560 5 3 3 
 1 207 3 3 
 1547 9 5 4 
 1133 514 1 2 
 1551 9 3 3 
 1139 513 2 2 
 0 300 5 6 
 1551 9 3 3 
 1133 514 1 2 
 0 300 23 14 
 1545 11 3 3 
 1138 510 3 5 
 1553 10 3 2 
 1138 510 3 5 
 0 214 1 3 
 1545 11 3 3 
 1137 507 4 8 
 0 212 3 5 
 1137 507 4 8 
 1237 138 3 2 
 1237 139 2 1 
 1137 506 4 9 
 1236 142 2 2 
 1139 507 1 2 
 1138 510 3 6 
 1236 140 3 4 
 1237 140 2 2 
 1235 140 3 5 
 1235 140 3 6 
 0 221 3 1 
 0 221 3 1 
 0 221 3 1 
 0 221 3 1 
 0 221 3 1 
 0 221 3 1 
 1 221 2 1 
 1 221 2 1 
 1 223 2 2 
 1 223 2 2 
 1 223 2 2 
 1 223 2 2 
 1236 140 3 4 
 1237 141 2 3 
 1521 525 3 3 
 1231 143 2 2 
 0 321 3 3 
 0 321 3 3 
 1237 140 3 3 
 1235 140 4 4 
 1235 140 4 4 
 1233 138 11 12 
 1236 142 3 4 
 1236 142 3 3 
 1236 142 3 3 
 1236 142 3 3 
 1236 142 3 3 
 1236 138 9 11 
 1236 138 9 11 
 1237 138 8 11 
 1239 138 2 5 
 1242 138 3 4 
 1244 138 2 3 
 1236 139 8 10 
