 987 915 4 2 
 956 968 2 3 
 957 1016 3 2 
 980 1020 2 1 
 943 1023 4 3 
 943 1023 4 3 
 946 1039 2 2 
 1076 1060 5 2 
 905 1048 3 2 
 905 1048 3 2 
 907 1062 3 3 
 911 1062 3 3 
 905 1065 4 3 
 908 1062 8 9 
 902 1066 9 4 
 905 1068 11 7 
 908 1070 6 3 
 907 1071 4 7 
 904 1069 2 1 
 907 1068 3 2 
 865 1065 2 2 
 905 1072 1 3 
 889 1070 3 3 
 905 1069 3 3 
 897 1069 4 3 
 939 1073 12 4 
 905 1072 4 8 
 892 1068 2 2 
 897 1070 2 2 
 904 1074 2 2 
 877 1074 1 2 
 901 1073 2 2 
 876 1063 3 3 
 946 1071 4 3 
 935 1070 12 4 
 898 1076 2 1 
 936 1074 1 2 
 932 1074 3 2 
 924 1078 6 2 
 956 1032 2 2 
 968 1031 5 7 
 968 1031 5 6 
 520 35 1 2 
 968 1031 1 2 
 520 35 1 2 
 909 1075 4 4 
 888 1077 2 3 
 520 35 1 2 
 357 10 3 4 
 888 1077 2 3 
 888 1077 2 3 
 357 11 3 3 
 768 753 3 3 
 888 1075 2 2 
 238 552 2 1 
 768 753 1 2 
 784 766 2 2 
 998 1067 3 3 
 948 1075 2 1 
 748 857 3 3 
 522 43 2 3 
 904 1071 5 3 
 748 857 3 3 
 238 555 4 8 
 945 1076 8 4 
 238 555 5 8 
 1018 1019 1 2 
 888 1077 3 3 
 238 555 5 8 
 1010 1076 3 4 
 522 44 2 1 
 530 40 2 2 
 970 1076 7 4 
 238 556 4 7 
 780 761 6 5 
 530 40 2 2 
 1026 1075 6 5 
 238 557 4 6 
 530 40 2 2 
 239 558 3 5 
 908 1074 3 1 
 530 40 2 2 
 764 750 9 6 
 904 1072 6 3 
 530 40 2 2 
 763 750 9 5 
 1035 1013 3 2 
 530 40 2 2 
 893 1076 3 1 
 763 750 8 5 
 530 40 2 2 
 763 750 8 5 
 1042 1014 5 3 
 530 40 2 2 
 1167 1077 2 1 
 766 751 2 4 
 1014 1075 8 5 
 766 753 4 5 
 942 185 2 2 
 903 1076 1 2 
 773 751 2 1 
 931 183 3 3 
 1168 1077 2 2 
 931 185 2 1 
 1020 1031 2 1 
 931 185 2 1 
 1187 1073 8 7 
 931 185 2 1 
 898 1076 2 4 
 1122 1078 1 2 
 732 754 3 2 
 58 980 2 2 
 1339 130 5 4 
 1008 337 5 3 
 732 754 3 2 
 1068 1072 7 7 
 1008 337 5 3 
 58 980 2 2 
 1008 337 6 4 
 58 980 2 2 
 1008 337 6 4 
 875 1002 3 3 
 881 995 3 5 
 1022 1066 3 5 
 787 1062 4 2 
 1261 1077 4 3 
 826 1071 2 1 
 860 1072 3 3 
 765 749 6 5 
 861 1074 3 2 
 767 750 5 5 
 844 1075 2 1 
 428 91 1 3 
 767 751 1 2 
 862 1075 4 3 
 776 1057 4 3 
 778 1058 4 4 
 1344 122 4 3 
 775 1061 3 4 
 536 37 2 2 
 852 1073 7 5 
 778 761 2 2 
 898 1077 3 3 
 536 37 2 2 
 784 757 2 2 
 536 37 2 2 
 899 1067 4 5 
 784 757 2 2 
 536 37 2 2 
 844 1072 2 3 
 784 757 3 3 
 536 37 2 2 
 858 1073 20 7 
 760 757 2 2 
 536 37 2 2 
 902 1074 3 3 
 536 37 2 2 
 906 1075 2 3 
 906 1075 1 2 
 536 37 2 2 
 1167 1075 2 2 
 944 1020 3 5 
