 69 196 2 1 
 42 265 3 5 
 42 267 2 2 
 23 348 1 2 
 25 352 1 2 
 73 412 2 2 
 24 507 2 2 
 54 574 2 2 
 27 523 1 2 
 74 614 4 3 
 74 613 2 1 
 78 608 2 1 
 78 608 2 1 
 78 610 4 1 
 78 608 2 1 
 78 610 2 1 
 74 613 2 1 
 78 608 2 1 
 78 610 2 1 
 77 614 2 3 
 72 635 2 1 
 79 720 2 2 
 77 730 4 3 
 69 736 2 2 
 665 63 4 3 
 665 63 4 3 
 665 63 4 3 
 665 63 4 3 
 665 63 4 3 
 76 694 2 2 
 665 63 4 3 
 78 730 2 3 
 78 730 2 3 
 0 661 2 2 
 0 661 2 2 
 75 728 2 2 
 75 728 2 1 
 78 730 1 2 
 78 730 1 2 
 78 615 1 2 
 78 615 1 2 
 78 615 1 2 
 74 623 2 2 
 74 623 2 2 
 74 623 2 2 
 69 737 2 1 
 74 623 2 2 
 74 623 2 2 
 74 623 2 2 
 59 778 2 1 
 48 768 2 1 
 48 768 2 1 
 64 803 2 2 
 59 778 2 1 
 75 728 2 2 
 83 719 3 3 
 73 713 1 2 
 73 713 1 2 
 82 687 2 2 
 82 687 2 2 
 82 687 2 2 
 82 687 2 2 
 82 687 2 2 
 82 687 2 2 
 53 674 2 1 
 650 75 3 3 
 53 674 2 1 
 650 75 3 3 
 53 674 2 1 
 650 75 3 3 
 53 674 2 1 
 650 75 3 3 
 52 733 1 2 
 650 75 3 3 
 73 637 2 2 
 73 637 2 2 
 79 607 1 2 
 80 618 1 2 
 80 618 1 2 
 764 796 5 9 
