 837 1013 2 1 
 866 1014 5 4 
 865 1015 3 3 
 819 1016 1 2 
 808 1028 3 1 
 794 1039 5 2 
 803 1018 2 1 
 810 1019 6 3 
 812 1028 2 3 
 813 1010 2 1 
 811 1028 3 3 
 796 1039 4 3 
 810 1009 7 3 
 811 1028 3 3 
 810 1028 4 3 
 795 1039 2 1 
 790 1041 4 4 
 810 1028 3 3 
 796 1039 2 2 
 793 1040 2 1 
 789 1043 7 6 
 810 1028 3 3 
 793 1040 2 1 
 790 1041 2 2 
 789 1044 13 5 
 810 1028 1 2 
 795 1039 2 1 
 788 1042 5 3 
 787 1040 14 10 
 801 1053 2 3 
 795 1039 2 1 
 790 1041 2 2 
 789 1044 12 5 
 788 1059 4 4 
 795 1039 2 1 
 790 1046 12 4 
 801 1052 2 2 
 833 1057 1 2 
 788 1059 4 4 
 769 1060 4 3 
 775 1060 5 5 
 781 1060 1 2 
 811 1019 3 2 
 791 1045 6 4 
 799 1048 2 2 
 801 1052 2 2 
 769 1061 4 2 
 775 1060 4 5 
 788 1060 4 3 
 810 1019 4 2 
 808 1029 2 1 
 789 1039 4 4 
 784 1046 3 3 
 784 1045 3 5 
 791 1045 10 4 
 813 1047 2 2 
 790 1060 2 2 
 775 1062 2 3 
 767 1061 6 5 
 778 1061 1 2 
 779 1065 2 3 
 775 1062 3 3 
 765 1061 7 5 
 786 1069 3 3 
 1306 128 1 2 
 1031 1076 2 4 
 1304 126 2 2 
 1031 1076 2 4 
 1304 126 2 2 
 1031 1076 2 2 
 1304 126 2 2 
 810 1019 2 2 
 1031 1076 2 2 
 1302 126 4 11 
 1303 126 2 2 
 805 1021 3 2 
 1301 126 4 8 
 1027 1076 4 4 
 1597 754 2 1 
 1302 126 3 6 
 1598 754 1 2 
 805 1021 2 2 
 1303 125 2 4 
 1028 1076 2 4 
 1598 754 1 2 
 1301 125 3 7 
 1598 754 1 2 
 1012 1078 2 2 
 1301 125 3 11 
 1598 754 1 2 
 883 1075 6 5 
 1301 125 3 5 
 900 1020 4 1 
 1301 125 3 8 
 873 1067 4 2 
 1301 125 3 6 
 904 1032 2 1 
 1298 123 2 4 
 967 1067 3 4 
 1598 754 1 3 
 1293 122 7 16 
 790 1022 2 1 
 1293 124 6 15 
 750 1070 4 3 
 750 1070 5 3 
 1293 122 7 17 
 1293 123 6 16 
 929 1028 4 4 
 1293 123 6 15 
 872 1076 8 4 
 1293 123 6 15 
 1076 1077 5 3 
 1296 123 3 6 
 872 1075 8 5 
 1076 1077 5 3 
 1296 125 3 4 
 1293 135 1 4 
 832 1077 2 1 
 1293 136 1 3 
 789 1026 2 1 
 930 1027 3 3 
 931 1026 5 3 
 790 1021 9 3 
 1314 119 1 2 
 868 1073 3 3 
 1083 1076 3 4 
 1314 119 1 2 
 1314 119 1 2 
 797 1019 7 6 
 1295 129 4 3 
 874 1076 6 4 
 1294 129 5 5 
 875 1076 5 4 
 874 1076 6 4 
 1298 129 1 2 
 874 1076 6 4 
 1017 1078 2 2 
 1295 130 2 6 
 786 1021 8 3 
 784 1020 10 3 
 919 1028 8 4 
 1034 1078 2 2 
 508 36 4 4 
 1018 1078 1 2 
 508 36 4 4 
 1018 1078 1 2 
 1026 1076 2 4 
 780 1019 13 4 
 785 1017 12 7 
 795 1020 3 3 
