 35 98 2 3 
 35 98 2 3 
 12 107 2 2 
 11 104 3 5 
 4 109 5 7 
 18 104 3 3 
 18 103 5 5 
 9 104 5 5 
 4 108 5 9 
 0 110 2 4 
 11 103 3 3 
 9 102 6 6 
 18 103 5 5 
 4 106 5 11 
 0 109 2 6 
 4 120 3 2 
 35 98 2 2 
 10 101 5 7 
 18 103 5 5 
 4 106 5 11 
 0 109 2 6 
 5 120 2 1 
 16 161 3 2 
 30 162 2 3 
 33 97 5 5 
 11 103 3 3 
 4 102 11 15 
 18 103 5 5 
 0 108 2 7 
 47 114 2 2 
 5 119 2 2 
 16 161 3 2 
 30 162 2 3 
 28 166 3 4 
 39 176 2 2 
 41 184 2 3 
 40 198 2 3 
 40 198 2 3 
 41 184 3 3 
 35 172 1 2 
 26 165 6 8 
 29 161 3 3 
 15 160 3 4 
 47 111 3 3 
 46 109 6 7 
 0 112 2 1 
 45 122 2 3 
 4 114 3 3 
 5 119 4 2 
 31 205 3 2 
 8 240 2 2 
 31 207 1 2 
 8 240 2 2 
 644 61 2 3 
 524 948 2 2 
 32 94 4 4 
 521 945 5 5 
 47 94 4 3 
 528 954 1 2 
 532 958 3 3 
 48 93 2 2 
 623 64 1 2 
 528 954 2 2 
 528 954 2 2 
 1399 256 3 3 
 521 945 5 5 
 830 968 6 4 
 656 82 2 3 
 651 79 2 1 
 666 71 2 2 
 833 970 2 3 
 666 71 2 2 
 666 71 2 2 
 666 71 2 2 
 833 970 2 3 
 666 71 2 2 
 521 945 1 3 
 666 71 2 2 
 834 969 4 3 
 666 71 2 2 
 832 969 6 4 
 827 971 2 2 
 829 968 5 3 
 1399 255 2 4 
 829 968 5 3 
 829 968 5 3 
 596 1004 2 2 
 516 948 1 2 
 516 948 1 2 
 516 948 1 2 
 527 951 1 2 
 516 948 1 2 
 516 948 1 2 
 658 63 2 1 
 662 67 2 2 
 662 67 2 2 
 662 67 2 2 
 662 67 2 2 
 662 67 2 2 
 662 67 2 2 
 662 67 2 2 
