 32 170 3 3 
 31 167 5 6 
 44 180 2 2 
 57 186 1 2 
 42 188 2 1 
 68 201 6 4 
 14 232 1 2 
 31 167 5 6 
 44 180 2 2 
 40 186 1 2 
 57 186 1 2 
 42 188 2 1 
 68 202 6 3 
 14 232 1 2 
 12 235 2 2 
 32 168 4 3 
 31 167 5 6 
 57 186 1 2 
 42 188 2 1 
 68 202 5 3 
 14 232 1 2 
 13 235 1 2 
 13 251 1 2 
 69 253 2 2 
 68 202 5 3 
 13 235 1 2 
 13 251 1 2 
 63 264 3 4 
 61 292 2 2 
 25 333 1 2 
 34 388 2 2 
 49 188 5 5 
 67 189 3 2 
 18 221 2 1 
 43 222 2 1 
 62 255 2 2 
 64 278 4 2 
 1 328 2 3 
 25 333 1 2 
 43 375 1 2 
 48 378 2 2 
 55 378 4 2 
 70 394 3 2 
 69 410 2 1 
 54 422 3 2 
 52 445 2 2 
 65 451 2 2 
 56 177 3 1 
 54 180 2 2 
 50 187 3 3 
 50 186 3 5 
 67 189 2 2 
 47 191 2 2 
 20 209 2 2 
 20 212 2 2 
 14 221 2 2 
 26 221 2 2 
 11 222 2 2 
 43 222 2 1 
 65 229 2 1 
 15 238 2 2 
 53 240 1 2 
 61 251 4 4 
 36 471 3 4 
 60 257 1 2 
 65 278 2 2 
 60 282 2 1 
 35 289 1 2 
 25 293 2 3 
 45 293 2 2 
 1 328 2 3 
 63 449 5 4 
 25 333 1 2 
 38 373 7 3 
 28 376 2 2 
 46 376 3 3 
 50 376 9 4 
 59 379 2 2 
 53 394 2 2 
 69 405 6 4 
 70 394 2 1 
 54 174 1 2 
 56 175 2 1 
 53 177 3 6 
 50 187 3 3 
 50 185 4 6 
 66 187 2 3 
 47 191 2 2 
 20 209 2 2 
 20 212 2 2 
 30 212 1 2 
 17 217 1 2 
 25 218 2 1 
 14 219 2 3 
 11 220 2 3 
 63 487 2 2 
 26 221 2 2 
 55 460 2 2 
 9 223 2 2 
 44 460 2 3 
 40 460 1 2 
 48 458 2 2 
 5 229 4 4 
 62 448 6 5 
 63 448 3 3 
 17 229 3 3 
 65 229 2 1 
 15 238 2 2 
 53 240 1 2 
 30 248 3 4 
 61 251 4 4 
 60 257 1 2 
 64 275 3 2 
 46 279 2 1 
 58 280 4 6 
 34 288 2 2 
 25 293 3 2 
 45 293 2 2 
 18 411 2 1 
 67 404 9 6 
 1 327 2 3 
 53 393 2 3 
 41 373 3 3 
 30 390 3 3 
 38 373 18 7 
 28 376 2 2 
 55 376 4 4 
 35 385 2 2 
 59 379 2 2 
 54 173 2 2 
 56 175 2 1 
 53 179 3 3 
 48 183 5 6 
 53 183 2 2 
 63 185 3 3 
 66 187 2 2 
 42 204 2 1 
 13 211 2 4 
 29 213 2 1 
 16 217 2 2 
 26 217 2 2 
 14 219 2 2 
 8 220 3 3 
 10 220 3 3 
 8 220 5 4 
 26 221 2 2 
 3 224 1 2 
 32 225 2 1 
 5 229 4 4 
 17 229 3 3 
 65 229 2 1 
 15 238 2 2 
 53 240 1 2 
 56 241 2 2 
 31 248 4 4 
 61 250 4 5 
 64 275 3 1 
 48 277 3 3 
 59 279 3 5 
 43 293 3 2 
 62 566 2 2 
 4 304 1 2 
 0 326 3 3 
 22 329 3 2 
 63 487 2 2 
 27 373 2 2 
 41 373 3 3 
 68 470 4 3 
 45 374 3 3 
 55 460 3 2 
 38 373 15 7 
 40 460 1 2 
 44 459 3 4 
 48 458 2 2 
 56 376 3 3 
 52 375 7 5 
 62 447 7 6 
 28 376 2 2 
 59 379 2 2 
 35 384 3 3 
 30 390 3 3 
 53 393 2 3 
 69 406 3 3 
 67 402 9 8 
 54 172 4 4 
 46 179 10 10 
 67 184 2 2 
 63 185 3 2 
 19 209 3 3 
 12 211 3 2 
 26 215 2 1 
 40 216 2 3 
 16 217 2 2 
 24 217 4 2 
 8 218 5 6 
 14 219 2 1 
 3 222 2 4 
 6 223 2 2 
 32 224 3 2 
 5 229 3 4 
 5 226 4 7 
 30 227 2 2 
 17 229 3 3 
 65 229 2 1 
 16 237 1 2 
 53 240 1 2 
 29 248 1 2 
 31 248 4 4 
 61 250 4 5 
 63 273 3 3 
 46 275 4 5 
 58 279 4 7 
 43 293 3 2 
 5 300 2 2 
 72 573 5 4 
 62 566 2 2 
 22 300 2 1 
 4 304 2 2 
 5 306 2 3 
 63 487 2 2 
 0 324 2 3 
 1 328 2 1 
 22 328 3 5 
 69 470 3 3 
 44 460 2 3 
 38 370 1 2 
 55 458 3 4 
 48 458 2 2 
 26 373 3 4 
 41 373 3 3 
 62 446 7 7 
 52 442 2 1 
 26 441 1 2 
 38 374 3 3 
 45 374 3 3 
 53 374 3 3 
 55 374 3 3 
 48 375 3 3 
 66 420 2 1 
 56 376 3 3 
 38 373 21 7 
 59 378 2 3 
 65 383 2 2 
 44 412 2 1 
 68 405 5 4 
 69 406 3 3 
 71 402 5 4 
 33 384 4 3 
 53 393 2 3 
 30 390 3 3 
 54 172 4 5 
 46 179 10 11 
 63 185 2 2 
 43 192 2 2 
 24 198 3 3 
 16 208 6 4 
 29 210 2 2 
 12 211 3 2 
 24 215 4 5 
 16 216 2 3 
 40 216 2 3 
 8 219 5 5 
 14 219 2 1 
 2 221 3 3 
 6 223 1 2 
 32 224 3 2 
 67 225 1 2 
 6 226 2 2 
 4 229 4 4 
 17 229 3 3 
 22 229 2 1 
 65 229 2 1 
 53 237 2 2 
 53 240 1 2 
 31 243 2 1 
 29 248 1 2 
 31 248 3 4 
 61 250 4 5 
 75 577 5 8 
 72 573 5 4 
 62 566 2 2 
 64 272 2 2 
 46 274 3 3 
 46 274 5 5 
 59 279 3 5 
 63 485 2 4 
 38 282 2 2 
 46 480 1 2 
 34 285 3 2 
 43 293 3 2 
 69 470 4 3 
 42 295 1 2 
 22 298 2 3 
 44 460 2 3 
 5 300 2 2 
 55 458 2 2 
 48 456 4 4 
 4 304 2 3 
 62 446 7 7 
 5 306 2 3 
 32 318 1 2 
 0 325 2 2 
 22 326 3 7 
 34 338 1 2 
 27 373 2 4 
 41 373 3 3 
 45 374 3 3 
 65 417 2 2 
 61 417 3 2 
 48 375 3 3 
 37 373 22 6 
 44 411 2 2 
 59 378 2 3 
 69 405 4 4 
 69 406 3 3 
 71 401 3 3 
 63 381 4 4 
 53 391 2 5 
 33 383 4 4 
 30 388 3 4 
 30 389 3 3 
 53 172 3 3 
 53 171 5 6 
 46 179 10 8 
 62 184 3 2 
 43 192 2 2 
 24 198 3 3 
 18 205 2 2 
 16 208 5 4 
 28 210 3 4 
 13 211 2 2 
 24 215 4 5 
 39 215 5 4 
 51 215 2 3 
 14 216 4 3 
 8 218 5 6 
 14 219 2 1 
 2 221 3 3 
 6 223 1 2 
 32 224 3 2 
 75 577 5 7 
 77 580 3 3 
 72 573 5 5 
 66 224 2 3 
 6 226 2 2 
 4 229 4 4 
 17 229 3 3 
 63 485 3 4 
 22 229 2 1 
 46 480 1 2 
 65 229 2 1 
 69 470 4 3 
 53 237 3 2 
 53 240 1 2 
 44 460 2 3 
 40 459 1 2 
 55 458 2 2 
 47 456 5 4 
 62 446 8 7 
 31 243 2 1 
 26 441 1 2 
 31 248 3 4 
 61 250 4 5 
 64 272 2 2 
 46 274 5 5 
 59 277 2 3 
 59 281 3 3 
 38 282 2 2 
 36 285 1 2 
 34 286 1 2 
 44 411 3 2 
 24 290 2 1 
 42 292 4 3 
 69 405 4 4 
 69 406 3 3 
 71 401 3 3 
 42 295 1 2 
 53 391 2 4 
 5 301 2 1 
 4 304 3 5 
 30 388 3 4 
 63 385 2 2 
 33 384 4 3 
 32 318 1 2 
 63 381 4 4 
 36 381 2 1 
 59 379 2 2 
 0 325 2 2 
 27 373 2 4 
 45 372 14 7 
 38 370 6 8 
 41 373 3 3 
 22 328 3 5 
 53 172 3 3 
 53 171 5 6 
 46 179 10 8 
 63 185 2 1 
 43 192 2 2 
 25 198 2 2 
 16 208 5 4 
 28 210 3 2 
 13 211 2 2 
 24 215 4 5 
 39 215 5 4 
 51 215 2 2 
 14 216 4 3 
 8 218 5 6 
 3 222 2 2 
 6 223 1 2 
 32 225 2 1 
 67 225 1 2 
 6 226 2 2 
 17 229 3 3 
 22 229 2 1 
 4 230 3 3 
 14 237 1 2 
 53 237 3 2 
 53 240 1 2 
 31 243 2 1 
 31 248 3 4 
 81 598 5 8 
 82 598 3 3 
 76 577 4 7 
 77 580 3 3 
 72 573 5 5 
 61 252 4 3 
 64 272 3 2 
 45 495 2 3 
 47 274 4 6 
 63 485 3 4 
 59 277 2 3 
 61 482 2 2 
 46 480 1 2 
 59 281 3 3 
 38 282 2 2 
 36 285 1 2 
 9 288 2 1 
 24 290 2 1 
 44 460 2 3 
 55 458 2 2 
 48 456 4 4 
 62 446 8 7 
 42 292 3 2 
 42 295 1 2 
 5 301 2 1 
 26 440 1 3 
 4 304 2 3 
 49 437 2 1 
 5 306 2 3 
 32 318 1 2 
 0 325 2 2 
 22 326 3 7 
 24 416 2 1 
 29 345 2 1 
 45 411 1 2 
 39 369 2 2 
 69 401 5 8 
 69 406 3 3 
 38 370 6 8 
 53 391 2 4 
 45 372 14 7 
 27 373 2 4 
 30 388 3 4 
 59 378 2 3 
 33 384 4 3 
 35 381 2 2 
 64 381 3 4 
 46 179 10 8 
 62 184 3 2 
 43 192 2 2 
 25 198 2 2 
 18 205 2 1 
 20 208 1 2 
 16 210 2 1 
 13 211 2 2 
 15 214 3 1 
 24 215 4 5 
 40 215 4 4 
 51 215 2 2 
 14 216 4 3 
 8 218 4 6 
 3 222 2 2 
 6 223 1 2 
 67 225 1 2 
 6 226 2 2 
 17 229 3 3 
 22 229 2 1 
 4 230 2 3 
 14 237 1 2 
 81 598 5 8 
 82 600 3 3 
 82 598 3 3 
 72 573 9 11 
 77 580 3 3 
 53 237 2 2 
 53 240 1 2 
 31 243 2 1 
 31 248 3 4 
 45 495 2 3 
 60 248 2 1 
 63 485 3 3 
 61 252 4 3 
 61 482 2 2 
 64 272 3 2 
 47 274 4 6 
 59 277 2 3 
 59 281 3 3 
 38 282 2 2 
 36 285 1 2 
 44 460 2 3 
 55 458 2 2 
 48 456 4 4 
 62 446 8 7 
 52 442 2 1 
 8 288 3 3 
 42 292 3 2 
 26 440 1 3 
 42 295 1 2 
 22 298 2 3 
 5 301 2 1 
 4 304 3 5 
 0 325 3 4 
 22 326 3 7 
 24 416 2 1 
 29 345 2 1 
 45 412 2 1 
 39 369 2 2 
 38 370 6 8 
 69 405 4 4 
 69 406 3 3 
 71 401 3 3 
 47 373 3 3 
 45 372 14 7 
 53 391 2 3 
 27 373 2 4 
 30 388 3 4 
 62 385 3 2 
 33 384 4 3 
 59 379 2 2 
 63 381 4 4 
 35 381 2 2 
 47 275 4 5 
 59 278 2 2 
 33 611 2 2 
 59 281 3 3 
 81 598 5 8 
 82 600 3 3 
 82 598 3 3 
 36 285 1 2 
 8 288 3 3 
 74 573 7 11 
 77 580 3 3 
 42 292 3 2 
 42 295 1 2 
 22 300 2 1 
 5 301 2 1 
 4 304 4 5 
 64 485 2 2 
 61 482 2 2 
 32 318 1 2 
 0 325 3 4 
 22 328 3 5 
 25 333 1 2 
 38 370 6 6 
 45 372 14 7 
 44 460 2 3 
 55 458 2 2 
 48 456 4 4 
 67 451 3 2 
 62 446 4 5 
 52 442 2 1 
 27 373 2 4 
 42 375 2 3 
 26 440 1 3 
 59 379 2 2 
 63 380 4 5 
 33 384 4 3 
 62 385 2 2 
 30 390 1 2 
 24 416 2 1 
 53 391 2 3 
 45 412 2 1 
 71 401 3 3 
 70 405 3 3 
 76 626 2 3 
 34 611 1 2 
 86 607 2 2 
 81 598 5 8 
 82 600 3 3 
 74 573 7 11 
 77 580 3 3 
 64 485 2 2 
 61 482 2 2 
 46 480 1 2 
 41 372 3 2 
 27 373 2 3 
 45 373 14 6 
 64 381 3 4 
 44 460 2 2 
 36 385 2 1 
 55 458 2 2 
 50 457 2 1 
 68 451 2 2 
 62 448 4 3 
 53 391 3 5 
 71 402 3 2 
 26 440 1 3 
 70 405 3 3 
 45 412 2 1 
 24 416 2 1 
 68 451 1 2 
 69 632 2 2 
 61 482 2 2 
 64 485 2 2 
 74 573 3 3 
 34 611 2 3 
 86 607 2 2 
 82 600 4 5 
 77 578 3 4 
 53 547 2 3 
 72 573 2 2 
 84 606 4 3 
 47 705 4 4 
 67 638 3 3 
 73 714 2 1 
 52 727 5 4 
 82 608 2 3 
 68 639 2 2 
 72 711 3 2 
 50 712 2 2 
 73 714 2 1 
 53 726 3 3 
 52 726 5 5 
 58 728 6 5 
 86 615 1 2 
 72 710 3 3 
 50 712 2 2 
 50 715 2 3 
 53 726 3 3 
 53 725 4 6 
 58 728 1 2 
 59 731 4 3 
 59 730 4 4 
 85 616 2 2 
 49 710 3 4 
 73 711 2 2 
 50 715 2 3 
 53 725 3 3 
 62 726 2 2 
 63 727 3 3 
 58 728 1 2 
 59 731 3 3 
 59 729 4 5 
 64 732 5 7 
 80 733 2 3 
 49 712 3 2 
 50 715 4 6 
 53 723 3 5 
 62 726 4 3 
 59 731 3 3 
 64 732 3 3 
 58 725 13 20 
 58 728 1 2 
 73 739 1 3 
 50 712 2 1 
 50 715 2 1 
 50 717 4 4 
 53 723 3 3 
 59 731 3 3 
 58 725 10 9 
 58 728 1 2 
 64 732 3 3 
 64 732 6 11 
 73 740 1 2 
 67 742 4 3 
 57 766 2 1 
 74 709 1 2 
 50 717 3 3 
 50 717 4 4 
 53 727 2 2 
 63 727 3 3 
 58 728 1 2 
 59 731 3 3 
 59 730 4 4 
 64 732 4 4 
 65 737 5 6 
 73 740 1 2 
 67 742 4 3 
 58 767 6 6 
 88 634 2 2 
 76 643 2 2 
 85 703 2 2 
 73 711 2 2 
 51 717 3 4 
 53 727 2 2 
 58 728 1 2 
 59 731 4 3 
 59 730 4 4 
 64 733 3 3 
 65 737 4 6 
 67 742 3 3 
 60 768 4 3 
 58 767 9 6 
 88 634 2 2 
 76 643 2 2 
 85 703 2 2 
 52 720 2 1 
 61 731 2 2 
 59 732 2 2 
 64 733 1 2 
 66 733 1 2 
 65 741 3 2 
 67 743 3 2 
 59 767 7 6 
 65 770 2 1 
 88 634 2 2 
 76 643 2 2 
 85 703 2 2 
 62 767 2 2 
 62 770 4 3 
 65 770 2 1 
 67 774 2 1 
 85 703 2 2 
 85 711 2 2 
 62 767 2 2 
 62 770 4 3 
 67 774 2 1 
 56 778 2 2 
 85 703 2 2 
 85 711 2 3 
 62 770 3 3 
 22 801 5 6 
 24 801 3 3 
 67 774 2 1 
 55 777 3 3 
 64 865 2 2 
 22 801 4 7 
 55 777 3 3 
 61 866 3 2 
 64 865 2 2 
 61 863 4 1 
 62 960 4 3 
 85 973 5 6 
 86 975 4 5 
 61 854 6 9 
 71 233 4 4 
 1320 967 13 10 
 1320 966 13 11 
 65 217 2 2 
 1320 966 13 11 
 69 231 3 3 
 1319 966 14 11 
 54 181 1 2 
 1319 966 14 11 
 54 181 1 2 
 1319 966 14 11 
 53 181 2 1 
 1319 966 14 11 
 52 181 2 3 
 1319 966 14 11 
 657 62 3 2 
 1320 966 12 11 
 0 332 2 2 
 68 758 2 2 
 657 62 3 2 
 1322 968 2 2 
 0 332 2 2 
 68 761 3 3 
 658 63 2 1 
 1328 970 2 3 
 64 278 3 2 
 658 63 2 1 
 1328 970 2 2 
 64 278 3 2 
 658 63 2 1 
 1321 972 4 3 
 64 278 3 2 
 658 63 2 1 
 1328 966 2 1 
 658 63 2 1 
 1328 966 2 1 
 65 543 4 9 
 658 63 2 1 
 56 547 2 1 
 1321 968 11 7 
 71 395 4 4 
 1325 967 7 6 
 524 948 2 1 
 1330 956 2 1 
 1330 956 2 1 
 1 328 3 3 
 1330 956 2 1 
 1 328 3 3 
 1330 956 2 1 
 17 315 2 2 
 1325 967 6 4 
 17 315 2 2 
 1320 965 3 4 
 65 215 2 1 
 1325 968 4 5 
 853 1067 1 2 
 50 190 2 2 
 81 591 2 1 
 826 1068 2 2 
 49 188 3 3 
 81 591 2 1 
 853 1067 1 2 
 53 179 2 3 
 1145 545 2 3 
 853 1067 1 2 
 53 179 2 3 
 85 614 2 3 
 0 389 2 2 
 853 1067 1 2 
 53 179 2 3 
 1141 549 5 3 
 50 187 3 3 
 931 1028 4 3 
 1144 549 2 2 
 50 187 3 3 
 910 1024 1 2 
 85 615 2 2 
 23 406 3 1 
 50 185 3 4 
 910 1024 1 2 
 0 387 2 4 
 81 591 2 1 
 50 187 3 3 
 910 1024 1 2 
 0 790 3 3 
 1145 544 2 4 
 910 1024 2 2 
 53 240 1 2 
 0 791 3 3 
 1145 544 2 4 
 908 1025 1 2 
 38 338 2 1 
 931 1028 4 2 
 38 338 2 1 
 66 548 2 2 
 1323 964 1 2 
 71 389 3 3 
 71 389 3 3 
 523 948 4 6 
 523 948 4 6 
 80 587 4 3 
 39 340 3 4 
 79 585 3 3 
 522 948 5 6 
 70 233 2 1 
 1318 965 4 4 
 1 259 3 4 
 1318 966 4 3 
 1 258 3 4 
 1318 967 1 2 
 65 533 6 12 
 64 424 2 1 
 808 895 1 2 
 1674 650 2 3 
 657 80 1 2 
 808 895 1 2 
 65 533 3 3 
 657 80 1 2 
 65 520 9 19 
 525 948 2 5 
 1 257 3 5 
 67 483 2 3 
 494 834 4 4 
 0 112 3 5 
 68 483 1 3 
 0 112 3 5 
 67 524 1 2 
 34 97 3 5 
 68 388 4 3 
 48 95 2 1 
 17 314 2 3 
 847 1067 2 2 
 38 86 2 2 
 81 591 2 1 
 843 1068 3 3 
 39 85 1 2 
 87 612 2 2 
 48 95 2 1 
 78 584 5 3 
 48 95 2 1 
 843 1069 2 2 
 493 828 2 2 
 78 584 5 3 
 35 84 5 7 
 626 997 8 8 
 61 447 5 3 
 35 84 5 5 
 626 997 7 6 
 61 447 3 3 
 35 84 5 5 
 626 995 6 8 
 69 625 2 2 
 38 84 2 3 
 625 995 7 8 
 68 531 2 3 
 38 85 2 2 
 631 1003 4 5 
 8 291 2 2 
 67 528 4 6 
 649 74 2 3 
 35 338 1 2 
 1483 971 3 3 
 72 572 3 4 
 58 176 2 3 
 632 1004 3 3 
 86 604 5 8 
 20 104 1 2 
 628 997 2 2 
 52 377 2 2 
 81 582 3 3 
 37 161 3 6 
 68 386 3 3 
 1497 971 2 3 
 37 165 1 2 
 68 386 3 3 
 1497 972 2 3 
 31 193 1 2 
 71 402 2 2 
 1497 972 2 3 
 22 209 2 2 
 61 445 4 3 
 503 967 2 3 
 39 170 1 2 
 0 386 1 3 
 820 973 2 4 
