 34 236 2 1 
 16 247 2 1 
 64 250 2 1 
 64 250 2 1 
 61 268 1 2 
 27 342 1 2 
 4 381 1 2 
 36 401 2 3 
 38 398 2 2 
 36 401 2 3 
 32 406 2 2 
 38 398 2 2 
 36 401 2 3 
 32 406 2 2 
 31 416 2 2 
 73 421 3 2 
 38 398 2 2 
 36 401 2 3 
 32 406 2 2 
 31 416 2 2 
 73 421 3 2 
 61 436 2 3 
 49 390 2 2 
 54 391 2 3 
 50 393 2 1 
 38 398 2 2 
 36 402 2 2 
 32 406 2 2 
 45 410 3 3 
 31 416 2 2 
 73 421 3 2 
 61 436 2 3 
 35 453 2 1 
 57 453 1 2 
 32 456 2 2 
 65 468 2 3 
 61 389 2 1 
 49 390 2 2 
 54 391 2 3 
 50 393 2 1 
 46 395 2 2 
 38 398 2 2 
 36 402 2 2 
 32 406 2 2 
 45 410 3 3 
 73 421 3 2 
 61 436 2 3 
 35 453 2 1 
 57 453 1 2 
 32 456 2 2 
 65 468 2 3 
 59 484 2 2 
 60 388 3 2 
 49 390 2 2 
 54 391 1 3 
 50 393 2 1 
 46 395 2 2 
 38 398 2 2 
 36 402 2 2 
 32 406 2 2 
 45 410 3 3 
 31 416 2 2 
 73 421 3 2 
 72 431 2 1 
 72 498 2 2 
 61 436 2 3 
 48 498 1 2 
 56 497 1 2 
 35 453 2 1 
 57 453 1 2 
 32 456 2 2 
 70 489 2 1 
 57 487 2 2 
 65 468 2 3 
 59 484 2 2 
 32 406 2 2 
 45 410 3 3 
 31 416 2 2 
 73 421 3 2 
 57 453 1 2 
 47 505 4 3 
 72 498 2 2 
 32 456 2 2 
 48 498 1 2 
 56 497 1 2 
 65 468 2 3 
 59 484 2 2 
 57 487 2 2 
 70 489 2 1 
 36 521 2 2 
 47 505 4 3 
 71 602 2 1 
 72 629 2 2 
 74 648 2 3 
 72 657 1 2 
 69 657 2 2 
 52 696 2 2 
 69 657 2 2 
 43 737 2 2 
 61 773 2 1 
 47 753 1 2 
 61 773 2 1 
 52 695 2 2 
 52 695 2 2 
 52 695 1 2 
 707 1020 2 3 
 707 1020 2 3 
 49 620 2 1 
 656 61 3 5 
 706 1019 3 4 
 74 624 1 2 
 656 61 3 5 
 706 1019 2 2 
 74 624 1 2 
 656 61 3 3 
 49 620 2 1 
 656 61 3 3 
 656 61 3 3 
 656 61 3 3 
 656 61 3 3 
 656 61 3 3 
 612 1008 3 2 
 613 1009 3 2 
 614 1010 3 2 
 614 1010 3 2 
 615 1011 2 1 
 795 1011 2 1 
 795 1011 2 1 
 666 61 2 1 
 666 61 2 1 
 795 1011 2 1 
 666 61 2 1 
 666 61 2 1 
 666 61 2 1 
 666 61 2 1 
 666 61 2 1 
 666 61 2 1 
 651 64 1 2 
 651 64 1 2 
 651 64 1 2 
 651 64 1 2 
 651 64 1 2 
 72 623 2 2 
 651 64 1 2 
 72 623 2 2 
 651 64 1 2 
 72 623 2 2 
 651 64 1 2 
 70 622 2 1 
 70 622 2 1 
 70 622 2 1 
 70 622 2 1 
 71 624 2 1 
 66 658 1 3 
 706 834 2 2 
