 948 1019 3 3 
 819 1032 2 1 
 801 1048 6 4 
 854 1022 2 2 
 819 1039 3 2 
 820 1031 1 2 
 821 1028 2 2 
 821 1028 1 2 
 820 1031 1 2 
 818 1038 2 1 
 828 1040 2 2 
 818 1038 2 1 
 828 1039 3 3 
 823 1048 2 1 
 792 1063 2 2 
 814 1070 1 2 
 814 1072 1 2 
 1475 581 12 34 
 1037 1062 2 2 
 1482 611 12 32 
 1489 640 9 35 
 1493 674 7 36 
 1494 710 7 38 
 1496 749 8 30 
 1019 1056 1 2 
 1500 776 14 24 
 1509 797 14 24 
 1519 816 13 20 
 1527 831 16 17 
 1539 844 17 14 
 535 36 1 2 
 1552 852 18 12 
 535 36 1 2 
 944 1023 2 3 
 535 36 1 2 
 1020 1066 3 2 
 535 36 1 2 
 1020 1066 3 2 
 532 48 1 2 
 944 1021 3 2 
 532 48 1 2 
 1130 1072 1 2 
 532 48 1 2 
 1130 1072 1 2 
 528 51 2 3 
 1641 830 9 9 
 809 1069 2 2 
 1643 832 9 13 
 786 1065 4 9 
 1645 839 7 13 
 821 1041 5 6 
 1645 846 8 13 
 818 1048 2 2 
 1647 853 7 13 
 794 1057 4 2 
 1648 864 7 14 
 1014 1070 4 2 
 1648 875 7 12 
 1648 883 6 14 
 1647 895 6 12 
 1647 905 5 15 
 1647 917 5 17 
 1646 931 6 17 
 1648 945 9 11 
 1654 952 8 9 
 1659 959 8 9 
 1664 964 7 9 
 1036 1063 2 2 
 1126 1074 5 6 
 1015 1041 2 2 
 1034 1060 2 2 
 1128 1071 1 2 
 1034 1060 2 2 
 1092 1056 1 2 
 993 1021 1 2 
 1698 879 7 7 
 1696 880 7 8 
 1693 886 5 10 
 1689 897 6 13 
 1687 912 4 5 
 993 1021 1 2 
 687 1076 2 2 
 717 1073 2 1 
 717 1073 2 1 
 695 1073 2 2 
 695 1073 2 2 
 687 1076 2 2 
 1091 1055 2 2 
 1091 1055 2 3 
 982 1022 2 2 
 995 1023 3 3 
 993 1017 5 4 
