 1494 875 1 2 
 1496 877 6 4 
 1502 881 4 8 
 1502 893 4 9 
 1500 903 5 7 
 1500 908 5 8 
 1503 916 5 7 
 1506 923 5 7 
 1511 931 8 7 
 1527 939 8 4 
 107 459 3 3 
 106 460 3 3 
 457 907 2 1 
 451 909 8 5 
 456 909 3 2 
 456 909 3 3 
 456 909 3 3 
 456 909 3 3 
 450 910 6 5 
 107 460 2 2 
 457 910 2 2 
 458 904 1 2 
 450 911 2 2 
 450 911 2 2 
 450 911 2 2 
 493 34 6 6 
 493 34 6 6 
 493 34 6 6 
 493 34 6 6 
 493 34 6 6 
 493 34 6 6 
 493 34 6 6 
 493 34 6 6 
 216 678 5 5 
 216 679 3 3 
 214 677 6 6 
 214 677 7 6 
 150 1001 11 8 
 170 996 4 9 
 150 999 11 11 
 214 676 6 6 
 171 1001 2 3 
 520 35 3 4 
 149 997 13 13 
 520 35 3 4 
 145 995 17 15 
 218 676 2 3 
 145 995 21 15 
 520 35 3 4 
 218 676 2 3 
 520 35 3 4 
 145 995 21 14 
 520 35 3 4 
 145 995 21 10 
 520 35 3 4 
 145 996 21 8 
 520 35 3 4 
 150 1002 1 2 
 520 35 3 4 
 159 999 3 4 
 160 1001 1 2 
 166 989 5 3 
 172 1004 1 2 
 217 675 2 2 
 154 1000 6 8 
 217 675 2 1 
 155 1001 6 8 
 168 1003 4 9 
 157 1006 3 3 
 219 677 2 1 
 157 1006 3 3 
 217 675 2 1 
 217 675 2 1 
 217 675 2 1 
 199 648 1 2 
 198 646 2 4 
 197 643 3 9 
