 50 737 1 2 
 59 744 2 1 
 66 695 1 2 
 75 733 1 2 
 50 737 1 2 
 68 739 1 2 
 65 755 2 3 
 75 735 3 2 
 74 751 2 1 
 75 735 3 2 
 74 751 2 1 
 60 752 2 1 
 74 699 3 2 
 78 702 1 2 
 77 725 1 2 
 75 735 3 2 
 74 753 2 2 
 74 750 2 2 
 74 699 3 2 
 78 702 1 2 
 74 754 2 2 
 70 704 2 3 
 75 724 3 2 
 74 750 2 2 
 75 735 3 2 
 51 741 2 2 
 74 699 5 5 
 69 704 3 3 
 75 724 3 2 
 76 735 2 2 
 48 738 2 1 
 65 755 3 4 
 74 754 2 2 
 51 741 2 2 
 60 749 3 2 
 74 699 5 4 
 69 704 3 3 
 76 725 2 1 
 75 736 3 1 
 51 741 2 2 
 60 749 3 2 
 65 756 3 3 
 74 699 3 4 
 70 704 2 3 
 75 724 3 2 
 75 736 3 1 
 51 741 2 2 
 60 749 3 2 
 65 757 3 2 
 69 758 2 1 
 74 699 2 1 
 70 704 2 2 
 76 725 2 1 
 75 736 3 1 
 39 778 1 4 
 69 758 2 1 
 66 757 2 2 
 57 744 1 2 
 60 749 3 2 
 39 779 1 3 
 74 699 2 1 
 70 704 2 2 
 75 736 2 1 
 59 783 2 2 
 66 800 4 3 
 66 787 1 2 
 58 802 3 2 
 70 606 3 2 
 55 176 3 3 
 765 800 4 5 
 55 176 3 3 
 24 495 2 1 
 765 798 2 2 
 55 176 3 3 
 19 485 2 4 
 765 798 2 2 
 38 170 2 2 
 655 964 2 2 
 76 641 4 3 
 38 170 2 2 
 621 991 2 2 
 81 579 1 2 
 38 170 2 2 
 77 577 2 1 
 38 170 2 2 
 616 1002 1 2 
 69 415 2 3 
 56 175 1 2 
 616 1002 2 2 
 56 175 1 2 
 619 993 1 2 
 56 175 1 2 
 616 1002 1 2 
 49 187 2 3 
 615 1002 2 2 
 49 187 2 3 
 615 1002 2 2 
 49 187 2 3 
 615 1002 2 2 
 613 1003 1 2 
 615 1006 3 3 
 605 1021 1 2 
 615 1006 8 5 
 591 1025 4 4 
 591 1023 9 6 
 591 1023 10 6 
 617 1007 8 4 
 79 607 2 1 
 616 1006 5 5 
 64 575 2 2 
 59 543 2 2 
 613 1005 6 3 
 68 473 2 2 
 67 473 3 2 
 63 451 3 2 
 650 81 2 2 
 45 375 2 1 
 616 1021 5 4 
 650 81 2 2 
 706 1031 2 1 
 36 469 2 1 
 719 1034 2 1 
 650 81 2 2 
 60 565 2 2 
 606 1056 2 2 
 650 81 2 2 
 72 630 3 2 
 576 1062 2 3 
 650 81 2 2 
 72 630 3 2 
 650 81 2 2 
 612 1041 4 4 
 48 706 2 1 
 650 81 2 2 
 612 1040 4 5 
 84 715 2 2 
 650 81 2 2 
 612 1039 4 6 
 47 708 2 2 
