 59 584 2 1 
 55 588 2 1 
 66 646 2 2 
 73 648 1 2 
 69 669 2 3 
 80 702 1 2 
 68 658 2 4 
 80 702 1 2 
 77 704 2 2 
 68 657 3 5 
 80 702 1 2 
 77 704 2 2 
 74 721 2 1 
 68 657 3 5 
 80 702 1 2 
 77 704 2 2 
 82 725 2 5 
 85 725 3 5 
 68 657 3 5 
 80 702 1 2 
 77 704 3 4 
 90 722 2 2 
 85 725 3 6 
 80 727 3 3 
 80 726 4 4 
 77 740 3 3 
 75 747 1 2 
 69 751 3 4 
 69 658 1 3 
 77 704 3 4 
 85 725 3 6 
 80 727 3 3 
 80 726 4 4 
 77 740 3 3 
 59 747 3 2 
 75 747 2 3 
 69 751 3 4 
 53 752 1 2 
 77 703 4 5 
 85 725 3 6 
 80 726 4 4 
 77 740 3 5 
 59 747 3 2 
 75 747 2 3 
 69 751 3 4 
 73 755 1 2 
 77 755 4 3 
 77 703 4 5 
 69 719 2 1 
 80 726 4 4 
 83 726 5 5 
 77 740 3 5 
 59 747 3 2 
 70 752 2 3 
 73 755 1 2 
 78 755 3 4 
 49 756 3 2 
 77 704 3 4 
 68 719 3 2 
 76 723 1 2 
 80 726 4 4 
 83 726 5 5 
 77 740 3 4 
 59 747 3 2 
 75 747 1 2 
 70 753 2 2 
 73 755 1 2 
 49 756 3 2 
 77 756 3 2 
 59 758 1 2 
 77 704 3 4 
 68 719 3 2 
 76 723 1 2 
 80 726 4 4 
 83 726 5 5 
 77 740 3 4 
 59 747 3 2 
 75 747 1 2 
 70 753 4 4 
 49 756 3 2 
 77 756 3 3 
 59 758 1 3 
 34 759 2 3 
 77 704 3 4 
 68 719 3 2 
 76 723 1 2 
 80 726 4 4 
 83 726 5 5 
 77 740 3 4 
 59 747 3 2 
 75 747 2 3 
 70 753 4 4 
 49 756 3 2 
 77 756 3 2 
 65 757 4 2 
 33 758 3 4 
 43 760 2 2 
 63 760 3 4 
 77 704 3 4 
 67 718 4 3 
 76 723 1 2 
 80 726 4 4 
 83 726 5 5 
 77 741 3 3 
 59 747 2 1 
 75 747 2 3 
 71 754 3 3 
 49 756 3 2 
 77 756 3 2 
 33 758 3 4 
 40 760 3 4 
 54 760 2 2 
 63 760 3 4 
 54 763 1 2 
 50 763 1 2 
 78 704 2 3 
 78 767 3 6 
 44 767 2 3 
 54 763 1 2 
 50 763 1 2 
 69 719 2 1 
 85 727 2 4 
 63 760 3 4 
 54 760 2 2 
 40 760 4 5 
 74 759 2 2 
 77 741 3 3 
 44 747 2 2 
 33 758 3 4 
 59 747 2 1 
 49 756 3 2 
 77 755 3 3 
 75 747 1 2 
 71 754 3 3 
 69 768 6 11 
 78 767 3 6 
 44 767 2 3 
 64 763 2 1 
 50 763 1 2 
 75 761 2 2 
 63 760 3 2 
 54 760 2 1 
 40 760 4 5 
 78 704 2 2 
 50 756 2 1 
 77 741 3 3 
 59 747 2 1 
 44 748 2 1 
 55 770 4 2 
 44 767 2 3 
 50 763 2 2 
 75 761 2 2 
 54 760 2 2 
 40 760 5 5 
 50 756 2 1 
 77 741 3 3 
 44 748 2 1 
 71 773 2 2 
 49 797 2 2 
 73 776 2 2 
 49 888 2 2 
 64 841 2 2 
 71 826 1 3 
 65 815 2 2 
 651 66 2 2 
 71 826 1 3 
 65 815 2 2 
 23 393 1 2 
 57 417 2 2 
 74 830 1 2 
 74 830 1 2 
 74 661 2 2 
 74 661 2 2 
 73 661 3 2 
 73 661 3 3 
 73 660 3 4 
 73 662 1 2 
 73 662 1 2 
 73 662 1 2 
 73 662 1 2 
 42 738 2 2 
 70 861 2 2 
 43 738 1 2 
 50 693 1 2 
 665 70 2 2 
 63 849 2 2 
 665 70 2 2 
 74 635 2 2 
 665 70 2 2 
 73 634 3 2 
 665 70 2 2 
 54 600 3 2 
 665 70 2 2 
 68 862 4 4 
 665 70 2 2 
 74 875 2 4 
 665 70 2 2 
 68 892 1 2 
 665 70 2 2 
 68 892 1 2 
 93 977 2 1 
 51 599 2 2 
 99 991 1 2 
 39 476 2 2 
 107 987 2 2 
 39 476 2 2 
 70 702 1 2 
 107 987 2 2 
 40 474 2 1 
 74 678 3 3 
 54 195 2 1 
 107 987 2 2 
 0 396 1 4 
 80 763 1 2 
 4 396 2 1 
 64 766 2 4 
 4 396 2 1 
 75 767 1 2 
 73 762 2 2 
 70 617 3 2 
 70 617 3 2 
 70 617 3 2 
 70 617 3 2 
 59 696 1 2 
 46 731 1 2 
 45 732 2 1 
 45 732 2 2 
 45 732 2 2 
 61 837 5 5 
 61 837 5 5 
 64 659 2 2 
 42 725 4 3 
 42 725 4 2 
 42 725 4 3 
 42 725 4 3 
 42 725 4 3 
 42 725 4 3 
 58 802 5 3 
 58 802 5 3 
 58 802 5 3 
 1515 1005 1 2 
 59 760 1 2 
 1515 1005 1 2 
 69 651 1 2 
 45 732 2 1 
 654 61 6 3 
 74 764 2 3 
 655 61 5 3 
 74 764 2 3 
 655 61 5 3 
 47 748 3 3 
 656 61 4 3 
 47 748 3 3 
 657 61 3 3 
 80 756 2 2 
 657 61 3 3 
 59 734 2 2 
 657 61 3 3 
 60 735 2 4 
 1511 1009 2 2 
 657 61 3 3 
 47 748 3 3 
