 1919 620 1 2 
 1918 616 1 2 
 1918 623 2 3 
 1915 622 1 2 
 1918 623 2 3 
 1913 620 1 2 
 1914 622 3 4 
 1918 623 2 4 
 1918 647 2 1 
 1892 653 3 5 
 1919 611 1 2 
 1913 619 1 3 
 1914 622 3 5 
 1918 623 2 4 
 1919 645 1 4 
 1892 653 2 2 
 1902 655 1 2 
 1913 619 1 3 
 1914 622 3 6 
 1918 623 2 4 
 1917 646 3 3 
 1917 645 3 4 
 1891 662 1 2 
 1892 653 2 2 
 1904 656 3 1 
 1902 655 1 2 
 1903 688 2 2 
 1910 705 8 4 
 1910 706 3 3 
 1903 689 2 1 
 1916 706 2 1 
 1910 705 6 4 
 1911 702 3 2 
 1916 706 2 1 
 1910 705 6 4 
 659 69 3 3 
 1910 705 3 4 
 659 69 3 3 
 1910 705 3 4 
 659 69 3 3 
 1910 705 3 4 
 659 69 3 3 
 1915 627 2 2 
 731 184 4 5 
 1915 628 2 1 
 1915 628 2 1 
 61 832 1 2 
 1914 624 2 2 
 1914 623 2 3 
 1914 623 3 3 
 1914 622 3 4 
 62 835 2 2 
 1914 622 3 4 
 1914 622 3 4 
 1914 622 3 4 
 1914 622 2 3 
 1914 622 2 3 
 652 74 2 3 
 652 74 2 3 
 652 74 2 3 
 652 74 2 3 
 652 74 2 3 
 652 74 2 3 
 1514 1001 5 5 
 652 74 2 3 
 1514 1001 5 5 
 652 74 2 3 
 1507 952 8 4 
 1889 663 2 2 
 1507 952 8 5 
 1917 647 2 2 
 1507 952 8 5 
 1895 658 2 1 
 1507 952 8 5 
 1895 658 2 1 
 1507 952 8 5 
 1917 609 3 2 
 1507 952 8 5 
 1895 658 2 1 
 1506 952 8 3 
 1895 658 2 1 
 1512 954 2 1 
 1895 658 2 1 
 1518 1002 2 3 
 1518 1002 2 3 
 1895 658 2 1 
 1334 1002 2 1 
 1363 996 3 2 
 657 62 3 2 
 657 62 3 2 
 658 62 2 2 
 658 62 2 2 
 658 62 2 2 
 658 62 2 2 
 655 64 3 2 
 655 64 3 2 
