 59 781 3 2 
 41 708 2 2 
 77 723 2 2 
 53 562 2 1 
 79 641 2 1 
 55 771 2 3 
 61 688 1 2 
 79 725 1 2 
 49 736 3 3 
 65 753 2 2 
 40 706 2 3 
 49 737 3 2 
 69 788 2 2 
 49 738 2 1 
 34 733 2 1 
 41 737 2 2 
 59 778 2 1 
 64 778 3 1 
 34 733 2 1 
 42 738 2 2 
 49 738 2 1 
 59 778 2 1 
 62 779 2 2 
 71 790 2 3 
 58 780 2 2 
 48 846 2 2 
 69 800 3 2 
 48 846 2 2 
 659 70 4 4 
 77 750 1 2 
 659 70 4 4 
 65 753 2 1 
 659 70 4 4 
 71 724 1 2 
 36 712 2 2 
 36 712 2 2 
 64 778 2 2 
 40 705 2 3 
 40 705 2 3 
 43 711 2 3 
 65 753 2 2 
 42 711 2 3 
 653 74 3 3 
 653 74 2 3 
 653 74 2 3 
 653 74 2 3 
 653 74 2 3 
 653 74 2 3 
 60 784 1 2 
 653 74 2 3 
 66 757 2 2 
 653 74 2 3 
 66 757 2 2 
 84 701 1 2 
 84 701 1 2 
 0 397 2 3 
 84 701 1 2 
 40 727 2 3 
 40 727 2 3 
 40 728 2 2 
 657 61 1 2 
 84 698 2 4 
 657 61 1 2 
 56 734 1 3 
 657 61 1 2 
 657 61 1 2 
 657 61 1 2 
 657 61 1 2 
 85 697 1 2 
 657 61 1 2 
 44 712 1 2 
 657 61 1 2 
 44 712 1 2 
 77 750 1 2 
 34 702 3 4 
 32 475 2 3 
 2 372 2 2 
 82 632 2 2 
 2 372 2 2 
 71 604 1 2 
 2 372 2 2 
 66 751 2 2 
 34 346 2 1 
 66 751 2 2 
 34 346 2 1 
 65 750 3 3 
 34 346 2 1 
 70 846 2 2 
 34 346 2 1 
 70 846 2 3 
 2 308 2 2 
 62 873 2 2 
 55 287 2 2 
 86 685 2 2 
 649 62 3 3 
 102 976 3 3 
 55 287 2 4 
 649 62 3 3 
 99 978 1 2 
 55 288 2 3 
 649 62 3 3 
 55 288 2 3 
 102 976 3 3 
 649 62 3 3 
 55 288 2 3 
 102 976 3 3 
 649 62 3 3 
 2 308 2 2 
 102 976 4 4 
 59 545 1 2 
