 912 1004 13 8 
 886 1005 4 4 
 837 1073 1 2 
 888 1004 6 4 
 871 1010 3 2 
 875 1010 6 3 
 884 1016 3 3 
 891 1003 5 4 
 877 1007 6 6 
 884 1016 6 4 
 895 1017 2 2 
 916 1017 3 5 
 893 1003 4 5 
 880 1006 5 7 
 884 1016 3 3 
 888 1016 2 4 
 895 1017 2 2 
 899 1018 3 2 
 896 1003 3 4 
 883 1005 5 8 
 888 1016 2 4 
 895 1017 2 2 
 900 1018 2 2 
 923 1019 2 2 
 897 1003 3 4 
 888 1017 4 3 
 895 1017 2 2 
 900 1018 2 2 
 924 1019 4 3 
 869 1030 3 2 
 873 1030 2 1 
 897 1003 3 4 
 893 1016 4 3 
 924 1019 5 3 
 916 1026 2 3 
 869 1030 3 2 
 873 1030 2 1 
 910 1031 2 2 
 897 1004 2 3 
 893 1016 4 3 
 924 1019 8 4 
 916 1026 2 3 
 869 1030 3 2 
 873 1030 2 1 
 910 1031 2 2 
 886 1037 1 2 
 897 1004 3 3 
 893 1017 4 2 
 924 1019 8 4 
 916 1026 2 2 
 869 1030 2 1 
 873 1030 2 1 
 916 1034 2 2 
 914 1035 1 2 
 886 1037 1 2 
 884 1039 2 2 
 896 1004 3 3 
 896 1004 4 3 
 894 1006 1 2 
 893 1017 4 2 
 925 1019 7 4 
 916 1026 2 2 
 873 1030 2 1 
 916 1034 2 2 
 914 1035 1 2 
 884 1039 2 2 
 877 1044 4 6 
 873 1067 3 3 
 877 1064 2 1 
 896 1004 4 3 
 891 1012 3 3 
 893 1017 3 2 
 899 1017 2 3 
 925 1019 7 4 
 873 1030 2 1 
 916 1034 2 2 
 914 1035 1 2 
 884 1039 2 2 
 878 1054 2 3 
 876 1052 2 2 
 878 1045 3 3 
 872 1051 1 3 
 896 1004 4 3 
 892 1012 2 3 
 899 1017 2 3 
 925 1019 5 4 
 870 1030 2 1 
 916 1034 2 2 
 914 1035 1 2 
 880 1045 1 2 
 876 1062 3 5 
 876 1052 2 2 
 878 1054 2 3 
 897 1005 3 2 
 892 1007 4 8 
 899 1017 2 3 
 925 1020 4 3 
 916 1034 2 2 
 914 1035 1 2 
 896 1067 2 1 
 876 1062 3 5 
 878 1054 2 3 
 892 1007 5 8 
 878 1054 2 3 
 873 1068 2 2 
 875 1061 4 6 
 896 1067 2 1 
 892 1013 1 2 
 920 1034 2 1 
 875 1063 4 4 
 846 1069 2 3 
 886 1077 2 2 
 818 1074 2 2 
 829 1070 3 5 
 813 1078 2 2 
 815 1073 5 7 
 817 1073 3 3 
 888 1008 3 4 
 886 1008 5 4 
 886 1008 5 4 
 523 35 3 2 
 818 1074 2 2 
 523 35 3 2 
 991 1070 2 2 
 523 35 3 2 
 825 1073 3 3 
 524 36 2 1 
 816 1076 2 1 
 897 1078 3 2 
 524 36 2 1 
 524 36 2 1 
 817 1076 2 1 
 850 1076 3 4 
 524 36 2 1 
 524 36 2 1 
 886 1009 2 1 
 888 1010 1 2 
 880 1014 1 2 
 890 1010 1 2 
 895 1008 2 2 
 890 1009 3 3 
 890 1009 3 3 
 890 1009 3 3 
 877 1015 5 3 
 927 1032 2 1 
 893 1038 3 3 
 917 1030 1 2 
 895 1010 2 2 
 895 1010 2 2 
 895 1010 3 2 
 915 1019 3 1 
 915 1019 3 1 
 1602 757 1 2 
 915 1016 4 6 
 1602 757 1 2 
 916 1018 4 4 
 1602 757 1 2 
 916 1018 4 5 
 1602 757 1 2 
 882 1014 3 2 
 1602 757 1 2 
 880 1014 4 4 
 1602 755 2 2 
 879 1012 4 4 
 879 1012 4 4 
 880 1011 4 5 
 881 1011 5 5 
 883 1011 3 4 
 884 1010 4 6 
 885 1035 2 3 
 1061 1077 3 3 
 884 1010 3 4 
 882 1011 4 4 
 892 1008 4 4 
 892 1008 3 4 
 816 1078 4 2 
 816 1078 4 2 
 816 1078 4 2 
 1066 1074 2 1 
 877 1038 4 8 
 888 1011 3 1 
 886 1043 1 3 
 886 1043 1 3 
 879 1038 2 3 
 877 1043 2 2 
 884 1015 2 1 
 882 1014 2 4 
 881 1014 3 4 
 883 1012 2 4 
 886 1013 2 2 
 879 1037 2 3 
 917 1019 1 2 
 915 1017 4 4 
 913 1017 4 5 
 913 1016 3 5 
 913 1016 3 5 
 886 1016 1 2 
 915 1018 3 3 
 891 1007 2 3 
 879 1012 5 4 
 879 1011 6 5 
 895 1009 3 3 
 895 1009 5 5 
 897 1011 2 2 
 898 1008 4 3 
