 64 740 1 2 
 65 809 1 2 
 71 838 2 3 
 71 838 2 3 
 61 864 1 2 
 71 838 2 3 
 63 866 2 1 
 69 911 2 2 
 62 863 2 2 
 63 866 2 1 
 67 875 2 1 
 60 941 5 4 
 69 911 2 2 
 74 914 1 3 
 71 839 2 2 
 63 866 2 1 
 55 868 2 1 
 67 875 2 1 
 64 943 1 2 
 60 941 3 3 
 57 940 2 3 
 66 889 2 2 
 67 911 4 2 
 72 912 4 5 
 78 929 3 4 
 75 929 2 1 
 71 839 3 2 
 69 856 3 2 
 66 949 2 1 
 63 865 2 2 
 64 943 1 2 
 61 942 2 2 
 55 868 3 2 
 57 940 2 3 
 67 875 2 2 
 67 909 3 4 
 78 930 3 3 
 75 928 2 2 
 72 912 5 5 
 54 959 3 3 
 73 952 2 1 
 65 948 3 2 
 54 945 1 2 
 75 944 1 2 
 61 942 5 4 
 57 940 2 3 
 74 931 2 2 
 78 930 3 3 
 75 928 2 2 
 73 913 4 4 
 67 911 3 2 
 55 868 3 3 
 67 875 2 2 
 65 897 1 2 
 68 890 1 2 
 73 966 3 3 
 64 943 4 7 
 75 968 3 2 
 78 726 2 1 
 46 956 2 2 
 78 726 2 1 
 46 954 2 1 
 78 726 2 1 
 45 953 2 2 
 37 641 3 2 
 63 946 1 2 
 37 641 3 2 
 71 842 2 3 
 78 726 2 2 
 78 726 2 2 
 57 762 4 7 
 57 762 4 5 
 72 631 3 3 
 29 888 1 2 
 661 66 3 3 
 93 972 3 3 
 62 637 1 2 
 659 61 2 2 
 87 986 2 1 
 36 641 2 2 
 659 61 2 2 
 72 978 2 3 
 43 773 3 4 
 659 61 2 2 
 72 976 2 5 
 43 773 3 4 
 659 61 2 2 
 71 976 3 5 
 659 61 2 2 
 72 976 2 5 
 659 61 2 2 
 72 976 2 5 
 659 61 2 2 
 72 976 3 5 
 72 976 3 5 
 69 917 2 2 
 52 933 2 2 
 65 908 5 3 
 65 908 5 3 
 65 908 6 3 
 62 863 2 2 
 62 863 2 1 
 71 852 1 2 
 68 834 2 2 
 71 852 1 2 
 79 949 2 2 
 63 543 2 2 
 31 877 2 2 
 38 338 2 3 
 65 546 2 1 
 52 459 2 1 
 80 953 5 3 
 46 293 2 2 
 80 952 5 4 
 52 459 2 1 
 80 952 5 6 
 647 61 3 3 
 87 972 2 2 
 58 275 1 2 
 647 61 3 3 
 87 972 3 3 
 58 275 1 2 
 647 61 3 3 
 87 972 3 4 
 58 275 1 2 
 647 61 3 3 
 87 972 3 4 
 48 283 1 2 
 647 61 3 3 
 87 972 3 4 
 55 376 4 3 
 647 61 3 3 
 87 972 3 4 
 55 376 4 3 
 83 988 2 3 
 647 61 3 3 
 55 376 4 3 
 78 980 1 2 
 647 61 3 3 
 34 386 1 2 
 78 980 1 2 
 34 386 1 2 
 57 376 2 2 
 89 975 2 2 
 89 975 3 2 
 57 377 2 1 
 89 974 3 3 
 58 376 2 2 
 89 974 3 3 
 58 376 2 2 
 89 974 3 3 
 58 376 2 2 
 69 460 1 2 
 35 504 2 2 
 73 406 1 2 
 73 406 1 2 
 73 406 1 2 
 58 420 2 1 
 58 420 2 1 
 59 463 1 3 
 58 420 2 1 
 662 63 1 2 
 1760 997 2 2 
 662 63 1 2 
 1760 997 2 2 
 48 635 1 2 
 662 63 1 2 
 1760 997 2 2 
 48 635 1 2 
 48 635 1 2 
 48 635 1 2 
 48 635 1 2 
 57 877 2 2 
 57 877 2 2 
