 1241 321 5 3 
 681 853 2 2 
 678 859 7 4 
 678 864 5 7 
 674 843 27 14 
 683 845 3 3 
 673 842 28 14 
 674 843 3 3 
 676 843 4 3 
 683 845 3 3 
 694 850 3 3 
 690 851 3 3 
 697 851 3 4 
 673 842 30 16 
 685 846 3 3 
 697 858 3 1 
 693 858 2 1 
 681 858 4 4 
 675 848 3 3 
 694 850 3 3 
 690 851 3 3 
 697 852 3 3 
 695 854 3 3 
 673 843 30 15 
 679 844 3 3 
 683 846 3 3 
 696 852 3 3 
 695 854 3 3 
 673 843 30 17 
 690 854 2 1 
 689 856 1 2 
 695 859 3 2 
 679 847 3 3 
 674 845 8 5 
 682 847 19 10 
 695 855 2 2 
 701 856 3 4 
 687 860 16 18 
 699 860 2 1 
 676 847 6 3 
 682 848 11 5 
 694 853 3 4 
 690 854 2 1 
 698 854 3 3 
 701 856 3 2 
 702 859 1 2 
 689 863 14 11 
 692 862 2 1 
 685 850 1 3 
 682 851 2 1 
 689 851 2 2 
 690 854 2 1 
 672 865 2 1 
 693 863 10 11 
 701 856 3 3 
 691 861 5 3 
 697 859 3 3 
 668 869 5 10 
 672 865 2 1 
 686 864 17 24 
 700 868 3 3 
 701 856 3 3 
 691 859 11 8 
 693 861 3 3 
 687 876 12 12 
 699 875 3 2 
 689 875 2 3 
 701 871 2 3 
 689 871 2 2 
 686 870 1 2 
 668 869 4 10 
 672 865 2 2 
 704 860 1 2 
 693 859 11 17 
 694 873 3 3 
 698 862 3 4 
 696 862 3 3 
 700 861 3 3 
 703 857 1 2 
 681 851 3 1 
 694 854 2 4 
 686 879 1 2 
 689 874 4 5 
 669 873 3 6 
 695 871 4 5 
 695 872 3 3 
 696 871 3 3 
 689 870 15 18 
 697 878 3 3 
 698 877 3 3 
 696 877 3 3 
 670 870 2 2 
 694 860 10 10 
 699 864 3 4 
 698 862 3 4 
 696 862 3 3 
 700 861 3 3 
 693 854 5 6 
 704 859 2 3 
 689 880 2 2 
 702 872 2 2 
 698 883 6 5 
 695 882 4 2 
 698 883 6 5 
 666 71 2 2 
 1255 1008 4 4 
 1190 665 2 1 
 666 71 2 2 
 1255 1009 4 4 
 1186 664 7 4 
 666 71 2 2 
 1257 1014 5 5 
 1188 664 3 3 
 666 71 2 2 
 1256 1009 2 3 
 1182 664 11 5 
 195 272 8 7 
 1256 1010 1 2 
 1182 664 11 5 
 1257 1018 3 3 
 201 271 3 4 
 1182 665 3 3 
 202 271 2 2 
 1256 1018 2 2 
 1186 665 2 2 
 197 272 6 6 
 1256 1018 2 2 
 1256 1018 2 2 
 1237 313 2 2 
 374 890 3 3 
 1186 665 2 3 
 1234 314 2 1 
 374 890 3 3 
 1234 315 3 2 
 373 899 2 4 
 1234 319 2 2 
 375 890 2 3 
 1183 665 2 2 
 375 890 2 3 
 198 271 5 4 
 1506 828 3 3 
 1507 829 2 2 
 1507 829 2 2 
 1508 829 1 2 
 200 272 2 1 
 700 872 2 2 
 200 272 2 1 
 1488 847 1 3 
 200 272 2 1 
 1475 842 1 2 
 399 16 4 5 
 1258 314 3 5 
 1485 842 2 3 
 400 16 3 3 
 1258 314 3 3 
 1466 835 2 2 
 1258 314 3 3 
 1465 832 2 1 
 1465 832 3 2 
 1258 314 3 3 
 1465 832 3 6 
 1466 832 2 6 
 1467 827 1 2 
 1467 827 1 2 
 1467 827 1 2 
 1467 827 1 2 
 398 15 3 4 
 1286 996 3 2 
 398 15 3 4 
 1467 827 2 3 
 398 15 3 4 
 1287 997 2 1 
 1255 319 2 2 
 396 15 5 5 
 1235 315 2 2 
 677 877 2 2 
 396 15 5 5 
 691 880 2 2 
 1234 315 3 2 
 1234 315 3 2 
 686 876 5 3 
 1234 315 3 2 
 686 876 5 3 
 1858 592 3 3 
 396 14 5 7 
 686 876 5 3 
 1234 315 3 2 
 1858 592 3 3 
 396 14 5 6 
 675 873 2 2 
 1234 315 3 2 
 1858 592 3 3 
 399 14 1 2 
 701 867 3 2 
 1234 315 2 2 
 1858 591 5 4 
 399 14 1 2 
 687 876 4 3 
 1182 664 7 5 
 1241 314 2 2 
 399 14 1 2 
 687 876 4 3 
 1182 665 4 2 
 1241 314 2 2 
 399 14 1 2 
 687 876 4 3 
 1241 314 2 2 
 1858 591 5 4 
 399 14 2 2 
 687 877 4 3 
 1241 314 2 2 
 1858 591 5 4 
 399 14 2 2 
 684 877 2 2 
 1241 314 2 2 
 399 14 2 2 
 677 877 2 2 
 1246 317 3 3 
 677 877 2 2 
 403 16 3 4 
 1247 317 2 1 
 677 877 2 2 
 401 16 5 4 
 1232 326 3 3 
 677 877 2 2 
 401 17 2 1 
 1233 326 2 2 
 677 877 2 2 
 398 15 1 2 
 1233 326 2 3 
 398 15 1 2 
 1235 320 2 1 
 700 865 3 4 
 398 15 2 2 
 1478 825 6 9 
 398 15 1 2 
 1482 829 2 2 
 398 15 1 2 
 1482 829 2 2 
 398 15 2 2 
 1482 829 1 2 
 398 15 2 2 
 1493 835 8 12 
 417 13 1 2 
 1487 836 3 2 
 415 15 3 3 
 1475 841 4 3 
 415 15 3 3 
 1498 837 4 5 
 1246 1012 1 2 
 413 13 6 8 
 413 13 5 8 
 1277 1016 2 1 
 415 15 3 3 
 1273 1017 3 1 
 1284 1021 3 3 
 412 15 5 6 
 194 273 9 7 
 650 62 2 2 
 1269 1017 2 2 
 200 272 3 3 
 1280 1026 2 3 
 412 16 4 3 
 200 272 3 3 
 650 62 2 2 
 1276 1026 6 3 
 202 272 2 2 
 650 62 2 2 
 1271 1027 2 1 
 195 273 8 8 
 650 62 2 2 
 1266 1024 13 4 
 198 273 6 4 
