 834 1007 8 7 
 817 1032 2 1 
 1030 1061 2 3 
 818 1032 1 2 
 1029 1059 3 3 
 836 1008 6 6 
 837 1009 4 5 
 867 1023 3 2 
 818 1031 2 1 
 822 1036 1 2 
 818 1031 2 1 
 822 1036 1 2 
 820 1037 1 2 
 824 1046 2 1 
 812 1071 2 4 
 812 1068 2 2 
 789 1067 4 4 
 823 1048 1 4 
 790 1067 3 4 
 813 1069 2 3 
 842 1012 2 3 
 841 1011 4 4 
 842 1011 3 4 
 843 1013 1 2 
 843 1013 1 2 
 843 1013 1 2 
 843 1013 1 2 
 990 1018 4 8 
 990 1018 4 8 
 990 1018 4 8 
 990 1018 4 8 
 990 1017 4 9 
 990 1017 4 9 
 990 1017 4 8 
 990 1018 3 7 
 820 1031 2 2 
 820 1031 2 2 
 1126 1074 3 2 
 821 1038 2 1 
 823 1035 2 2 
 824 1035 1 2 
 985 1024 2 1 
 814 1070 1 2 
 824 1035 1 2 
 1032 1061 2 3 
 1032 1061 2 3 
 1134 1073 2 2 
 1125 1071 3 4 
 1124 1071 4 4 
 1124 1071 4 4 
 1074 1057 6 5 
 1074 1058 3 4 
 980 1018 4 6 
 980 1018 4 6 
 982 1018 2 5 
 982 1018 1 2 
 944 1019 6 5 
 944 1019 6 4 
 944 1019 6 4 
 944 1020 6 3 
 944 1020 6 3 
 835 1010 2 2 
 1026 1072 8 5 
 941 1019 3 3 
 523 35 2 2 
 1008 1066 1 2 
 867 616 28 9 
 523 35 2 2 
 1007 1066 2 2 
