 45 340 2 1 
 39 344 2 1 
 46 346 1 2 
 52 440 1 2 
 54 440 1 2 
 77 448 2 2 
 64 465 2 2 
 50 638 5 7 
 77 487 2 2 
 63 493 2 2 
 59 635 2 1 
 56 508 2 2 
 35 565 2 2 
 42 564 2 1 
 55 526 1 2 
 66 529 1 2 
 69 531 1 2 
 70 561 1 2 
 48 559 7 4 
 52 557 2 2 
 56 552 2 3 
 58 551 2 2 
 44 544 2 2 
 57 532 2 1 
 62 532 1 2 
 72 532 2 1 
 45 340 2 1 
 39 344 2 1 
 46 346 1 2 
 43 438 1 2 
 52 440 1 2 
 54 440 1 2 
 51 639 4 6 
 59 635 2 1 
 35 565 2 2 
 56 442 2 2 
 77 448 3 2 
 41 562 3 3 
 64 465 2 3 
 70 561 1 2 
 48 559 7 4 
 52 557 2 2 
 56 553 2 2 
 58 551 2 2 
 44 544 2 1 
 79 467 1 2 
 57 541 1 2 
 73 469 2 1 
 77 476 2 2 
 77 487 2 2 
 63 493 2 2 
 72 532 2 1 
 57 532 2 2 
 69 531 1 2 
 66 529 1 2 
 52 528 2 1 
 55 526 1 2 
 55 508 3 2 
 39 344 2 1 
 46 346 1 2 
 41 438 3 5 
 52 440 1 2 
 54 440 1 2 
 56 442 2 2 
 64 465 2 3 
 79 467 1 2 
 41 651 2 1 
 51 639 4 6 
 73 469 2 1 
 59 635 2 1 
 35 565 2 2 
 77 476 2 2 
 41 562 3 3 
 77 487 2 2 
 70 561 1 2 
 48 557 7 6 
 57 553 1 2 
 63 493 2 2 
 55 508 3 2 
 57 541 1 2 
 68 516 1 2 
 55 526 1 2 
 52 528 2 1 
 66 529 1 2 
 69 531 1 2 
 57 532 2 2 
 39 344 2 1 
 57 655 3 3 
 57 655 3 3 
 52 440 1 2 
 54 440 1 2 
 56 442 2 2 
 41 651 2 1 
 51 640 4 5 
 64 466 2 2 
 52 620 2 2 
 35 565 2 2 
 79 467 1 2 
 41 562 3 3 
 73 469 2 1 
 70 561 1 2 
 48 559 6 4 
 77 487 2 2 
 63 493 2 2 
 55 508 3 2 
 44 544 2 1 
 68 516 1 2 
 57 541 1 2 
 55 526 1 2 
 52 528 2 1 
 66 529 1 2 
 57 532 2 2 
 69 531 1 2 
 52 440 1 2 
 54 440 1 2 
 61 656 1 2 
 56 442 2 2 
 57 655 3 3 
 57 655 3 3 
 73 469 2 1 
 77 487 2 2 
 63 493 2 2 
 41 651 2 1 
 51 639 4 6 
 52 620 2 2 
 55 508 3 2 
 34 564 3 3 
 68 516 1 2 
 41 562 1 2 
 52 526 4 3 
 70 561 1 2 
 48 557 6 6 
 66 529 1 2 
 69 531 1 2 
 57 532 2 2 
 62 659 2 1 
 41 651 2 1 
 51 640 4 4 
 51 620 3 2 
 34 564 3 3 
 52 526 4 3 
 69 531 1 2 
 57 532 1 2 
 48 559 6 4 
 63 661 2 2 
 62 659 2 1 
 52 620 2 2 
 41 651 2 1 
 67 706 2 3 
 76 747 3 4 
 52 620 2 2 
 58 770 2 1 
 67 756 3 2 
 67 759 2 1 
 40 816 3 3 
 72 914 1 2 
 73 916 3 3 
 64 971 2 2 
 66 932 1 2 
 64 971 2 2 
 1082 55 4 3 
 1427 258 2 2 
 1732 557 1 2 
 1085 53 1 2 
 1427 258 2 2 
 1732 557 1 2 
 1083 54 4 4 
 1418 260 2 3 
 1744 557 2 2 
 1083 53 3 3 
 1418 260 2 3 
 1744 557 2 2 
 1083 53 3 3 
 1418 260 2 3 
 1742 556 4 2 
 1086 54 3 3 
 816 349 8 4 
 1742 556 3 2 
 1086 54 3 3 
 816 349 3 3 
 1742 556 3 2 
 1074 54 4 8 
 816 349 3 3 
 1742 556 3 2 
 1074 54 3 8 
 1419 258 3 3 
 1742 556 3 2 
 1074 54 3 5 
 1420 258 2 2 
 1742 556 3 2 
 1074 54 3 5 
 1420 258 2 2 
 1747 557 3 2 
 1079 54 5 2 
 1420 258 2 2 
 1747 557 3 2 
 1082 54 2 1 
 1420 258 2 2 
 1386 563 3 1 
 666 63 2 3 
 1077 525 2 2 
 1082 54 2 1 
 938 365 2 2 
 1360 594 2 2 
 1082 54 2 1 
 1360 594 2 2 
 666 63 2 3 
 1077 525 2 2 
 666 63 2 3 
 1077 525 2 2 
 666 63 2 2 
 1077 525 2 2 
 666 63 2 2 
 1067 537 4 2 
 1077 110 2 1 
 1068 538 2 1 
 1068 538 2 1 
 1390 561 2 2 
 816 346 2 2 
 1390 561 2 2 
 1390 561 2 2 
 61 424 2 1 
 67 422 2 2 
 0 1056 5 8 
 8 1071 3 3 
 52 420 2 1 
 8 1076 2 1 
 52 420 2 1 
 52 420 2 1 
 1 1073 3 2 
 52 420 2 1 
 1 1074 2 1 
