 474 1019 2 2 
 469 1038 1 2 
 459 1032 9 32 
 459 1035 8 23 
 478 1035 3 3 
 477 1035 5 5 
 460 1035 7 10 
 478 1038 3 3 
 476 1035 6 6 
 473 1044 6 16 
 460 1035 7 10 
 478 1038 3 3 
 476 1035 6 6 
 459 1046 2 12 
 473 1044 6 16 
 464 1018 1 2 
 458 1034 9 16 
 479 1039 3 3 
 476 1035 6 8 
 473 1047 6 14 
 464 1015 2 7 
 460 1034 7 12 
 477 1036 3 3 
 459 1051 1 2 
 479 1039 3 3 
 458 1047 2 3 
 476 1034 6 10 
 464 1015 2 2 
 464 1018 2 4 
 460 1034 6 12 
 459 1052 1 3 
 475 1049 1 2 
 473 1047 1 7 
 458 1047 2 4 
 477 1046 2 2 
 476 1034 6 10 
 473 1055 4 6 
 458 1047 2 4 
 467 1061 1 2 
 473 1058 3 3 
 459 1056 1 2 
 467 1061 1 2 
 473 1058 3 3 
 451 1062 1 2 
 473 1058 3 3 
 464 1010 2 2 
 464 1010 2 2 
 466 1059 2 3 
 466 1059 2 2 
 466 1059 2 2 
 466 1059 2 2 
 478 1045 3 3 
 465 1006 2 2 
 465 1006 2 2 
 460 1053 2 2 
 460 1043 4 12 
 479 1036 2 1 
 475 1019 2 2 
 475 1018 3 3 
 475 1018 3 3 
 465 1063 4 3 
 463 1035 3 2 
 465 1038 2 2 
 465 1038 2 2 
 465 1038 2 2 
 464 1046 1 2 
 464 1046 1 2 
 465 1038 2 2 
 464 1053 1 4 
 523 38 4 4 
 523 38 4 3 
 463 1028 2 2 
 523 38 4 3 
 466 1035 4 4 
 523 38 4 3 
 466 1037 2 2 
 523 38 4 3 
 466 1037 2 2 
 524 38 3 2 
 467 1035 3 1 
 524 38 3 2 
 468 1035 2 1 
 524 38 3 2 
 468 1035 2 1 
 466 1037 3 3 
 468 1035 1 2 
 465 1049 3 5 
 465 1049 3 5 
 465 1051 2 3 
 465 1051 2 3 
