 1483 410 3 3 
 80 710 2 2 
 25 679 2 2 
 36 639 3 3 
 8 551 4 3 
 40 579 1 2 
 8 551 4 3 
 76 590 3 1 
 8 551 4 3 
 58 587 2 2 
 76 590 3 1 
 72 609 2 1 
 8 551 4 3 
 58 587 2 3 
 76 590 4 2 
 72 609 2 1 
 75 613 4 4 
 84 619 2 3 
 18 533 1 2 
 8 551 1 2 
 10 552 1 2 
 71 583 2 2 
 62 584 2 2 
 58 587 2 3 
 76 590 4 2 
 70 602 2 2 
 52 608 1 2 
 72 609 2 1 
 74 614 3 3 
 74 612 5 5 
 81 612 3 2 
 84 619 2 3 
 84 615 1 2 
 66 644 2 2 
 18 533 1 2 
 62 584 2 2 
 71 584 2 1 
 58 588 2 2 
 78 591 2 1 
 69 595 2 2 
 70 602 2 2 
 52 608 2 2 
 72 609 2 1 
 81 611 3 4 
 74 614 3 3 
 78 628 2 2 
 82 625 1 2 
 65 624 4 5 
 74 612 5 5 
 84 619 3 3 
 71 583 2 2 
 62 584 2 2 
 58 588 2 1 
 78 591 2 1 
 69 595 2 2 
 70 602 2 2 
 52 608 2 2 
 72 609 2 1 
 81 611 3 4 
 66 644 2 2 
 74 614 3 3 
 72 637 2 2 
 78 628 2 2 
 74 612 5 5 
 82 625 1 2 
 65 624 4 5 
 85 621 2 1 
 62 662 1 2 
 75 737 1 3 
 71 731 5 3 
 83 718 5 6 
 80 709 1 2 
 84 688 2 3 
 76 743 2 3 
 72 731 2 1 
 77 727 2 2 
 80 709 1 2 
 83 718 4 6 
 1712 0 3 4 
 78 746 2 2 
 1525 267 3 3 
 57 211 2 2 
 9 445 3 3 
 57 211 2 2 
 9 445 2 2 
 57 211 2 2 
 9 445 1 2 
 57 211 2 2 
 9 445 1 2 
 57 211 2 2 
 57 211 2 2 
 57 211 2 1 
 84 617 1 2 
 67 191 1 2 
 13 482 2 2 
 67 191 1 2 
 1500 858 2 3 
 12 482 3 2 
 67 191 1 2 
 12 481 7 7 
 67 191 1 2 
 1500 859 2 2 
 9 480 2 1 
 59 259 1 3 
 9 480 2 1 
 1713 49 2 1 
 805 361 2 2 
 38 573 3 4 
 1506 260 13 11 
 9 480 2 1 
 1705 42 2 2 
 1797 277 2 2 
 9 480 2 1 
 63 717 2 2 
 1705 42 2 2 
 1507 263 10 7 
 12 481 4 4 
 63 717 2 2 
 1705 42 2 2 
 1507 266 8 5 
 60 782 2 2 
 20 488 3 3 
 655 62 2 2 
 1509 267 5 4 
 1705 43 2 2 
 1510 267 7 4 
 67 644 2 1 
 1705 43 2 3 
 1516 266 1 3 
 67 644 2 1 
 1705 43 2 3 
 1517 261 3 3 
 1705 43 2 3 
 1705 43 2 3 
 1517 261 2 3 
 1705 43 2 3 
 1517 261 2 3 
 1705 43 2 3 
 1517 261 2 3 
 48 740 2 3 
 1705 43 2 3 
 1517 262 6 2 
 47 713 2 3 
 1705 43 2 3 
 1518 259 3 1 
 47 713 2 3 
 1706 45 2 2 
 1517 258 4 2 
 47 713 2 2 
 1732 60 1 2 
 1518 262 3 3 
 64 692 2 3 
 1315 164 3 3 
 64 691 2 4 
 1315 164 3 3 
 64 691 2 4 
 1314 162 6 4 
 12 487 2 2 
 71 748 1 2 
 1314 162 6 4 
 18 553 2 3 
 60 783 2 1 
 1314 162 5 4 
 21 392 2 2 
 53 849 3 3 
 1307 163 6 6 
 21 392 2 2 
 53 849 3 3 
 15 167 2 2 
 53 849 3 3 
 62 246 1 2 
 15 491 2 2 
 1703 44 2 1 
 1512 263 6 4 
 18 553 2 2 
 67 797 2 1 
 1703 44 2 1 
 1793 273 2 2 
 15 491 2 2 
 53 848 2 2 
 1703 44 2 1 
 1793 273 2 2 
 15 491 2 2 
 53 848 2 2 
 1703 44 2 1 
 1793 273 2 2 
 15 491 2 2 
 53 848 2 2 
 667 70 3 3 
 1793 273 2 2 
 61 881 2 4 
 15 491 2 2 
 667 70 3 3 
 1793 273 2 2 
 15 491 2 2 
 61 884 2 1 
 667 70 3 3 
 72 963 2 1 
 1793 273 2 2 
 9 497 2 2 
 667 70 3 3 
 1794 277 3 3 
 9 497 2 2 
 71 962 3 2 
 667 70 3 3 
 32 344 2 3 
 60 965 2 3 
 1712 6 2 3 
 32 344 2 3 
 63 967 2 1 
 1712 6 1 2 
 61 247 2 2 
 9 559 2 1 
 1712 6 1 2 
 61 247 2 2 
 25 502 2 2 
 668 70 2 2 
 25 502 2 2 
 79 965 3 3 
 68 234 1 2 
 25 502 2 2 
 52 255 2 2 
 25 502 2 2 
 79 965 3 3 
 25 502 2 2 
 79 974 2 1 
 1506 264 10 7 
 25 502 2 2 
 79 974 2 1 
 25 502 2 2 
 69 917 3 4 
 1771 279 1 2 
 25 502 2 2 
 67 977 3 3 
 1771 279 1 2 
 25 502 2 2 
 57 907 1 2 
 1795 280 2 3 
 67 633 3 4 
 1709 6 2 2 
 1506 262 10 9 
 67 633 3 4 
 1709 6 2 1 
 1507 263 9 8 
 67 633 3 4 
 1709 6 2 2 
 0 302 2 2 
 67 634 3 3 
 1507 264 9 4 
 86 726 1 2 
 1508 265 3 1 
 67 707 2 1 
 1709 6 2 2 
 1511 267 2 1 
 67 707 2 1 
 1709 6 2 2 
 66 705 3 3 
