 654 85 3 4 
 7 555 2 1 
 52 582 2 1 
 52 582 3 4 
 81 605 2 1 
 76 613 3 2 
 7 555 2 1 
 81 603 2 3 
 37 636 3 4 
 71 584 2 2 
 81 603 2 3 
 84 610 1 2 
 71 643 2 2 
 37 636 3 4 
 67 647 2 2 
 67 644 2 2 
 655 62 2 2 
 655 62 2 2 
 655 62 2 2 
 655 62 2 2 
 49 746 3 4 
 655 62 2 2 
 49 746 3 3 
 655 62 2 2 
 49 746 3 2 
 655 62 2 2 
 69 748 3 5 
 655 62 2 2 
 76 742 2 3 
 49 745 3 3 
 78 696 1 2 
 79 712 5 4 
 79 712 5 4 
 77 683 2 2 
 77 683 2 2 
 77 683 2 2 
 80 712 4 3 
 79 713 5 2 
 79 713 4 2 
 79 721 2 2 
 80 721 1 2 
 665 70 4 2 
 665 70 4 2 
 665 70 4 2 
 665 70 4 2 
 665 70 4 2 
 667 71 2 1 
 667 71 2 1 
 667 71 2 1 
 72 613 2 1 
 72 613 2 1 
 85 689 1 2 
 85 689 1 2 
 85 689 1 2 
 81 677 1 2 
 81 677 1 2 
 81 677 1 2 
 85 689 1 2 
 41 724 2 2 
 69 735 1 2 
 84 722 2 2 
 84 722 2 2 
 84 722 2 2 
 65 804 2 3 
 65 804 2 3 
 65 805 2 2 
 61 808 2 3 
