 56 231 2 2 
 8 254 2 2 
 33 265 1 2 
 31 266 1 2 
 43 266 2 4 
 46 284 2 1 
 59 287 2 2 
 63 288 3 1 
 57 384 1 2 
 38 396 2 1 
 31 398 2 2 
 40 401 3 2 
 32 410 2 1 
 69 421 2 1 
 58 428 2 1 
 61 477 2 2 
 20 301 2 1 
 48 384 2 1 
 56 385 2 2 
 71 413 2 2 
 66 423 2 1 
 56 426 1 2 
 61 477 2 2 
 70 484 2 2 
 36 396 2 1 
 43 401 2 2 
 56 426 3 2 
 61 477 1 2 
 70 484 2 2 
 55 568 2 2 
 5 393 2 2 
 56 472 2 2 
 61 476 1 2 
 62 498 2 2 
 55 566 1 3 
 60 571 2 2 
 35 484 1 2 
 57 564 1 2 
 55 566 1 3 
 51 583 2 2 
 71 614 2 1 
 60 621 2 3 
 35 484 1 2 
 0 556 2 1 
 0 558 1 2 
 9 562 2 2 
 57 564 1 2 
 48 584 2 2 
 50 584 2 3 
 71 613 2 2 
 60 621 2 3 
 73 633 2 3 
 0 554 2 6 
 9 562 2 2 
 48 584 4 3 
 71 613 3 2 
 60 618 1 2 
 73 633 2 3 
 68 643 2 3 
 48 584 2 2 
 50 584 2 3 
 31 585 2 3 
 71 612 2 3 
 60 618 1 2 
 72 638 2 1 
 69 640 1 2 
 68 643 2 3 
 67 647 3 2 
 65 671 3 3 
 77 706 1 2 
 77 693 1 3 
 74 685 2 5 
 72 674 3 1 
 80 734 1 2 
 77 705 4 3 
 74 685 2 5 
 49 754 2 2 
 67 750 1 2 
 76 744 2 2 
 51 733 3 3 
 54 727 2 1 
 77 703 4 5 
 77 693 2 1 
 70 750 1 2 
 67 749 1 2 
 76 744 2 2 
 50 733 2 2 
 68 729 3 3 
 63 721 4 2 
 61 717 2 1 
 41 707 2 2 
 78 703 3 5 
 81 700 2 2 
 17 781 1 2 
 64 748 7 3 
 76 744 2 2 
 69 734 2 2 
 48 734 1 2 
 51 732 3 3 
 68 729 5 5 
 82 727 2 2 
 71 724 2 2 
 84 722 1 2 
 78 722 1 2 
 75 722 2 2 
 63 719 4 3 
 77 718 3 3 
 69 718 2 1 
 41 706 2 3 
 78 703 2 3 
 17 781 2 2 
 79 748 1 2 
 64 747 5 4 
 59 739 2 2 
 70 734 1 2 
 58 733 1 2 
 48 733 1 3 
 50 732 4 3 
 50 732 3 3 
 78 731 2 1 
 68 728 5 6 
 82 727 1 2 
 71 724 2 2 
 75 722 2 2 
 78 721 1 3 
 82 720 2 3 
 77 718 3 2 
 46 716 1 2 
 69 715 3 4 
 69 715 3 3 
 17 781 2 2 
 64 747 8 4 
 77 744 3 5 
 74 743 2 2 
 75 741 2 2 
 48 732 1 4 
 50 730 4 5 
 50 730 3 3 
 68 729 6 5 
 78 728 2 2 
 81 727 2 2 
 71 724 2 2 
 63 719 3 2 
 82 718 3 5 
 75 718 5 6 
 17 781 2 2 
 64 747 8 4 
 77 744 3 5 
 60 741 3 2 
 74 739 4 4 
 48 732 1 3 
 50 730 4 4 
 68 729 6 5 
 69 729 3 3 
 78 728 2 4 
 81 727 2 2 
 74 727 2 3 
 61 727 2 1 
 71 724 2 2 
 75 722 2 2 
 78 720 1 3 
 17 782 3 2 
 64 746 8 4 
 64 746 4 3 
 78 744 1 4 
 60 741 4 2 
 74 739 2 3 
 48 732 1 2 
 50 730 4 4 
 69 729 5 5 
 78 728 2 4 
 81 727 2 1 
 71 724 2 2 
 75 722 2 2 
 16 782 4 2 
 64 746 8 4 
 78 744 1 4 
 60 741 3 2 
 74 739 2 3 
 48 732 1 2 
 71 730 2 2 
 50 730 4 4 
 16 782 2 2 
 70 748 1 2 
 65 746 3 2 
 60 741 2 1 
 48 740 2 1 
 16 782 2 2 
 70 749 2 2 
 76 741 1 2 
 60 741 2 1 
 16 782 2 2 
 77 744 2 3 
 647 63 3 1 
 77 706 2 2 
 27 268 3 1 
 647 63 3 1 
 71 733 2 2 
 27 268 3 1 
 63 188 7 3 
 36 643 2 2 
 5 399 3 2 
 63 188 4 3 
 36 643 2 2 
 6 399 2 2 
 65 189 5 2 
 38 775 2 1 
 6 400 1 2 
 67 189 3 1 
 38 774 2 2 
 66 189 3 3 
 38 774 2 2 
 9 566 1 2 
 59 283 2 2 
 0 562 2 2 
 1529 300 2 3 
 56 548 6 9 
 16 368 1 3 
 63 952 3 3 
 20 282 2 1 
 63 953 3 2 
 60 285 2 2 
 14 521 2 1 
 47 283 2 2 
 79 997 2 2 
 19 516 1 2 
 62 281 2 2 
 19 516 1 2 
 56 195 3 1 
 82 996 4 2 
 0 407 3 3 
 56 195 3 1 
 82 996 4 2 
 0 407 2 3 
 56 195 3 1 
 82 996 4 2 
 0 407 2 3 
 56 195 3 1 
 82 996 4 2 
 0 408 1 2 
 56 195 3 1 
 83 996 3 2 
 56 195 3 1 
 655 65 1 2 
 57 287 3 2 
 648 81 1 2 
 57 287 2 1 
 648 81 1 2 
 56 969 2 2 
 648 81 1 2 
 58 286 5 2 
 648 81 1 2 
 73 417 2 2 
 648 81 1 2 
 46 486 1 2 
 648 81 1 2 
 648 81 1 2 
 68 635 2 1 
 89 967 2 3 
 93 972 2 3 
 54 209 2 1 
 62 218 2 1 
 62 217 2 2 
 30 425 2 2 
 66 189 2 2 
 31 392 2 2 
 68 191 2 2 
 98 984 3 3 
 26 521 3 2 
 67 189 3 1 
 104 985 5 2 
 26 522 4 2 
