 1086 1055 4 5 
 1087 1056 2 1 
 1087 1068 3 2 
 1078 1060 2 4 
 1074 1061 7 13 
 1102 1067 2 2 
 1074 1061 6 15 
 1074 1061 6 15 
 1086 1063 3 3 
 1086 1056 2 2 
 1074 1061 6 15 
 1086 1063 3 2 
 1120 1065 2 1 
 1084 1056 4 4 
 1074 1061 6 15 
 1086 1062 3 3 
 1104 1065 2 2 
 1085 1066 2 1 
 1100 1066 3 3 
 1083 1055 5 5 
 1074 1061 4 5 
 1088 1062 1 2 
 1104 1065 2 2 
 1085 1066 2 1 
 1100 1066 2 3 
 1076 1067 3 3 
 1074 1067 6 9 
 1083 1055 5 5 
 1062 1072 2 2 
 1073 1062 3 5 
 1088 1062 1 2 
 1104 1065 2 2 
 1100 1066 2 3 
 1074 1068 5 7 
 1056 1074 2 3 
 1074 1068 5 7 
 1037 1077 2 3 
 1034 1076 2 1 
 1037 1077 2 3 
 1013 1035 2 2 
 1085 1055 2 1 
 1025 1056 3 2 
 1027 1057 2 2 
 1075 1075 2 1 
 1012 1034 3 3 
 1013 1035 2 2 
 1013 1035 2 2 
 1012 1035 3 4 
 1012 1035 3 4 
 1013 1035 3 3 
 990 1019 3 6 
 990 1019 4 7 
 990 1019 4 7 
 990 1019 4 7 
 990 1019 3 5 
 990 1020 2 3 
 1028 1050 2 2 
 1029 1056 3 3 
 984 1021 1 2 
 984 1020 2 2 
 983 1021 2 2 
 982 1021 3 3 
 1078 1054 4 6 
 1078 1055 4 5 
 979 1019 3 5 
 978 1019 3 6 
 1015 1076 4 4 
 1015 1077 4 3 
 977 1019 2 2 
 1030 1060 2 2 
 1030 1060 3 4 
 1082 1056 1 2 
 1083 1057 2 2 
 1086 1053 3 6 
 984 1021 1 2 
 984 1021 1 2 
 1086 1054 5 5 
 1087 1055 3 3 
 946 1017 3 3 
 943 1017 3 3 
 943 1017 3 3 
 494 33 3 3 
 1091 1055 2 3 
 494 33 3 3 
 1091 1055 2 3 
 494 33 3 3 
 1090 1055 3 3 
 494 33 3 3 
 875 1013 8 10 
 494 33 3 3 
 875 1013 8 10 
 494 33 3 3 
 1012 1037 3 2 
 494 33 3 3 
 1030 1061 2 2 
 494 33 3 3 
 1032 1058 2 2 
 1028 1072 1 2 
 845 1010 4 4 
 844 1008 6 6 
 844 1007 6 7 
 844 1007 6 8 
 844 1010 4 3 
 947 1018 4 2 
 522 35 2 2 
 978 1020 3 5 
 522 35 2 2 
 522 35 2 2 
 522 35 2 2 
 521 35 3 3 
