 790 902 3 2 
 784 906 4 9 
 784 908 3 7 
 784 909 2 3 
 781 914 2 1 
 786 919 2 1 
 783 922 2 2 
 776 928 2 1 
 776 910 4 4 
 776 911 3 3 
 761 928 3 4 
 758 933 3 6 
 755 936 3 2 
 798 914 5 5 
 799 914 4 5 
 798 914 5 5 
 801 914 2 1 
 792 914 2 1 
 787 918 2 2 
 769 926 2 2 
 762 932 5 5 
 767 910 2 3 
 767 910 2 2 
 756 914 6 5 
 754 912 9 7 
 758 911 3 3 
 767 935 7 6 
 764 936 7 5 
 795 902 6 5 
 792 908 3 3 
 792 908 3 3 
 785 926 1 2 
 785 926 1 3 
 763 907 2 2 
 749 923 2 2 
 809 907 3 2 
 809 907 3 2 
 809 907 3 2 
 785 926 1 2 
 785 926 1 2 
 782 930 3 3 
 797 904 2 2 
 800 901 2 1 
 800 901 2 1 
 800 901 2 1 
 800 901 2 1 
 800 901 2 1 
 800 901 2 1 
 800 901 2 1 
 765 911 3 3 
 765 911 3 3 
