 987 1046 2 2 
 1039 1067 5 3 
 1016 1040 2 2 
 1021 1052 3 3 
 1023 1053 2 2 
 1039 1065 4 3 
 1019 1043 2 3 
 987 1046 3 4 
 987 1046 3 4 
 1020 1051 5 4 
 1020 1050 4 3 
 1017 1054 2 1 
 1039 1065 2 3 
 1042 1068 4 3 
 1039 1065 2 3 
 1044 1069 2 2 
 1037 1071 3 2 
 1038 1071 2 1 
 1024 1052 1 2 
 1019 1049 1 2 
 1019 1049 1 2 
 1019 1049 1 2 
 1019 1049 1 2 
 1019 1049 1 2 
 1110 1070 2 2 
 525 34 3 2 
 525 34 3 2 
 525 34 3 2 
 1041 1071 2 3 
 525 34 3 2 
 997 1022 2 2 
 525 34 3 2 
 1068 1072 2 1 
 525 34 3 2 
 1068 1072 2 1 
 525 34 3 2 
 1037 1072 2 2 
 525 34 3 2 
 1032 1075 5 4 
 1068 1072 2 1 
 1040 1068 2 1 
 1041 1068 3 3 
 1036 1064 3 2 
 1039 1066 2 1 
 1039 1066 2 1 
 1037 1064 2 1 
 1039 1066 2 1 
 1039 1066 2 1 
 831 1036 3 2 
 967 1028 2 2 
 967 1028 2 2 
 825 1027 2 1 
 515 34 1 2 
 825 1027 2 2 
 515 34 1 2 
 848 1012 2 3 
 515 34 1 2 
 848 1011 3 4 
 515 34 1 2 
 848 1011 3 4 
 515 34 1 2 
 848 1011 3 4 
 848 1011 3 5 
 848 1011 3 4 
 849 1011 2 4 
 825 1026 4 4 
 823 1026 6 7 
 1278 874 2 2 
 1278 874 2 2 
 1278 874 2 2 
 846 1016 9 10 
 847 1017 7 8 
 848 1019 6 5 
 850 1021 2 2 
 1026 1050 1 2 
 1026 1050 1 2 
 1036 1062 1 2 
 971 1032 5 5 
 889 1015 2 1 
 889 1015 2 1 
 845 1017 3 2 
 845 1017 3 2 
 845 1017 3 2 
 845 1017 2 2 
 845 1017 2 2 
 845 1017 2 2 
 871 1022 3 4 
 890 1017 2 2 
 838 1021 3 3 
 890 1017 2 1 
