 861 1014 3 3 
 960 1017 4 6 
 960 1018 4 5 
 993 1043 3 3 
 981 1032 4 3 
 958 1019 5 4 
 959 1020 6 4 
 960 1019 6 5 
 963 1021 3 3 
 962 1018 5 5 
 970 1024 4 2 
 962 1018 5 5 
 972 1024 2 2 
 945 1029 4 4 
 945 1045 2 3 
 963 1018 4 5 
 972 1024 2 2 
 946 1029 3 4 
 979 1054 2 2 
 963 1018 4 5 
 988 1037 2 1 
 972 1024 2 2 
 997 1067 4 4 
 986 1070 2 1 
 987 1068 2 1 
 986 1070 2 1 
 907 1072 2 2 
 885 1071 4 5 
 885 1070 4 6 
 868 1013 5 5 
 885 1071 3 4 
 868 1014 5 4 
 865 1014 6 4 
 81 455 3 3 
 867 1015 3 1 
 864 1016 2 1 
 862 1013 1 2 
 859 1013 2 2 
 859 1013 2 2 
 522 34 2 1 
 859 1013 2 2 
 522 34 2 1 
 1109 1067 2 2 
 522 34 2 1 
 1112 1062 3 3 
 522 36 1 2 
 1120 1067 2 3 
 522 36 1 2 
 1121 1065 2 4 
 522 36 1 2 
 1122 1071 2 1 
 522 36 1 2 
 825 1007 8 4 
 522 36 1 2 
 825 1008 7 3 
 1124 1068 1 2 
 827 1010 2 1 
 832 1011 3 2 
 832 1010 4 3 
 832 1010 6 3 
 833 1010 5 4 
 832 1010 6 4 
 834 1010 4 4 
 834 1011 5 3 
 834 1011 5 3 
 836 1011 3 3 
 836 1011 3 3 
 836 1011 3 3 
 838 1012 3 3 
 837 1010 5 5 
 838 1011 4 4 
 837 1010 5 5 
 534 42 2 2 
 1008 1068 5 6 
 534 42 2 2 
 1008 1068 6 6 
 534 42 2 2 
 989 1072 2 2 
 534 42 2 2 
 1008 1068 6 5 
 534 42 2 2 
 1008 1068 6 5 
 534 42 2 2 
 1008 1068 5 3 
 534 42 2 2 
 839 1009 3 3 
 534 42 2 2 
 837 1009 5 3 
 837 1009 5 2 
 837 1009 5 2 
 834 1008 6 3 
 837 1009 3 2 
 837 1009 5 3 
 836 1009 2 2 
 879 1016 2 1 
 879 1016 2 1 
 973 1019 3 4 
 875 1016 2 2 
 835 1009 3 3 
 835 1009 3 3 
 835 1010 3 4 
 833 1010 4 3 
 827 1008 2 3 
 827 1009 3 2 
 827 1009 2 2 
 827 1009 2 1 
 827 1008 3 2 
 955 1032 2 2 
 873 1017 1 2 
 832 1010 2 1 
 832 1010 2 1 
 873 1016 3 3 
 873 1016 3 3 
 873 1016 3 3 
 836 1010 2 2 
 836 1010 2 2 
 836 1010 2 2 
