 1035 1062 1 2 
 838 1010 2 1 
 841 1011 2 2 
 828 1042 2 1 
 835 1020 4 5 
 835 1021 4 4 
 834 1022 5 3 
 835 1022 3 3 
 835 1022 4 3 
 828 1040 4 3 
 840 1011 6 2 
 874 1026 3 3 
 828 1040 4 3 
 806 1051 2 2 
 843 1009 3 5 
 830 1040 2 2 
 828 1041 1 2 
 806 1051 2 2 
 809 1053 4 3 
 810 1064 2 3 
 812 1066 3 8 
 810 1065 2 2 
 836 1009 2 1 
 528 38 1 2 
 528 38 1 2 
 528 38 1 2 
 528 38 1 2 
 1021 1060 1 2 
 978 1023 2 1 
 978 1023 2 1 
 1085 1055 2 2 
 521 36 2 2 
 1075 1062 2 1 
 521 36 2 2 
 1075 1061 2 2 
 521 36 2 2 
 521 36 2 2 
 992 1034 2 2 
 521 36 2 2 
 992 1034 2 2 
 521 36 2 2 
 1083 1057 2 2 
 521 36 2 2 
 521 36 2 2 
 1084 1057 1 2 
 1074 1064 2 3 
 1075 1062 2 1 
 519 51 2 1 
 519 51 2 1 
 519 51 2 1 
 522 53 2 2 
 1032 1063 2 1 
 522 53 2 2 
 1031 1066 2 2 
 522 53 2 2 
 1032 1063 3 2 
 522 53 2 2 
 522 53 2 2 
 1006 1070 3 3 
 979 1019 1 2 
 1026 1057 2 1 
