 42 276 3 3 
 42 277 3 2 
 42 277 3 2 
 53 282 3 1 
 42 277 3 3 
 53 282 3 1 
 65 297 2 2 
 43 276 2 4 
 53 282 3 1 
 52 315 2 2 
 43 276 2 4 
 14 307 2 2 
 28 321 2 3 
 43 276 2 4 
 14 307 2 2 
 28 321 2 3 
 8 392 1 2 
 14 307 2 2 
 8 392 1 2 
 4 450 2 2 
 28 322 2 2 
 8 392 1 2 
 20 456 3 4 
 8 392 1 2 
 25 448 1 2 
 20 456 3 4 
 34 511 2 2 
 53 511 1 3 
 8 392 1 2 
 25 448 1 2 
 20 456 3 4 
 35 490 1 2 
 53 511 1 3 
 33 512 3 2 
 8 392 1 2 
 25 448 1 2 
 19 456 3 3 
 30 493 2 1 
 53 511 1 2 
 58 519 1 2 
 8 392 1 2 
 20 456 2 3 
 30 493 2 1 
 41 529 1 2 
 41 424 1 2 
 20 457 2 2 
 35 490 1 2 
 41 529 1 2 
 55 568 2 1 
 68 418 1 2 
 71 448 2 2 
 41 529 1 2 
 58 549 2 3 
 55 568 2 3 
 65 627 2 3 
 68 672 2 2 
 71 444 2 2 
 71 448 2 2 
 73 452 1 2 
 20 456 2 3 
 55 568 2 1 
 64 601 2 1 
 66 609 1 2 
 65 627 3 4 
 69 643 2 1 
 68 672 2 2 
 65 677 1 3 
 20 457 1 2 
 56 485 2 2 
 55 568 2 1 
 58 591 2 1 
 63 600 3 3 
 50 605 2 1 
 65 609 2 2 
 65 626 3 5 
 69 643 2 1 
 65 677 1 3 
 75 690 2 1 
 63 442 2 2 
 20 457 1 2 
 57 480 3 2 
 56 485 2 2 
 55 568 2 2 
 59 591 2 4 
 63 600 4 3 
 51 605 4 3 
 65 609 2 1 
 65 625 3 6 
 69 643 3 3 
 75 654 2 1 
 71 671 3 2 
 71 674 2 1 
 64 678 2 4 
 74 690 3 3 
 82 694 1 2 
 67 705 3 2 
 76 705 2 3 
 4 344 2 1 
 12 397 2 2 
 60 445 1 2 
 57 480 3 2 
 56 485 2 2 
 46 501 2 2 
 59 591 2 4 
 64 601 3 3 
 63 600 4 4 
 50 605 5 3 
 65 609 2 1 
 66 628 3 3 
 65 625 4 6 
 69 643 3 3 
 71 671 3 2 
 71 674 2 1 
 64 678 2 5 
 56 679 1 2 
 79 685 2 2 
 76 692 2 1 
 67 705 3 2 
 76 705 2 3 
 80 710 6 9 
 4 344 2 1 
 12 397 2 2 
 34 408 1 2 
 1 422 1 2 
 70 454 2 1 
 56 573 2 2 
 58 591 3 4 
 63 600 3 5 
 50 605 2 2 
 53 607 2 1 
 65 625 4 6 
 69 643 3 3 
 76 653 1 2 
 73 662 2 1 
 67 663 2 2 
 71 671 3 2 
 71 674 2 1 
 64 678 2 5 
 56 679 1 2 
 79 685 2 2 
 75 690 2 5 
 67 705 2 3 
 76 705 2 3 
 81 713 3 3 
 79 710 7 10 
 57 714 3 4 
 75 714 2 2 
 6 393 1 2 
 11 397 3 2 
 1 409 1 2 
 1 422 1 2 
 55 444 1 2 
 70 454 2 1 
 46 501 2 2 
 53 513 2 2 
 28 515 2 2 
 56 573 2 2 
 56 591 5 5 
 63 600 3 5 
 51 605 4 4 
 67 611 2 1 
 65 625 4 7 
 54 627 2 2 
 69 643 4 3 
 76 653 1 2 
 79 721 2 1 
 71 721 5 11 
 65 721 5 10 
 76 718 2 1 
 74 714 3 2 
 57 714 3 5 
 79 710 7 10 
 81 713 3 3 
 76 656 2 2 
 76 705 3 3 
 73 662 2 1 
 67 705 3 4 
 67 663 2 2 
 80 693 3 4 
 75 690 2 4 
 68 671 6 5 
 56 679 1 2 
 64 681 2 3 
 64 679 2 1 
 21 322 2 2 
 11 397 3 2 
 0 409 2 2 
 0 422 2 2 
 55 444 1 2 
 46 501 2 2 
 53 513 2 2 
 28 515 2 2 
 56 591 5 5 
 62 601 4 4 
 48 605 2 2 
 52 606 3 3 
 73 606 2 2 
 66 611 3 3 
 65 722 11 12 
 65 625 4 7 
 76 718 2 1 
 56 715 4 5 
 74 714 2 2 
 79 711 7 11 
 79 718 3 3 
 81 713 3 3 
 69 643 4 6 
 72 707 1 2 
 74 705 5 4 
 67 705 3 4 
 76 653 1 2 
 79 693 4 4 
 75 690 2 5 
 76 656 2 3 
 66 663 3 2 
 71 671 3 3 
 68 672 4 4 
 64 681 2 3 
 56 679 1 2 
 10 397 3 3 
 37 409 2 2 
 0 422 2 2 
 30 495 2 2 
 46 501 2 2 
 63 507 2 2 
 53 513 2 2 
 56 591 5 5 
 62 601 4 4 
 48 606 2 1 
 73 606 3 2 
 53 607 2 3 
 66 611 3 3 
 66 611 4 3 
 65 627 4 5 
 69 643 4 6 
 71 722 5 12 
 65 722 5 8 
 67 727 3 3 
 76 653 1 2 
 76 656 2 5 
 83 662 2 1 
 57 715 3 5 
 74 714 2 2 
 79 711 7 11 
 79 718 3 3 
 71 671 3 3 
 72 707 1 2 
 74 705 5 4 
 67 705 2 4 
 77 697 2 2 
 79 693 4 4 
 75 691 2 4 
 68 673 5 4 
 75 674 2 1 
 56 679 1 2 
 64 681 2 3 
 81 684 2 2 
 0 345 2 2 
 21 392 2 3 
 10 398 3 2 
 30 495 2 2 
 46 501 2 2 
 31 516 1 2 
 62 568 1 2 
 9 588 2 2 
 56 591 5 5 
 62 601 4 4 
 73 606 3 4 
 53 607 2 3 
 67 611 3 3 
 66 627 3 5 
 70 644 3 7 
 76 653 1 2 
 76 656 2 5 
 83 660 2 4 
 70 661 2 1 
 72 672 2 2 
 68 673 5 4 
 79 729 8 9 
 75 674 3 1 
 83 726 2 1 
 71 724 6 10 
 77 723 2 2 
 65 722 3 8 
 70 721 2 2 
 64 680 2 4 
 57 715 3 5 
 74 714 2 2 
 79 711 7 11 
 79 718 3 3 
 81 684 2 2 
 75 691 2 4 
 75 705 4 4 
 67 705 2 4 
 78 693 5 6 
 21 322 2 2 
 0 345 2 2 
 21 392 3 3 
 10 398 3 2 
 76 455 3 3 
 58 480 3 2 
 30 495 3 3 
 46 501 2 2 
 31 515 2 4 
 62 567 1 3 
 56 591 5 5 
 62 601 6 4 
 52 606 3 4 
 73 606 3 4 
 68 611 2 4 
 66 629 3 3 
 71 644 2 3 
 70 648 3 3 
 76 653 2 6 
 83 660 3 4 
 70 661 2 1 
 68 673 5 4 
 57 730 3 4 
 88 729 2 2 
 78 729 9 9 
 75 674 3 1 
 64 679 2 4 
 81 684 2 2 
 64 723 12 11 
 70 721 2 3 
 75 693 2 2 
 56 716 4 4 
 78 693 6 6 
 79 711 7 11 
 79 718 3 3 
 76 705 3 4 
 67 707 2 3 
 21 322 2 2 
 0 345 2 2 
 21 392 3 4 
 10 398 3 2 
 76 456 2 2 
 58 480 3 2 
 30 495 3 4 
 46 501 1 2 
 31 514 2 5 
 56 591 5 5 
 63 601 4 5 
 52 606 3 4 
 72 606 4 4 
 68 611 2 4 
 66 629 3 3 
 70 646 3 5 
 76 654 3 5 
 83 660 3 4 
 68 673 4 4 
 75 674 3 1 
 65 678 3 4 
 66 731 3 2 
 81 684 2 2 
 75 693 2 2 
 88 729 2 2 
 81 729 6 8 
 67 729 2 1 
 79 695 5 4 
 76 705 3 4 
 70 725 6 9 
 67 707 2 3 
 71 708 2 1 
 64 723 4 5 
 70 721 2 3 
 79 711 7 11 
 56 716 4 4 
 55 255 1 2 
 51 312 2 2 
 21 322 2 2 
 0 345 2 2 
 21 392 3 4 
 11 398 2 1 
 0 417 2 1 
 56 417 2 1 
 30 494 4 5 
 46 501 1 2 
 31 514 2 5 
 10 588 2 1 
 56 591 5 5 
 63 602 4 3 
 72 606 4 4 
 53 608 2 2 
 68 611 2 4 
 66 630 3 3 
 66 629 3 4 
 29 645 1 2 
 70 648 3 3 
 76 655 3 4 
 78 734 3 4 
 83 660 3 4 
 66 731 3 2 
 68 673 4 5 
 88 729 2 2 
 81 729 6 8 
 75 674 3 1 
 83 726 2 1 
 65 679 3 3 
 70 726 6 8 
 80 684 3 4 
 75 693 2 3 
 64 723 4 5 
 70 721 2 3 
 79 695 5 4 
 56 717 4 3 
 80 714 6 8 
 67 707 2 3 
 80 708 1 2 
 71 708 2 2 
 55 255 1 2 
 51 318 2 2 
 21 322 2 2 
 0 345 2 2 
 21 394 3 1 
 43 412 2 2 
 0 417 2 1 
 56 417 2 1 
 73 433 2 2 
 58 459 1 2 
 58 486 2 1 
 30 494 4 5 
 46 501 1 2 
 30 514 3 5 
 48 582 1 2 
 50 591 2 1 
 56 591 3 3 
 59 594 2 2 
 64 603 1 2 
 73 606 3 2 
 53 608 2 2 
 74 609 2 1 
 68 611 2 4 
 66 629 3 4 
 78 735 3 3 
 83 733 4 4 
 66 731 3 2 
 28 645 2 2 
 70 646 3 5 
 81 729 3 4 
 47 729 3 4 
 76 655 3 6 
 70 727 6 7 
 83 660 3 4 
 83 725 2 2 
 77 671 3 2 
 68 673 4 5 
 64 723 4 5 
 70 721 2 3 
 75 674 3 1 
 57 718 2 2 
 80 714 6 8 
 65 680 3 3 
 80 708 1 2 
 80 684 3 4 
 71 708 2 2 
 73 693 4 3 
 67 707 2 3 
 79 695 4 4 
 55 255 1 2 
 24 256 1 2 
 31 273 5 4 
 64 298 2 3 
 0 345 2 2 
 22 394 2 1 
 46 403 2 2 
 43 413 4 2 
 0 417 2 1 
 56 417 2 1 
 73 434 3 1 
 48 435 1 2 
 70 435 2 1 
 44 443 1 2 
 31 447 2 1 
 58 459 1 2 
 27 463 2 2 
 30 494 4 5 
 46 501 1 2 
 30 514 3 5 
 37 517 2 2 
 11 586 2 4 
 50 590 2 3 
 56 591 2 2 
 59 594 2 2 
 73 606 3 2 
 53 608 2 2 
 74 609 2 1 
 68 611 2 4 
 66 630 3 3 
 48 741 3 6 
 80 736 1 2 
 28 645 2 2 
 66 731 3 2 
 71 648 2 3 
 76 655 3 6 
 81 729 5 9 
 68 728 8 6 
 83 660 3 4 
 77 671 3 2 
 68 673 4 5 
 76 674 2 1 
 65 680 3 3 
 64 724 4 4 
 70 721 2 3 
 80 684 3 4 
 56 718 3 2 
 80 716 3 6 
 84 714 2 3 
 73 693 4 3 
 79 695 4 4 
 80 708 1 2 
 67 708 2 2 
 71 708 1 2 
 55 255 1 2 
 24 256 1 2 
 30 274 4 3 
 64 298 2 3 
 59 299 2 2 
 62 299 1 2 
 21 322 2 2 
 0 345 2 2 
 59 393 2 2 
 22 394 2 1 
 52 397 3 2 
 37 404 2 2 
 33 406 4 6 
 49 406 2 2 
 65 407 2 2 
 42 413 2 1 
 0 417 2 1 
 56 417 3 1 
 21 429 2 3 
 57 431 2 2 
 70 435 2 2 
 43 443 4 3 
 74 743 2 2 
 31 447 2 1 
 47 739 4 7 
 55 455 2 1 
 80 736 1 2 
 34 459 3 1 
 66 731 3 2 
 27 463 2 2 
 81 729 3 9 
 88 728 2 3 
 68 728 8 6 
 64 472 2 1 
 58 486 2 1 
 30 494 4 5 
 64 724 3 3 
 70 721 2 3 
 55 510 1 2 
 81 719 1 2 
 56 718 3 2 
 84 715 2 2 
 50 715 2 2 
 80 708 1 2 
 31 514 2 5 
 71 708 1 2 
 67 708 2 2 
 11 586 3 3 
 50 590 2 3 
 73 606 3 2 
 79 695 4 4 
 73 693 4 3 
 68 611 2 2 
 67 630 2 3 
 80 684 3 4 
 65 680 3 2 
 28 645 2 2 
 76 674 2 1 
 68 674 4 5 
 72 648 1 3 
 76 657 3 4 
 83 660 3 4 
 51 230 2 1 
 48 248 2 2 
 15 255 3 2 
 24 256 1 2 
 30 274 4 3 
 54 283 2 2 
 64 298 2 3 
 59 299 2 2 
 62 299 1 2 
 0 346 2 1 
 59 393 2 2 
 52 397 3 2 
 46 399 2 1 
 45 403 3 2 
 32 404 7 8 
 65 407 2 2 
 42 413 2 1 
 45 415 2 1 
 0 417 2 1 
 56 417 3 1 
 40 420 1 2 
 70 428 2 1 
 57 431 2 2 
 70 435 2 2 
 57 439 1 2 
 59 441 2 2 
 44 444 3 2 
 42 744 2 1 
 74 743 2 2 
 31 447 2 2 
 47 739 4 7 
 34 448 1 2 
 55 455 2 1 
 86 734 1 2 
 83 734 1 3 
 76 456 3 2 
 73 731 2 3 
 34 459 5 3 
 81 729 3 4 
 89 727 2 4 
 75 459 3 3 
 65 725 2 2 
 59 461 1 2 
 70 721 2 3 
 27 463 2 2 
 55 467 2 3 
 50 715 2 2 
 64 472 2 1 
 71 708 1 2 
 47 477 3 6 
 79 696 4 4 
 74 693 3 3 
 30 494 4 5 
 81 684 2 4 
 66 680 2 2 
 55 510 1 2 
 76 674 2 1 
 68 674 4 5 
 77 671 3 2 
 31 515 2 4 
 83 660 3 4 
 77 657 2 4 
 11 586 3 4 
 50 590 2 3 
 67 631 2 2 
 28 645 2 2 
 51 230 2 1 
 65 233 2 1 
 55 239 2 2 
 48 248 2 2 
 24 256 1 2 
 61 270 1 2 
 30 274 4 3 
 60 279 2 1 
 54 283 2 2 
 64 298 3 3 
 59 299 2 2 
 62 299 1 2 
 20 308 2 2 
 0 346 2 1 
 52 397 1 2 
 46 399 2 1 
 45 403 3 2 
 37 405 1 5 
 50 407 1 2 
 65 407 2 2 
 32 410 4 2 
 42 413 2 1 
 45 415 2 1 
 75 753 2 2 
 0 417 2 1 
 56 417 1 3 
 40 420 1 2 
 72 426 3 2 
 75 743 1 2 
 70 428 2 1 
 47 739 4 7 
 57 431 2 2 
 78 735 2 3 
 86 734 1 2 
 83 733 1 2 
 38 436 1 2 
 85 731 1 2 
 81 731 2 2 
 68 436 3 3 
 74 730 2 2 
 59 441 1 2 
 89 727 2 4 
 68 725 2 2 
 77 723 2 2 
 44 444 3 2 
 31 447 2 2 
 34 448 1 2 
 50 715 2 2 
 55 455 2 1 
 76 455 3 7 
 34 459 5 3 
 58 460 4 3 
 79 696 4 4 
 74 693 3 3 
 27 463 2 2 
 81 686 2 2 
 54 467 3 3 
 66 680 2 2 
 68 675 4 4 
 64 472 2 1 
 77 671 3 2 
 47 478 3 5 
 31 494 3 5 
 84 660 2 2 
 77 657 2 3 
 55 510 1 2 
 11 586 3 4 
 50 590 2 3 
 58 593 2 1 
 51 230 2 1 
 65 233 2 1 
 48 248 2 2 
 24 256 1 2 
 34 273 2 2 
 30 274 2 1 
 60 279 2 1 
 54 283 3 2 
 64 298 3 3 
 59 299 2 3 
 62 299 1 2 
 14 307 1 2 
 20 308 2 3 
 51 318 2 2 
 59 394 1 2 
 48 395 2 2 
 54 396 1 2 
 52 397 1 2 
 46 399 2 1 
 45 403 3 2 
 37 405 1 5 
 50 407 1 2 
 65 407 2 2 
 31 410 5 2 
 42 413 2 1 
 45 415 2 1 
 0 417 2 1 
 56 417 1 3 
 70 426 3 3 
 71 757 2 2 
 57 431 2 2 
 29 754 2 2 
 75 753 2 2 
 76 433 1 2 
 38 436 1 2 
 68 436 4 3 
 59 441 1 3 
 44 444 3 2 
 47 739 4 7 
 31 447 2 2 
 83 733 3 3 
 72 729 4 4 
 66 729 3 2 
 82 728 3 2 
 89 727 2 3 
 68 725 2 2 
 34 448 1 2 
 55 455 2 1 
 77 723 2 1 
 76 456 3 2 
 50 715 2 2 
 34 459 5 3 
 58 459 4 4 
 76 459 2 3 
 53 461 2 2 
 27 463 2 2 
 79 696 4 3 
 74 693 3 3 
 67 463 1 2 
 81 686 2 2 
 54 467 2 3 
 58 678 1 2 
 70 676 2 3 
 77 671 3 2 
 64 472 2 1 
 47 479 3 4 
 31 494 3 5 
 77 657 2 3 
 55 510 1 2 
 11 586 3 4 
 54 607 1 2 
 50 590 3 2 
 59 593 1 2 
 67 230 1 2 
 65 233 2 1 
 33 239 2 1 
 48 248 2 2 
 24 256 1 2 
 34 273 2 2 
 30 274 2 1 
 55 283 2 2 
 30 284 1 2 
 64 298 3 3 
 59 299 2 3 
 14 307 1 2 
 20 308 2 3 
 11 311 2 2 
 52 315 1 2 
 15 316 1 2 
 51 318 2 2 
 76 760 2 2 
 59 394 1 2 
 71 760 3 4 
 52 760 1 2 
 48 395 2 2 
 72 757 1 2 
 45 403 3 2 
 37 405 1 5 
 29 754 2 2 
 75 752 2 2 
 50 407 1 2 
 65 407 2 2 
 31 410 5 2 
 42 413 2 1 
 45 415 2 1 
 47 739 4 7 
 40 420 1 2 
 67 729 3 2 
 81 728 5 7 
 72 728 4 4 
 89 726 2 3 
 70 426 3 3 
 57 431 2 2 
 65 725 2 1 
 77 722 2 2 
 75 433 2 3 
 50 715 2 2 
 68 434 5 5 
 71 708 1 2 
 56 438 1 2 
 59 441 1 3 
 44 444 3 2 
 79 696 3 3 
 74 693 3 3 
 81 686 2 2 
 31 447 2 2 
 34 448 1 2 
 70 454 1 2 
 55 455 2 1 
 34 459 5 3 
 58 459 4 4 
 53 461 2 2 
 27 463 2 2 
 78 657 1 3 
 54 607 1 2 
 67 463 1 2 
 59 593 2 2 
 50 590 3 2 
 11 586 3 4 
 54 467 2 3 
 64 472 2 1 
 47 479 3 4 
 31 494 3 3 
 31 498 3 1 
 64 298 3 3 
 59 299 2 3 
 14 307 1 2 
 20 308 2 3 
 11 311 3 2 
 43 313 2 2 
 15 316 1 2 
 59 394 1 2 
 48 395 2 2 
 63 763 2 1 
 73 762 1 2 
 45 403 3 2 
 76 760 2 2 
 37 405 1 5 
 71 760 2 1 
 72 757 1 2 
 50 407 1 2 
 65 407 2 2 
 29 754 2 2 
 75 752 2 2 
 31 410 5 2 
 5 414 2 2 
 45 415 3 1 
 40 420 1 2 
 47 739 4 7 
 70 426 3 3 
 68 729 2 1 
 71 727 5 5 
 81 726 5 9 
 82 732 3 3 
 81 731 3 3 
 57 431 2 2 
 75 433 2 3 
 89 724 2 5 
 77 722 3 2 
 50 715 2 2 
 68 434 5 5 
 71 708 1 2 
 56 438 1 2 
 59 441 1 3 
 74 693 3 3 
 81 686 2 2 
 44 444 3 2 
 69 675 2 3 
 31 447 2 2 
 34 448 1 2 
 55 455 2 1 
 34 459 4 3 
 58 459 4 4 
 53 461 2 2 
 64 472 2 1 
 54 607 1 2 
 48 479 2 2 
 59 593 1 2 
 50 590 3 3 
 11 586 3 4 
 32 494 2 5 
 45 501 2 2 
 59 394 1 2 
 68 764 3 2 
 48 395 2 2 
 45 403 3 2 
 72 762 2 4 
 37 405 1 4 
 62 761 2 2 
 40 761 3 2 
 76 760 2 2 
 50 407 1 2 
 34 759 2 1 
 71 757 2 4 
 65 407 2 3 
 76 755 2 1 
 29 754 2 2 
 31 410 5 3 
 5 414 2 2 
 44 414 4 2 
 57 751 2 1 
 40 420 1 2 
 75 742 3 2 
 70 426 3 3 
 57 431 2 2 
 48 739 3 7 
 75 433 2 3 
 68 729 2 1 
 89 726 2 3 
 81 726 4 9 
 72 725 3 7 
 68 434 5 5 
 77 722 3 2 
 66 722 3 4 
 56 438 1 2 
 59 441 1 3 
 44 444 3 2 
 31 447 2 2 
 34 448 1 2 
 70 454 1 2 
 55 455 2 1 
 35 459 3 3 
 59 459 3 4 
 53 461 2 2 
 64 472 5 4 
 69 675 1 2 
 48 479 2 2 
 33 497 2 1 
 45 501 2 2 
 69 513 2 3 
 54 607 1 2 
 59 593 2 2 
 50 590 3 3 
 10 588 2 2 
 31 517 2 2 
 55 265 2 2 
 83 733 3 2 
 69 769 2 1 
 54 769 3 3 
 78 768 4 5 
 66 766 1 2 
 52 765 2 2 
 68 763 3 3 
 68 763 3 3 
 62 761 4 4 
 40 761 4 2 
 77 760 2 2 
 73 760 3 3 
 34 758 2 2 
 77 757 2 2 
 71 756 3 5 
 30 754 2 2 
 57 746 2 4 
 76 742 2 2 
 49 742 2 2 
 83 732 3 3 
 68 728 3 2 
 89 726 2 3 
 83 726 4 6 
 71 725 4 5 
 78 721 2 2 
 72 721 2 2 
 80 717 2 2 
 66 703 1 2 
 54 607 1 2 
 59 593 2 2 
 10 588 2 2 
 67 517 1 2 
 31 517 2 3 
 69 771 5 7 
 55 770 2 2 
 78 769 4 4 
 54 768 1 2 
 66 766 1 2 
 63 765 2 2 
 52 765 2 2 
 68 762 3 4 
 68 763 3 3 
 77 760 2 2 
 62 760 4 5 
 40 760 4 3 
 34 758 2 2 
 77 757 2 2 
 71 756 5 7 
 30 754 2 2 
 75 753 3 1 
 74 748 1 2 
 57 746 2 4 
 76 742 2 2 
 49 742 2 2 
 83 732 3 3 
 74 728 3 2 
 83 726 4 6 
 68 726 2 4 
 72 725 2 2 
 89 723 2 4 
 72 722 2 2 
 78 721 2 2 
 80 716 2 3 
 66 703 1 2 
 64 699 1 2 
 54 607 1 2 
 69 773 2 3 
 70 771 2 2 
 80 770 2 3 
 55 770 3 3 
 77 768 2 3 
 66 766 1 2 
 52 766 3 4 
 68 760 3 6 
 62 760 4 5 
 41 760 3 3 
 34 758 2 2 
 77 757 2 4 
 72 756 4 7 
 30 754 2 2 
 57 748 2 2 
 37 733 2 2 
 69 726 1 2 
 83 725 3 5 
 72 725 2 2 
 89 723 2 2 
 72 722 2 2 
 78 719 2 3 
 66 703 1 2 
 64 699 1 2 
 72 774 1 3 
 80 768 3 5 
 77 768 2 3 
 66 766 2 2 
 53 766 2 4 
 73 764 2 1 
 69 762 3 4 
 74 761 2 1 
 41 760 3 3 
 62 759 4 6 
 34 758 2 2 
 77 757 3 4 
 71 755 3 4 
 30 754 3 2 
 76 750 1 2 
 57 748 2 2 
 37 732 2 3 
 69 726 1 2 
 83 725 3 5 
 73 724 2 4 
 89 723 2 2 
 72 722 2 1 
 78 719 2 2 
 66 703 1 2 
 64 699 1 2 
 58 775 1 3 
 72 774 1 3 
 70 774 1 2 
 64 774 3 2 
 78 771 2 1 
 80 767 3 5 
 65 764 2 3 
 53 764 6 8 
 69 762 3 4 
 73 761 3 2 
 42 760 2 3 
 62 759 4 4 
 77 757 3 4 
 70 755 5 6 
 31 754 3 2 
 67 751 2 2 
 76 750 1 2 
 57 748 3 2 
 37 732 2 3 
 82 724 5 6 
 90 723 1 2 
 73 723 2 3 
 78 718 2 2 
 64 699 1 2 
 61 776 6 3 
 70 772 4 6 
 81 769 1 2 
 79 767 3 2 
 66 766 2 2 
 54 764 4 7 
 73 761 3 1 
 63 759 3 4 
 41 759 3 4 
 77 757 3 3 
 72 756 3 4 
 31 754 3 2 
 76 750 1 2 
 67 750 2 3 
 59 748 1 2 
 83 725 4 5 
 84 726 3 3 
 83 725 3 3 
 72 722 3 4 
 78 718 2 2 
 81 696 1 2 
 64 777 2 2 
 59 776 4 3 
 70 771 5 10 
 78 768 2 1 
 55 768 2 3 
 54 764 1 2 
 64 762 2 2 
 75 761 1 2 
 63 759 2 2 
 41 759 3 4 
 77 757 3 3 
 72 755 3 6 
 32 754 2 2 
 75 750 2 2 
 67 750 2 3 
 59 748 3 3 
 74 724 2 2 
 83 723 4 7 
 84 726 3 3 
 74 713 2 4 
 58 707 3 3 
 81 696 1 2 
 69 674 2 2 
 72 779 2 2 
 60 776 4 3 
 71 774 4 4 
 72 771 1 2 
 65 762 1 2 
 74 759 2 4 
 63 759 2 2 
 41 759 4 4 
 79 758 1 2 
 71 755 3 3 
 67 750 2 3 
 59 747 4 4 
 83 722 4 7 
 61 808 2 1 
 16 797 2 3 
 69 826 2 3 
 66 810 2 2 
 63 828 4 3 
 68 826 4 5 
 63 826 3 1 
 65 822 3 2 
 58 821 1 2 
 62 831 2 2 
 64 828 1 2 
 69 826 5 8 
 63 826 2 1 
 65 822 3 2 
 63 841 1 4 
 62 831 2 2 
 64 828 2 4 
 69 827 6 10 
 63 841 1 4 
 69 828 6 9 
 61 828 5 5 
 63 841 1 4 
 72 834 3 3 
 68 830 4 3 
 60 830 3 3 
 63 843 1 2 
 62 831 3 3 
 74 836 1 3 
 74 837 1 2 
 52 919 3 3 
 77 993 2 4 
 652 62 4 5 
 11 278 2 2 
 54 766 1 2 
 652 62 4 5 
 11 279 2 1 
 41 761 4 5 
 652 63 4 4 
 7 284 2 1 
 54 766 1 2 
 652 63 4 4 
 7 284 2 1 
 54 766 1 2 
 652 63 4 4 
 60 303 4 2 
 89 723 2 1 
 652 63 4 4 
 66 777 1 2 
 20 294 3 3 
 652 63 4 4 
 69 831 3 2 
 9 273 2 2 
 63 832 2 1 
 28 232 1 2 
 52 201 3 2 
 15 797 2 2 
 52 201 3 2 
 15 797 2 2 
 53 201 2 2 
 86 727 2 1 
 53 201 2 2 
 86 725 2 3 
 10 274 2 1 
 56 603 2 3 
 10 274 2 1 
 86 725 2 3 
 10 274 2 1 
 56 604 2 2 
 24 323 2 4 
 77 622 1 2 
 24 323 2 4 
 59 708 2 2 
 24 323 2 4 
 60 810 1 3 
 77 622 1 2 
 24 324 2 2 
 77 622 1 2 
 24 390 1 2 
 77 622 1 2 
 24 390 1 2 
 54 797 2 2 
 5 265 1 2 
 60 705 2 2 
 105 978 2 2 
 4 265 2 2 
 60 705 2 2 
 660 72 2 1 
 1 344 2 1 
 660 72 2 1 
 0 344 3 1 
 660 72 2 1 
 1 344 2 1 
