 1732 937 3 3 
 59 286 5 3 
 51 244 2 2 
 59 287 5 2 
 51 244 2 2 
 59 287 4 2 
 44 299 1 2 
 51 244 2 2 
 59 287 4 2 
 11 303 2 1 
 11 303 2 1 
 43 387 3 1 
 656 73 2 2 
 51 244 2 2 
 30 399 2 2 
 63 456 3 2 
 40 401 2 1 
 56 427 2 1 
 56 417 1 2 
 63 456 3 2 
 56 427 2 1 
 650 62 2 2 
 1735 935 2 3 
 11 303 2 1 
 650 62 2 2 
 1735 935 2 3 
 11 303 2 1 
 1735 935 1 3 
 32 397 1 2 
 1735 935 1 3 
 1735 935 1 3 
 801 359 2 1 
 1735 935 1 3 
 801 359 2 1 
 1735 935 1 2 
 793 364 2 2 
 336 972 2 1 
 59 263 2 1 
 336 972 2 1 
 59 263 2 1 
 748 904 2 2 
 748 904 2 2 
 748 904 2 2 
 727 852 2 2 
 727 852 2 2 
 748 904 2 2 
 748 904 2 2 
 630 196 3 2 
 630 196 3 4 
 601 1020 2 1 
 600 1020 2 2 
 75 435 2 3 
 600 1020 2 2 
 600 1020 2 2 
 76 745 2 2 
 600 1020 2 2 
 51 300 2 2 
 51 300 2 2 
 592 1025 4 3 
 51 300 2 2 
 51 300 1 2 
 17 335 1 2 
 104 981 4 2 
 17 335 1 2 
 17 335 1 2 
 523 1049 2 1 
 852 857 2 1 
 743 841 2 1 
 530 1050 2 1 
 743 841 2 1 
 523 1047 2 3 
 743 841 2 1 
 531 1048 2 2 
 743 841 2 1 
 531 1048 2 2 
 825 850 2 2 
 570 1064 3 2 
 570 1064 3 2 
 760 873 1 2 
 760 873 1 2 
 760 873 1 2 
 760 873 1 2 
 760 873 1 2 
 955 1057 2 2 
 954 1056 3 3 
 953 1056 4 2 
 953 1056 4 3 
 953 1056 4 3 
 953 1056 4 3 
 953 1056 4 3 
 753 868 1 2 
 895 1042 1 2 
 1731 939 2 3 
 915 1077 4 3 
 335 955 5 3 
 336 955 4 3 
 337 955 3 3 
 331 958 3 2 
 343 954 1 2 
 624 65 3 3 
 1079 1057 1 2 
 624 65 3 3 
 1079 1057 1 2 
 624 65 3 3 
 1079 1057 1 2 
 75 694 2 2 
 624 65 3 3 
 1079 1057 1 2 
 75 694 2 2 
 624 65 3 3 
 1079 1057 1 2 
 69 604 1 2 
 624 65 3 3 
 953 1059 3 2 
 69 604 1 2 
 624 65 3 3 
 790 987 3 3 
 69 604 1 2 
