 39 713 2 1 
 39 713 2 1 
 41 715 2 2 
 39 713 2 1 
 41 715 1 2 
 63 733 1 2 
 63 733 1 2 
 49 743 2 2 
 74 757 2 2 
 74 757 2 2 
 62 791 2 2 
 68 797 2 1 
 62 826 2 3 
 60 843 1 2 
 664 63 4 3 
 664 63 4 3 
 664 63 4 3 
 664 63 4 3 
 664 63 4 3 
 664 63 4 3 
 81 645 2 2 
 719 973 2 2 
 37 510 2 2 
 58 555 1 3 
 29 377 1 2 
 53 506 2 3 
 57 469 2 1 
 43 207 2 2 
 92 966 2 1 
 43 206 2 3 
 99 970 2 2 
 0 384 1 2 
 99 970 2 2 
 101 977 2 1 
 62 482 2 2 
 101 977 2 1 
 62 482 2 2 
 53 505 2 4 
 101 977 2 1 
 53 505 2 2 
 95 975 2 1 
 50 511 3 3 
 95 975 2 1 
 59 583 3 2 
 100 970 1 2 
 60 583 2 2 
 95 975 2 1 
 60 583 2 2 
 102 971 2 2 
 102 971 2 2 
 12 448 2 2 
 650 75 2 1 
 650 75 2 1 
 650 75 2 1 
 650 75 2 1 
 650 75 2 1 
 650 75 2 1 
 650 75 2 1 
 650 75 2 1 
 10 561 1 2 
