 54 173 1 2 
 53 186 1 2 
 68 225 2 3 
 32 169 2 2 
 70 199 2 2 
 33 232 2 1 
 22 235 2 2 
 32 167 3 5 
 41 185 3 2 
 70 199 2 3 
 68 201 1 2 
 33 232 2 1 
 22 235 2 2 
 25 237 2 3 
 32 167 4 6 
 57 184 1 2 
 41 185 3 4 
 50 196 2 2 
 69 200 3 3 
 67 200 5 4 
 33 232 2 1 
 45 232 1 2 
 22 235 2 2 
 25 238 4 3 
 18 248 3 4 
 33 169 3 3 
 31 167 5 6 
 57 184 2 3 
 42 186 3 3 
 41 186 4 3 
 71 201 3 3 
 67 199 7 6 
 24 222 1 2 
 28 225 2 2 
 14 232 1 3 
 33 232 2 1 
 45 232 1 2 
 22 235 2 2 
 24 238 4 4 
 18 249 3 3 
 18 248 3 4 
 31 167 5 7 
 57 184 2 4 
 41 186 4 3 
 66 201 8 4 
 20 218 1 2 
 18 222 3 2 
 28 225 2 2 
 9 227 5 5 
 33 232 2 1 
 33 234 4 3 
 22 235 2 2 
 24 238 4 4 
 18 249 3 3 
 18 248 3 4 
 13 250 2 3 
 68 251 3 3 
 31 167 5 7 
 56 184 3 5 
 41 186 4 3 
 67 201 7 4 
 34 204 1 2 
 20 218 1 2 
 18 222 3 2 
 28 225 2 2 
 9 227 5 5 
 14 232 2 3 
 33 232 2 1 
 33 234 4 3 
 22 235 2 2 
 24 238 4 4 
 18 249 3 3 
 18 248 3 5 
 13 250 3 3 
 68 251 3 3 
 62 262 5 4 
 31 167 5 7 
 56 184 3 5 
 41 186 4 4 
 67 202 3 3 
 67 201 7 4 
 20 218 1 2 
 18 221 3 3 
 28 226 2 2 
 10 227 4 5 
 14 232 2 3 
 33 232 2 1 
 33 234 4 3 
 58 235 2 1 
 24 238 4 4 
 13 250 3 3 
 18 250 3 3 
 68 252 3 3 
 62 262 5 4 
 10 267 2 2 
 34 267 2 1 
 16 166 3 2 
 31 167 6 8 
 57 184 2 4 
 41 186 4 4 
 67 202 3 3 
 67 201 8 4 
 34 205 1 2 
 20 218 2 2 
 18 222 2 2 
 28 226 2 2 
 10 227 4 5 
 14 232 2 3 
 33 232 2 1 
 33 234 4 3 
 58 235 2 1 
 24 238 4 4 
 18 249 3 3 
 18 249 3 4 
 13 250 2 3 
 68 252 3 3 
 62 263 5 3 
 10 267 2 2 
 22 284 2 3 
 16 167 2 1 
 31 167 6 8 
 57 184 2 4 
 41 186 4 4 
 67 201 7 4 
 20 218 2 2 
 18 222 2 2 
 28 226 1 2 
 10 227 4 5 
 14 232 2 3 
 33 232 2 1 
 33 234 4 3 
 59 234 1 2 
 24 238 4 4 
 18 249 3 3 
 18 248 3 5 
 13 250 3 3 
 68 252 3 2 
 62 263 5 3 
 10 267 2 2 
 22 284 2 3 
 63 289 3 3 
 16 167 2 1 
 31 169 3 3 
 31 167 5 6 
 42 186 2 3 
 58 186 1 2 
 67 202 2 1 
 70 202 2 2 
 20 218 1 2 
 14 231 2 4 
 34 234 2 1 
 58 234 2 2 
 24 238 4 3 
 13 250 2 3 
 18 250 3 2 
 69 252 2 2 
 62 263 5 3 
 10 267 2 2 
 22 284 2 3 
 62 291 2 1 
 69 200 3 4 
 20 218 1 2 
 14 231 2 2 
 59 234 1 2 
 13 250 1 3 
 19 250 2 2 
 69 252 2 2 
 36 261 2 1 
 62 263 5 3 
 10 267 2 2 
 22 284 2 3 
 37 296 1 2 
 37 296 1 2 
 68 380 4 5 
 67 379 3 3 
 66 379 5 5 
 60 397 4 5 
 39 339 1 2 
 68 381 3 4 
 60 397 4 5 
 76 415 3 3 
 76 415 7 5 
 68 384 4 4 
 61 398 3 4 
 77 415 5 6 
 59 465 2 4 
 59 467 2 2 
 77 557 2 3 
 70 561 12 15 
 71 559 12 16 
 69 560 2 3 
 69 565 1 2 
 68 559 1 2 
 71 559 12 16 
 69 560 2 3 
 69 565 1 2 
 71 571 2 1 
 34 488 2 2 
 68 559 1 2 
 74 564 4 5 
 71 559 12 16 
 69 560 2 3 
 69 565 1 2 
 71 571 2 1 
 80 582 1 5 
 82 583 3 3 
 68 559 1 2 
 74 564 4 5 
 71 559 11 14 
 69 560 2 3 
 69 565 1 2 
 71 571 2 1 
 83 583 3 3 
 88 585 3 3 
 80 582 13 14 
 69 560 2 3 
 71 562 11 11 
 69 565 1 2 
 71 571 2 1 
 80 581 1 5 
 88 585 3 3 
 83 587 3 4 
 85 587 4 4 
 82 584 12 11 
 73 564 2 4 
 69 565 1 2 
 76 567 6 6 
 71 571 2 1 
 80 583 1 3 
 82 586 3 3 
 84 589 3 3 
 84 592 3 3 
 83 589 6 8 
 64 553 3 4 
 71 571 2 1 
 79 592 3 2 
 87 595 2 1 
 90 595 4 5 
 85 597 4 4 
 87 601 2 2 
 92 606 2 3 
 90 613 6 7 
 79 626 3 8 
 80 638 3 7 
 79 629 5 16 
 88 614 3 3 
 92 620 3 3 
 88 614 7 9 
 653 63 3 2 
 430 1067 3 4 
 68 539 1 2 
 653 63 3 2 
 430 1067 3 4 
 66 555 1 2 
 653 63 3 2 
 430 1067 3 3 
 85 599 1 2 
 431 1067 2 3 
 653 63 3 2 
 37 495 2 3 
 1320 967 10 8 
 23 314 2 1 
 86 621 2 2 
 40 184 2 1 
 430 1065 1 2 
 69 589 2 2 
 33 169 2 1 
 781 972 5 2 
 81 622 2 2 
 11 257 1 2 
 1096 1062 1 2 
 40 484 2 2 
 62 293 3 2 
 1096 1062 1 2 
 1469 623 2 2 
 39 198 2 2 
 1096 1061 2 3 
 1469 623 2 2 
 37 197 4 3 
 78 435 1 2 
 1082 1053 2 1 
 1479 641 2 4 
 37 195 3 4 
 1468 623 3 2 
 1082 1053 2 1 
 38 171 2 1 
 1468 623 2 1 
 1095 1061 3 3 
 38 171 2 1 
 1095 1061 3 3 
 1479 642 2 3 
 38 171 2 1 
 1479 642 2 3 
 1083 1055 2 2 
 38 171 2 1 
 1479 643 2 2 
 1323 968 3 4 
 37 194 2 2 
 520 950 3 4 
 37 194 2 2 
 1083 1055 2 2 
 37 194 2 2 
 1083 1055 2 2 
 659 82 2 1 
 85 953 4 4 
 659 82 2 1 
 84 953 5 4 
 659 82 2 1 
 84 953 5 4 
 659 82 2 1 
 84 953 5 5 
 659 82 2 1 
 84 953 5 4 
 659 82 2 1 
 84 953 5 4 
 659 82 2 1 
 659 82 2 1 
 40 402 2 2 
 23 314 2 1 
 1321 967 9 10 
 63 576 2 2 
 23 314 2 2 
 90 958 3 3 
 0 339 2 4 
 91 959 2 2 
 48 195 1 3 
 48 196 1 2 
 23 314 2 1 
 39 198 1 2 
 69 508 1 2 
 3 340 2 1 
 69 586 2 3 
 52 588 4 6 
 57 588 3 1 
 57 588 3 1 
 1473 647 4 7 
 1473 647 4 8 
 1473 647 4 9 
 1482 644 2 2 
 1479 642 2 2 
 1479 642 2 2 
 1479 642 2 2 
 502 947 2 2 
 1482 643 2 3 
 502 947 2 2 
 1482 643 2 3 
 1482 643 2 3 
 1471 643 3 3 
 1480 643 3 3 
 1480 643 3 3 
 1470 644 3 3 
 520 945 3 3 
 1470 645 1 2 
 522 947 1 2 
 639 62 4 3 
 524 948 4 4 
 1479 646 2 3 
 639 62 4 2 
 1479 647 2 2 
 639 62 4 2 
 606 1027 1 2 
 1479 647 2 2 
 639 62 4 2 
 1488 968 2 5 
 639 62 4 2 
 523 948 3 4 
