 10 448 3 3 
 10 448 3 3 
 46 504 2 2 
 50 563 2 2 
 46 504 2 2 
 51 563 1 2 
 57 596 2 1 
 51 563 1 2 
 67 600 2 2 
 80 626 2 2 
 67 698 2 1 
 74 629 2 2 
 74 629 2 2 
 65 631 2 3 
 80 626 2 2 
 74 629 2 2 
 65 631 2 3 
 67 698 4 2 
 65 632 1 2 
 64 682 2 2 
 67 698 4 2 
 82 707 2 2 
 64 682 2 2 
 68 698 3 2 
 83 712 2 2 
 83 707 1 2 
 68 744 1 2 
 61 760 2 2 
 40 745 3 4 
 61 760 2 2 
 55 737 2 2 
 74 629 2 2 
 72 629 4 3 
 72 629 3 3 
 72 629 3 3 
 72 628 1 2 
 647 61 2 2 
 74 630 1 2 
 648 61 1 2 
 72 628 1 2 
 648 61 1 2 
 72 628 1 2 
 648 61 1 2 
 648 61 1 2 
 648 61 1 2 
 648 61 1 2 
 648 61 1 2 
 67 745 2 1 
 84 707 2 2 
 78 693 1 2 
 84 707 2 2 
 84 707 2 2 
 84 707 2 2 
 325 1045 1 2 
 27 371 1 2 
 84 707 2 2 
 60 291 2 1 
 60 291 2 1 
 60 291 2 1 
 59 265 2 2 
 43 225 2 2 
 79 680 2 2 
 43 225 2 2 
 75 744 2 2 
 35 272 1 2 
 75 744 2 2 
 43 218 2 2 
 75 744 2 2 
 52 198 2 1 
 52 198 2 1 
 18 471 2 2 
 43 225 2 1 
 74 760 2 2 
 58 208 2 2 
 30 742 2 2 
 58 263 2 1 
 30 742 2 2 
 50 262 1 2 
 18 471 2 2 
 41 227 2 2 
 41 227 2 2 
 41 227 2 2 
 310 1001 3 2 
 74 760 2 2 
 41 227 2 2 
 617 997 3 6 
 41 227 2 2 
 63 237 1 2 
 616 997 4 6 
 63 237 1 2 
 618 997 2 3 
 1434 858 3 2 
 1434 858 3 2 
 1434 858 3 2 
 1434 858 3 2 
 46 393 1 2 
 1434 858 3 3 
 9 297 2 2 
 51 198 2 2 
 666 63 2 3 
 42 753 2 1 
 666 63 2 3 
 42 753 2 1 
 666 63 2 3 
 42 753 3 2 
 666 63 2 3 
 42 753 3 2 
 666 63 2 3 
 60 763 1 2 
 666 63 2 3 
 71 752 2 1 
 666 63 2 3 
 67 603 2 2 
