 246 129 6 16 
 259 168 1 3 
 253 156 5 7 
 261 187 3 4 
 260 202 4 21 
 260 227 2 12 
 260 256 8 16 
 268 274 11 15 
 278 290 10 17 
 287 309 9 21 
 293 332 7 18 
 298 351 5 19 
 301 373 6 22 
 306 400 7 23 
 310 425 6 24 
 315 457 10 25 
 325 487 15 26 
 343 520 13 24 
 355 547 15 29 
 369 577 14 31 
 380 608 11 31 
 407 697 1 2 
 401 684 3 4 
 404 690 2 3 
 399 679 5 10 
 415 721 5 8 
 412 713 3 6 
 435 763 12 20 
 471 819 17 29 
 504 885 6 9 
 511 898 5 10 
 529 943 9 18 
 563 1026 2 3 
 578 1056 9 15 
 524 53 3 2 
 524 53 3 2 
 528 58 5 6 
 524 53 3 2 
 528 59 5 5 
 530 59 3 4 
 530 59 3 4 
 524 53 3 2 
