 302 49 3 2 
 300 53 4 2 
 289 67 5 6 
 281 74 6 5 
 275 81 4 6 
 257 106 2 3 
 246 114 8 10 
 233 139 3 4 
 224 156 1 3 
 215 164 6 11 
 208 176 7 12 
 203 193 3 5 
 196 206 3 3 
 182 224 7 13 
 178 241 4 5 
 173 249 5 7 
 167 259 7 13 
 161 273 8 14 
 152 304 5 8 
 148 313 6 9 
 534 36 3 2 
 1058 1074 2 2 
 144 322 6 10 
 534 36 3 2 
 1058 1074 2 2 
 142 330 5 9 
 804 1069 2 2 
 141 339 4 9 
 142 347 6 7 
 997 1031 1 2 
 143 350 8 10 
 997 1031 1 2 
 148 354 8 8 
 1028 1034 3 2 
 153 357 10 7 
 161 359 10 8 
 167 362 10 10 
 176 368 9 9 
 182 374 11 9 
 191 378 10 11 
 197 382 12 10 
 206 388 12 10 
 214 393 13 12 
 224 400 11 12 
 235 413 10 12 
 244 427 11 16 
 254 444 11 17 
 263 460 12 18 
 274 475 14 20 
 290 496 10 10 
 302 508 13 11 
 315 520 11 12 
 326 530 12 16 
 335 543 12 15 
 347 557 12 12 
 356 568 3 3 
 366 580 10 15 
 375 595 10 15 
 383 608 3 3 
 393 624 9 12 
 402 638 6 7 
 411 650 2 2 
 426 673 4 5 
 429 680 10 14 
 439 694 12 18 
 448 710 12 18 
 458 727 12 21 
 471 750 8 14 
 481 769 12 15 
 491 783 12 16 
 504 800 12 15 
 1249 251 3 3 
 516 816 12 12 
 528 826 16 13 
 544 835 16 12 
 558 843 16 13 
 573 852 15 13 
 593 869 5 3 
 602 877 4 3 
 619 887 4 4 
 629 896 2 1 
 641 907 8 9 
 651 920 7 7 
 659 929 7 7 
 670 941 3 2 
 674 944 6 9 
 681 955 4 3 
 1057 1073 2 2 
 702 953 8 6 
 707 954 6 6 
 709 956 7 5 
 1056 1072 4 8 
 1058 1075 2 4 
 1057 1073 2 2 
 1057 1073 2 2 
 1036 1060 2 3 
 499 35 2 1 
 1056 1072 4 8 
 499 35 2 1 
 1055 1072 1 2 
 499 35 2 1 
 1036 1060 3 4 
 499 35 2 1 
 1036 1061 1 3 
 495 43 3 4 
 1055 1075 3 3 
 1056 1076 2 4 
 495 43 3 4 
 1056 1073 3 7 
 495 43 3 4 
