 999 1023 2 3 
 996 1031 2 2 
 997 1021 4 5 
 998 1023 3 3 
 1032 1054 2 2 
 995 1029 3 4 
 996 1020 5 6 
 998 1023 3 3 
 996 1023 3 3 
 1019 1056 6 4 
 1028 1053 7 4 
 993 1033 2 3 
 994 1029 4 4 
 994 1019 6 7 
 1030 1059 9 5 
 1019 1056 5 4 
 1028 1052 7 5 
 1017 1043 2 1 
 993 1029 5 7 
 993 1019 7 7 
 1029 1059 9 5 
 1029 1060 3 3 
 1019 1056 5 4 
 1027 1052 8 5 
 1015 1042 6 4 
 992 1018 7 8 
 992 1029 5 8 
 1032 1063 12 7 
 1028 1058 7 5 
 1029 1060 3 3 
 1019 1056 5 4 
 1027 1051 7 5 
 1027 1053 3 3 
 1014 1042 7 3 
 1003 1041 3 2 
 992 1018 6 9 
 991 1029 6 9 
 991 1034 3 3 
 992 1032 3 4 
 993 1031 3 3 
 969 1029 2 1 
 992 1018 6 9 
 1024 1063 20 9 
 1039 1065 3 4 
 962 1025 2 4 
 1026 1058 7 5 
 1029 1060 3 3 
 969 1028 2 2 
 1019 1056 5 4 
 992 1032 3 4 
 1026 1051 8 6 
 1027 1053 3 3 
 991 1034 3 3 
 991 1029 6 9 
 1014 1042 7 3 
 1015 1036 5 3 
 1002 1040 4 3 
 991 1018 7 9 
 961 1024 3 5 
 1022 1063 22 9 
 1034 1066 3 3 
 1039 1065 3 4 
 1026 1058 6 5 
 1019 1056 5 4 
 1010 1055 2 2 
 968 1027 2 3 
 992 1032 3 4 
 991 1034 3 3 
 1026 1051 8 6 
 1027 1053 3 3 
 991 1029 6 9 
 1013 1036 7 4 
 1002 1040 4 3 
 1014 1042 7 3 
 1009 1070 4 3 
 991 1018 6 9 
 1022 1063 22 9 
 1039 1065 3 4 
 1019 1056 5 4 
 1010 1055 2 2 
 991 1032 4 5 
 993 1034 3 3 
 991 1029 6 9 
 1026 1051 8 12 
 1027 1059 3 3 
 1027 1053 3 3 
 1017 1049 2 1 
 1013 1036 7 4 
 1014 1041 7 4 
 1002 1040 4 4 
 1026 1073 2 2 
 1022 1078 3 2 
 1029 1074 3 3 
 1022 1078 3 2 
 1038 1079 2 1 
 845 1009 3 3 
 845 1009 3 3 
 844 1009 3 3 
 838 1007 7 8 
 839 1008 8 5 
 843 1012 3 2 
 879 1018 3 4 
 879 1018 3 4 
 879 1018 3 4 
 879 1018 3 4 
 879 1018 3 4 
 879 1018 3 4 
 880 1018 2 3 
 880 1018 2 3 
 836 1019 3 3 
 836 1019 6 5 
 989 1018 2 2 
 989 1018 2 2 
 1133 1075 2 2 
 989 1020 3 3 
 990 1018 3 8 
 989 1018 4 8 
 1133 1076 2 1 
 989 1018 5 8 
 991 1019 3 3 
 991 1019 4 7 
 1026 1072 2 3 
 1026 1072 2 3 
 990 1019 4 6 
 1026 1073 2 2 
 533 48 1 2 
 1026 1073 2 2 
 533 48 1 2 
 1026 1073 2 2 
 533 48 1 2 
 1017 1072 2 1 
 533 48 1 2 
 1128 1076 2 4 
 533 48 1 2 
 1082 1070 2 2 
 522 52 2 2 
 1082 1070 2 2 
 522 52 2 2 
 1047 1073 1 2 
 522 52 2 2 
 1047 1073 1 2 
 1044 1077 2 2 
 992 1021 2 3 
 992 1021 2 3 
 1015 1041 2 2 
 1015 1041 2 2 
 823 1028 1 2 
 878 1020 2 3 
 878 1020 3 3 
 877 1018 4 6 
