 41 919 2 2 
 82 969 2 2 
 96 979 2 2 
 95 982 2 2 
 100 982 11 5 
 52 967 2 2 
 69 968 2 2 
 69 968 2 2 
 96 979 2 2 
 69 968 2 2 
 96 979 2 2 
 95 982 16 9 
 69 968 2 2 
 95 982 16 7 
 101 988 2 3 
 69 968 2 2 
 105 982 2 1 
 95 992 1 2 
 101 988 2 3 
 95 983 16 6 
 88 993 3 2 
 120 1016 2 2 
 88 994 3 1 
 120 1016 2 2 
 667 63 2 3 
 667 63 2 3 
 667 63 2 3 
 86 1003 2 3 
 667 63 2 3 
 316 1043 4 3 
 667 63 2 3 
 667 63 2 3 
 318 1043 2 3 
 326 1045 2 2 
 654 389 9 7 
 319 1044 1 2 
 657 389 6 5 
 659 389 4 3 
 319 1044 1 2 
 1539 843 5 3 
 319 1044 1 2 
 1542 843 2 2 
 319 1044 1 2 
 319 1044 1 2 
 319 1044 1 2 
 326 1046 2 3 
 661 389 4 4 
 1539 845 3 3 
 329 1036 2 2 
 661 390 4 3 
 326 1051 3 2 
 752 798 2 2 
 752 797 2 3 
 752 797 1 3 
 752 798 1 2 
 752 798 1 2 
 752 798 1 2 
 318 1028 2 2 
 318 1028 2 2 
 303 1054 3 2 
 305 1055 1 2 
 307 1056 1 2 
 318 1027 2 3 
 330 1054 2 1 
 96 983 2 2 
 101 983 9 6 
 97 984 2 3 
 97 984 14 6 
 69 969 2 2 
 69 969 2 2 
 69 969 2 2 
 69 969 2 2 
 69 969 2 2 
 69 969 2 2 
 69 969 2 2 
 666 74 2 2 
 326 1044 1 2 
 650 75 3 2 
 69 970 2 1 
 90 978 1 2 
 321 1044 3 2 
 322 1045 2 1 
 326 1039 1 2 
 325 1038 2 3 
 325 1038 2 2 
 326 1043 2 2 
 299 1057 2 4 
 299 1057 2 4 
 299 1057 2 2 
 299 1057 2 2 
