 828 1002 13 13 
 827 1004 12 11 
 826 1006 11 10 
 829 1010 4 3 
 825 1010 9 11 
 872 1011 7 7 
 872 1012 6 6 
 837 1016 2 2 
 824 1019 12 7 
 840 1016 3 3 
 840 1015 3 4 
 830 1021 3 3 
 824 1019 12 7 
 1028 1074 3 3 
 1062 1073 2 2 
 840 1015 3 4 
 824 1019 10 6 
 822 1028 2 1 
 832 1030 2 2 
 840 1015 2 2 
 824 1020 9 5 
 822 1028 2 2 
 828 1041 2 1 
 824 1020 7 5 
 828 1040 2 2 
 825 1052 1 2 
 802 1057 3 1 
 837 1016 2 2 
 840 1016 2 2 
 829 1020 2 2 
 822 1034 2 2 
 828 1040 2 2 
 823 1046 2 2 
 824 1052 2 3 
 802 1057 3 1 
 800 1059 3 1 
 837 1016 4 3 
 828 1022 2 1 
 819 1033 2 2 
 822 1034 3 2 
 830 1038 2 2 
 822 1047 4 7 
 819 1054 2 2 
 801 1057 4 1 
 800 1059 4 1 
 788 1064 9 15 
 834 1016 7 4 
 828 1022 2 2 
 819 1033 2 1 
 822 1035 1 2 
 823 1047 2 3 
 821 1052 3 2 
 820 1055 2 1 
 798 1059 4 1 
 792 1064 5 7 
 741 1070 3 4 
 834 1016 4 4 
 819 1033 2 1 
 822 1035 1 2 
 823 1047 2 3 
 821 1052 3 2 
 798 1058 4 2 
 794 1063 1 2 
 794 1064 3 4 
 792 1069 2 2 
 715 1071 5 5 
 819 1033 2 1 
 822 1035 1 2 
 827 1038 2 4 
 823 1047 2 3 
 797 1058 4 4 
 793 1063 1 3 
 795 1064 2 2 
 718 1071 2 3 
 714 1072 3 3 
 743 1072 1 2 
 786 1072 5 5 
 796 1058 3 4 
 793 1063 1 3 
 787 1071 3 3 
 785 1069 7 11 
 718 1071 2 3 
 714 1072 3 3 
 743 1072 1 2 
 705 1073 2 1 
 762 1073 3 3 
 762 1073 3 3 
 798 1073 2 4 
 718 1071 2 3 
 705 1072 1 2 
 714 1072 3 4 
 721 1074 6 6 
 762 1074 3 3 
 688 1076 3 4 
 721 1075 3 3 
 720 1076 3 3 
 699 1078 2 2 
 672 1078 1 2 
 758 1077 4 3 
 695 1077 3 3 
 686 1076 5 4 
 687 1077 3 3 
 685 1079 2 1 
 758 1078 4 2 
 698 1078 3 2 
 690 1077 3 3 
 786 1079 3 1 
 685 1079 2 1 
 698 1078 3 2 
 675 1078 1 2 
 670 1078 3 2 
 665 1078 3 2 
 993 1018 2 2 
 991 1017 3 1 
 990 1016 4 2 
 990 1017 6 6 
 989 1017 7 6 
 988 1015 7 9 
 982 1011 7 6 
 983 1011 4 4 
 524 37 3 3 
 980 1013 7 6 
 524 37 3 3 
 984 1014 4 3 
 524 37 3 3 
 986 1014 2 4 
 524 38 3 2 
 1026 1076 2 4 
 1063 1075 2 2 
 847 1014 2 2 
 847 1014 2 2 
 1000 1017 3 4 
 1000 1017 3 4 
 652 355 3 3 
 1001 1016 4 4 
 1003 1016 2 3 
 1003 1017 3 3 
 845 1015 1 2 
 844 1017 3 3 
 1004 1016 4 5 
 1004 1016 5 6 
 843 1014 4 6 
 843 1014 3 6 
 843 1014 3 6 
 843 1015 3 5 
 843 1015 3 5 
 528 43 2 2 
 1162 1076 5 4 
 528 43 2 2 
 710 1076 2 2 
 528 43 2 2 
 710 1076 2 2 
 528 43 2 2 
 709 1076 3 2 
 527 43 3 2 
 693 1077 4 3 
 527 43 3 2 
 691 1075 6 5 
 527 43 3 2 
 689 1075 8 5 
 527 43 3 2 
 722 1078 2 2 
 693 1077 2 3 
 707 1077 2 3 
 1013 1020 2 3 
 996 1020 1 3 
 1013 1021 2 2 
 993 1022 2 2 
 993 1020 3 4 
 993 1020 3 4 
 993 1020 3 4 
