 32 769 2 2 
 43 791 2 2 
 43 791 2 2 
 46 806 2 3 
 43 791 2 2 
 46 806 2 2 
 54 808 3 1 
 43 791 2 2 
 49 800 2 2 
 46 806 2 2 
 54 808 3 1 
 62 835 1 2 
 43 791 2 2 
 49 800 2 2 
 46 806 2 2 
 54 808 3 1 
 60 835 3 3 
 64 837 3 2 
 49 800 2 2 
 46 806 2 2 
 54 808 3 1 
 60 835 3 3 
 64 837 3 2 
 74 880 2 1 
 72 892 2 2 
 63 908 2 3 
 53 920 3 1 
 53 920 3 1 
 43 791 2 2 
 33 535 2 1 
 33 534 3 2 
 31 533 5 3 
 31 533 5 3 
 37 511 2 1 
 40 501 1 2 
 40 501 1 2 
 39 501 4 2 
 39 500 4 3 
 39 500 4 3 
 39 500 4 3 
 735 858 3 3 
 656 61 2 3 
 735 858 3 2 
 60 577 2 2 
 656 61 2 3 
 60 578 2 1 
 656 61 2 3 
 31 536 2 1 
 656 61 2 3 
 735 857 3 3 
 31 536 2 1 
 656 61 2 3 
 729 869 1 3 
 50 611 3 3 
 656 61 2 3 
 729 869 1 3 
 31 536 2 1 
 656 61 2 3 
 729 869 1 3 
 46 523 2 1 
 656 61 2 3 
 729 869 1 3 
 32 532 2 2 
 729 869 1 3 
 40 406 2 3 
 39 296 2 4 
 735 857 2 2 
 39 297 2 3 
 68 527 2 1 
 43 280 2 1 
 69 541 2 1 
 52 286 1 2 
 38 292 1 2 
 69 541 2 1 
 48 318 1 2 
 11 638 1 2 
 57 286 1 2 
 10 638 3 3 
 665 62 3 2 
 56 286 2 3 
 10 638 2 3 
 665 62 2 2 
 74 697 1 3 
 0 324 1 2 
 665 62 2 2 
 73 697 2 3 
 39 297 2 2 
 665 62 2 2 
 53 784 2 2 
 7 289 2 1 
 665 62 2 2 
 53 784 2 2 
 7 289 2 1 
 665 63 2 1 
 60 788 2 3 
 6 289 3 1 
 649 65 3 5 
 46 270 2 2 
 891 921 3 2 
 76 476 1 2 
 649 65 3 5 
 46 270 2 2 
 891 921 3 2 
 76 476 1 3 
 649 65 3 5 
 46 270 2 2 
 864 919 4 4 
 76 476 1 3 
 649 65 3 5 
 46 270 2 2 
 891 921 3 2 
 76 476 1 3 
 649 65 3 5 
 46 270 2 2 
 882 921 6 3 
 12 474 2 1 
 649 65 3 5 
 5 272 2 1 
 882 921 6 3 
 76 476 1 2 
 649 65 3 5 
 51 272 3 2 
 882 921 6 3 
 649 65 3 5 
 801 927 1 2 
 51 272 3 2 
 12 246 4 3 
 882 921 4 3 
 73 450 1 2 
 12 246 4 3 
 882 921 4 3 
 68 495 2 1 
