 420 33 12 7 
 444 34 6 6 
 459 34 6 6 
 507 34 4 3 
 492 35 6 6 
 419 36 16 26 
 420 33 12 7 
 444 34 6 6 
 459 34 6 6 
 508 34 3 3 
 492 35 6 6 
 419 36 16 26 
 454 37 4 3 
 420 33 12 7 
 444 34 6 6 
 459 34 6 6 
 508 34 3 2 
 492 35 6 6 
 419 36 16 26 
 454 37 4 3 
 437 38 6 9 
 451 38 2 2 
 503 38 6 7 
 499 38 2 2 
 420 33 12 7 
 444 34 6 6 
 459 34 6 6 
 508 34 3 2 
 492 35 6 6 
 419 36 16 26 
 456 46 4 2 
 454 37 4 3 
 450 46 3 2 
 443 46 10 15 
 428 46 3 3 
 437 38 6 9 
 451 38 2 2 
 503 38 6 7 
 499 38 2 2 
 423 35 3 3 
 420 33 12 7 
 444 34 6 6 
 459 34 6 6 
 453 50 3 3 
 508 34 3 2 
 492 35 6 6 
 456 46 4 2 
 419 36 16 26 
 450 46 3 2 
 443 46 10 15 
 428 46 3 3 
 454 37 4 3 
 437 38 6 9 
 503 38 6 7 
 499 38 2 2 
 451 38 2 2 
 423 35 3 3 
 420 33 12 7 
 445 34 5 6 
 437 52 4 8 
 453 50 3 3 
 459 34 6 6 
 508 34 3 2 
 456 46 4 2 
 492 35 6 6 
 450 46 3 2 
 443 46 10 15 
 428 46 3 3 
 419 36 16 26 
 455 37 3 3 
 504 38 5 7 
 499 38 2 2 
 451 38 2 2 
 437 38 6 8 
 423 35 3 3 
 420 34 12 6 
 445 34 5 6 
 420 58 9 6 
 437 52 4 8 
 453 50 3 3 
 459 34 6 6 
 508 34 3 2 
 456 46 4 2 
 492 35 6 6 
 450 46 3 2 
 443 46 10 15 
 428 46 3 3 
 419 36 16 26 
 455 37 3 3 
 504 38 5 7 
 499 38 2 2 
 451 38 2 2 
 437 38 6 8 
 423 35 3 3 
 420 34 12 6 
 445 34 5 6 
 459 34 6 6 
 420 58 9 6 
 422 60 3 3 
 437 52 4 8 
 453 50 3 3 
 492 35 6 6 
 456 46 4 2 
 419 36 16 25 
 450 46 2 2 
 443 46 10 15 
 428 46 3 3 
 455 37 3 3 
 437 38 6 8 
 451 38 2 2 
 438 62 4 3 
 423 35 3 3 
 420 34 12 6 
 420 58 9 6 
 422 60 3 3 
 437 52 4 8 
 419 36 16 25 
 443 46 10 15 
 428 46 3 3 
 437 38 6 8 
 522 43 3 2 
 390 120 3 6 
 393 134 5 9 
 396 147 5 10 
 401 162 6 14 
 405 180 5 6 
 410 194 6 11 
 420 217 10 23 
 433 247 3 8 
 442 270 3 2 
 447 278 2 1 
 448 282 14 22 
 460 307 18 27 
 503 377 4 7 
 496 365 6 9 
 509 389 11 21 
 520 413 8 20 
 526 438 6 18 
 532 460 8 13 
 538 475 10 16 
 548 490 14 10 
 1333 0 6 8 
 1328 9 6 7 
 1322 20 4 4 
 1292 53 3 4 
 711 1063 2 2 
 708 1063 4 2 
 708 1063 4 2 
 708 1063 4 2 
 708 1063 4 3 
 1143 216 5 7 
 534 36 2 2 
 708 1063 4 3 
 534 36 2 2 
 708 1063 4 3 
 708 1063 4 3 
 527 52 3 4 
 708 1063 4 3 
 527 52 3 4 
 708 1063 5 3 
 527 52 3 4 
 1124 329 4 4 
 710 1063 3 3 
 527 52 3 4 
 1146 346 3 1 
 710 1063 3 3 
 527 52 3 4 
 818 971 1 2 
 817 971 2 2 
 817 971 2 2 
 817 971 2 2 
 817 971 2 2 
 817 971 2 2 
 817 971 2 2 
 817 970 3 3 
 817 966 4 7 
 817 965 4 8 
 817 965 4 6 
 817 965 4 6 
 818 965 3 6 
 818 965 3 5 
 818 965 3 5 
 818 965 3 5 
