 1116 1055 2 2 
 7 867 2 4 
 1161 1073 12 4 
 1074 1068 7 3 
 1119 1056 2 1 
 907 1002 1 2 
 1100 1071 1 2 
 1078 1066 5 4 
 974 1059 4 3 
 1104 1059 5 6 
 1104 1057 5 5 
 1112 1061 1 2 
 1105 1057 4 3 
 1132 1068 3 4 
 1079 1067 5 8 
 1077 1067 2 3 
 1119 1069 2 1 
 1132 1067 3 5 
 1075 1066 7 9 
 1105 1057 4 3 
 1105 1057 4 3 
 1150 1073 4 3 
 1074 1066 8 13 
 1081 1067 2 2 
 1132 1067 3 3 
 1132 1067 3 4 
 1109 1075 5 5 
 1105 1057 4 3 
 1077 1072 6 8 
 1074 1066 3 3 
 1071 1065 9 7 
 1071 1076 2 2 
 1063 1079 2 1 
 1049 1078 3 2 
 1083 1077 3 3 
 1064 1078 2 2 
 1051 1078 4 2 
 674 56 2 3 
 7 869 2 2 
 841 1075 9 3 
 674 56 2 3 
 892 1076 2 1 
 674 56 2 3 
 926 1005 2 4 
 4 882 2 1 
 944 1023 1 2 
 917 1010 5 3 
 913 1009 3 3 
 911 1005 4 6 
 911 1005 4 6 
 916 1005 3 2 
 920 1008 4 5 
 1005 1020 3 5 
 928 1010 2 3 
 912 1077 3 3 
