 270 260 2 1 
 267 267 3 3 
 265 328 2 2 
 266 333 2 3 
 267 339 2 1 
 266 346 2 1 
 265 347 3 3 
 265 349 3 3 
 264 350 3 3 
 263 352 4 3 
 261 354 4 4 
 258 357 4 4 
 254 360 4 4 
 250 362 3 4 
 245 366 3 4 
 242 368 3 3 
 239 369 3 4 
 236 371 3 4 
 233 373 3 4 
 229 375 4 4 
 226 378 3 3 
 223 380 3 5 
 216 386 3 4 
 209 393 4 4 
 203 400 4 4 
 198 409 3 3 
 197 414 1 2 
 194 417 3 4 
 192 422 3 3 
 189 431 3 4 
 184 479 3 3 
 184 482 3 4 
 184 486 4 3 
 184 489 3 4 
 183 492 4 4 
 183 495 4 4 
 182 498 4 4 
 181 500 4 4 
 180 503 4 4 
 178 505 5 5 
 177 508 3 4 
 175 510 4 5 
 173 513 4 4 
 170 515 4 5 
 168 519 4 3 
 165 521 4 5 
 163 524 3 4 
 160 527 4 5 
 157 531 4 4 
 152 538 3 4 
 149 542 4 5 
 148 548 2 2 
 145 551 4 4 
 141 561 4 4 
 140 566 3 4 
 138 571 5 4 
 138 577 3 3 
 656 62 4 2 
 656 62 4 2 
 656 62 4 2 
 658 62 2 2 
 658 62 2 2 
 658 62 2 2 
 133 625 2 3 
 658 62 2 2 
 132 629 2 2 
 658 62 2 2 
 131 633 2 2 
 130 636 3 3 
 128 639 3 3 
 127 642 3 3 
 125 646 3 2 
 123 648 3 3 
 119 654 2 3 
 113 659 3 3 
 107 664 2 3 
 101 670 2 2 
 94 676 2 2 
 91 679 2 2 
 87 682 3 3 
 84 685 3 3 
 662 70 2 2 
 81 689 3 3 
 662 70 2 2 
 78 693 2 2 
 662 70 2 2 
 662 70 2 2 
 648 62 3 2 
 648 62 3 2 
 648 62 3 2 
 648 62 3 2 
 662 64 2 2 
 662 64 2 2 
 662 64 2 2 
 662 64 2 2 
 662 64 2 2 
 662 64 2 2 
 662 64 2 2 
 662 64 2 2 
