 89 726 2 2 
 44 745 1 2 
 74 750 2 2 
 56 774 2 3 
 78 758 4 4 
 66 765 1 2 
 90 726 1 2 
 71 727 2 2 
 68 773 2 1 
 52 767 1 3 
 25 700 3 2 
 81 728 3 2 
 25 700 3 2 
 43 746 2 2 
 52 767 1 3 
 52 768 1 2 
 52 768 1 2 
 62 818 2 1 
 65 832 2 2 
 51 768 2 2 
 67 822 2 2 
 70 779 2 2 
 64 826 2 2 
 64 838 1 2 
 73 844 1 2 
 67 841 2 1 
 70 839 2 2 
 55 807 1 2 
 66 822 2 2 
 49 808 2 3 
 49 802 1 2 
 80 677 2 1 
 40 753 1 2 
 40 753 1 2 
 49 808 2 2 
 70 844 2 2 
 64 855 2 3 
 39 292 2 2 
 13 853 1 2 
 57 423 2 2 
 13 853 1 2 
 655 64 3 1 
 45 796 3 3 
 655 64 3 1 
 75 431 1 2 
 655 64 3 1 
 46 797 2 2 
 75 431 1 2 
 660 65 1 2 
 21 332 2 1 
 660 65 1 2 
 49 408 2 1 
 660 65 1 2 
 71 521 2 1 
 660 65 1 2 
 71 521 2 1 
 16 312 1 2 
 660 65 1 2 
 71 521 2 1 
 16 312 1 2 
 71 521 2 1 
 21 271 2 2 
 63 205 3 3 
 7 453 3 3 
 63 205 3 3 
 7 453 3 3 
 63 205 3 3 
 63 206 2 2 
 63 206 2 2 
 63 206 2 2 
 50 207 2 2 
 21 271 2 2 
 668 61 2 2 
 668 61 2 2 
 668 61 2 2 
 668 61 2 2 
 668 61 2 2 
 668 61 2 2 
 665 62 2 2 
 665 62 2 2 
 99 977 1 2 
 99 977 1 2 
 95 974 2 1 
 95 974 2 1 
 95 974 2 1 
 663 64 1 2 
 663 64 1 2 
 663 64 1 2 
 663 64 1 2 
 95 973 3 3 
 663 64 1 2 
 95 973 3 3 
 53 323 2 1 
 104 978 2 2 
 23 323 3 2 
 16 321 2 1 
 16 321 2 1 
 16 320 3 2 
 18 320 2 1 
 47 245 1 2 
