 855 1017 2 2 
 857 1021 3 4 
 837 1018 8 5 
 841 1020 3 3 
 838 1020 4 2 
 842 1022 2 1 
 856 1022 2 3 
 901 1030 2 1 
 957 1027 2 3 
 856 1023 1 2 
 957 1027 2 3 
 900 1029 3 3 
 916 1047 4 4 
 917 1048 3 3 
 916 1048 4 3 
 934 1072 7 8 
 934 1073 4 5 
 938 1072 3 3 
 937 1074 2 2 
 827 1040 2 1 
 491 34 6 5 
 827 1039 3 2 
 827 1039 4 2 
 0 332 2 5 
 491 34 6 5 
 491 34 6 5 
 818 1037 6 4 
 491 34 6 5 
 791 1069 2 1 
 827 1020 4 6 
 791 1069 2 1 
 829 1022 3 3 
 831 1020 6 5 
 835 1020 5 4 
 835 1020 3 2 
 839 1020 2 2 
 838 1021 3 2 
 961 1025 4 5 
 985 1018 4 3 
 983 1018 4 4 
 983 1022 3 3 
 523 34 2 2 
 1048 1076 2 1 
 523 34 2 2 
 1048 1076 2 1 
 523 34 2 2 
 1051 1078 2 2 
 523 34 2 2 
 1058 1076 4 4 
 831 1009 9 8 
 830 1009 10 8 
 830 1009 10 7 
 831 1010 3 3 
 830 1008 11 8 
 831 1008 10 8 
 831 1008 10 8 
 833 1008 8 8 
 833 1008 9 8 
 519 51 2 1 
 833 1008 8 6 
 519 51 2 1 
 712 1078 2 2 
 834 1008 9 6 
 519 51 2 1 
 836 1010 7 4 
 519 51 2 1 
 839 1011 2 2 
 519 51 2 1 
 831 1020 3 2 
 519 51 2 1 
 831 1020 3 3 
 519 51 2 1 
 771 1078 6 2 
 946 1018 6 8 
 946 1019 6 7 
 842 1011 4 4 
 842 1012 3 3 
 843 1010 3 5 
 840 1009 2 2 
 843 1011 2 4 
 843 1011 2 4 
 840 1009 2 2 
 840 1009 2 2 
 840 1009 2 2 
 840 1009 2 2 
 840 1009 2 2 
 943 1017 3 3 
