 820 1021 3 3 
 1115 1074 3 5 
 1067 1064 3 3 
 816 1028 2 2 
 833 1005 7 5 
 835 1007 1 2 
 837 1010 2 2 
 826 1021 4 2 
 828 1022 3 2 
 825 1040 2 3 
 827 1021 4 3 
 827 1020 4 4 
 817 1030 2 2 
 825 1040 2 2 
 823 1044 2 1 
 827 1022 3 1 
 817 1030 2 3 
 825 1040 2 2 
 823 1044 2 1 
 819 1049 3 4 
 819 1050 2 3 
 783 1079 2 1 
 811 1069 1 2 
 788 1069 1 2 
 788 1067 2 1 
 783 1079 2 1 
 758 1073 3 2 
 740 1070 3 2 
 983 1016 2 1 
 1005 1031 2 1 
 818 1036 3 2 
 1019 1047 2 2 
 783 1079 2 1 
 990 1011 7 9 
 997 1015 3 3 
 996 1017 3 3 
 1002 1015 3 3 
 1000 1017 3 3 
 998 1020 3 3 
 1004 1019 3 3 
 1004 1019 3 3 
 885 1017 1 2 
 1004 1017 4 4 
 998 1020 3 3 
 997 1017 3 3 
 996 1017 3 3 
 992 1015 8 9 
 992 1016 3 3 
 992 1016 3 3 
 993 1017 3 3 
 993 1017 3 3 
 990 1015 7 6 
 993 1017 3 3 
 993 1017 3 3 
 990 1015 6 6 
 990 1015 8 6 
 992 1015 2 1 
 996 1016 2 1 
 996 1016 2 1 
 990 1015 6 5 
 985 1014 8 11 
 988 1014 3 3 
 986 1013 3 3 
 986 1013 3 3 
 986 1013 3 3 
 984 1013 5 7 
 984 1013 5 7 
 984 1013 5 7 
 985 1014 4 5 
 985 1015 4 8 
 985 1017 4 8 
 822 1019 4 6 
 820 1019 6 6 
 991 1016 5 4 
 991 1016 6 6 
 993 1017 3 3 
 993 1017 3 3 
 993 1017 3 3 
 491 33 8 8 
 802 1070 1 2 
 491 33 8 8 
 1068 1061 3 7 
 491 33 8 6 
 1070 1074 2 2 
 491 33 8 6 
 825 1042 2 3 
 491 33 8 6 
 1067 1065 3 4 
 491 33 8 6 
 1067 1059 4 10 
 491 33 8 6 
 1067 1065 3 4 
 491 33 8 6 
 1069 1069 2 2 
 1066 1072 2 1 
 987 996 4 8 
 988 1014 3 3 
 1066 1077 1 2 
 992 1013 3 3 
 997 1014 2 3 
 996 1017 3 3 
 991 1016 11 9 
 996 1022 3 3 
 996 1019 6 7 
 997 1020 3 5 
