 74 606 4 3 
 55 668 2 3 
 85 714 2 1 
 82 617 2 2 
 71 629 3 3 
 67 638 2 2 
 75 639 3 2 
 69 647 2 3 
 75 585 2 1 
 78 603 2 1 
 81 603 2 2 
 72 606 3 3 
 72 606 3 3 
 74 618 2 1 
 47 735 3 2 
 71 724 1 2 
 28 520 2 1 
 72 606 4 2 
 81 615 2 2 
 86 716 2 2 
 74 617 2 2 
 85 681 3 2 
 81 705 3 2 
 73 725 1 2 
 71 724 1 2 
 78 722 2 2 
 85 716 3 3 
 28 520 2 1 
 66 714 2 2 
 85 713 2 2 
 72 606 4 2 
 80 711 1 2 
 81 615 2 3 
 81 705 3 2 
 74 617 2 2 
 85 681 3 3 
 73 632 2 3 
 50 726 4 2 
 73 724 1 3 
 28 520 2 1 
 78 722 2 2 
 72 606 4 2 
 81 615 2 2 
 74 617 2 2 
 66 714 2 2 
 85 712 3 7 
 73 632 2 3 
 80 711 2 3 
 85 681 3 3 
 81 705 3 2 
 70 743 1 2 
 65 739 1 3 
 77 735 3 5 
 47 735 6 4 
 41 735 2 2 
 76 732 1 2 
 74 728 1 2 
 72 606 2 2 
 74 617 2 2 
 73 632 2 3 
 51 726 4 3 
 71 724 3 3 
 60 675 2 1 
 79 723 2 2 
 83 722 2 1 
 85 681 3 2 
 70 721 1 2 
 80 711 2 3 
 85 712 3 5 
 65 714 3 2 
 42 745 2 1 
 71 742 2 2 
 64 739 2 4 
 82 736 2 4 
 77 735 4 6 
 47 735 6 4 
 41 735 2 2 
 76 732 1 2 
 74 728 1 2 
 39 727 2 2 
 51 726 4 4 
 71 724 3 3 
 80 723 2 3 
 83 722 2 1 
 70 721 1 2 
 85 681 3 2 
 82 683 1 2 
 81 705 1 2 
 65 714 3 2 
 80 711 2 3 
 85 712 4 6 
 65 775 3 3 
 59 776 2 2 
 60 675 2 1 
 39 727 2 2 
 85 717 2 2 
 85 717 2 2 
 86 966 2 1 
 59 582 2 2 
 58 582 3 3 
 59 582 3 4 
 59 582 2 3 
 59 582 2 3 
 59 582 2 3 
 59 582 2 3 
 59 583 2 2 
 661 70 2 2 
 65 739 1 2 
 661 70 2 2 
 65 739 1 2 
 661 70 2 2 
 65 739 1 2 
 661 70 2 2 
 76 733 4 6 
 661 70 2 2 
 76 733 4 6 
 661 70 2 2 
 79 740 3 2 
 661 70 2 2 
 66 742 1 2 
 661 70 2 2 
 69 740 4 2 
 85 713 3 2 
 85 713 3 2 
 85 713 3 2 
 84 723 2 1 
 84 723 2 1 
 39 774 3 4 
 38 772 4 6 
 84 722 1 2 
 83 649 1 2 
 82 649 2 2 
 82 650 2 1 
 77 639 2 2 
 75 637 1 2 
 74 637 5 6 
 74 637 5 6 
 59 565 2 1 
 46 629 3 2 
 36 491 2 2 
 68 739 2 2 
 54 380 2 1 
 81 646 4 3 
 54 380 2 1 
 81 646 4 3 
 54 380 2 1 
 81 646 4 3 
 54 380 2 1 
 81 646 4 3 
 43 381 2 2 
 76 636 5 3 
 43 381 2 2 
 76 636 5 3 
 34 386 1 2 
 65 811 2 1 
 34 386 1 2 
 61 823 2 2 
 34 386 1 2 
 70 848 2 1 
 34 386 1 2 
 67 862 3 3 
 34 386 1 2 
 64 916 2 1 
 34 386 1 2 
 78 965 2 3 
 48 234 2 2 
 78 965 2 3 
 48 234 2 2 
 78 965 2 3 
 48 234 2 2 
 78 965 2 3 
 48 234 2 2 
 78 965 2 3 
 67 186 2 1 
 32 470 3 3 
 67 186 2 1 
 32 471 2 2 
 0 813 2 2 
 64 966 2 3 
 36 491 2 1 
 36 491 2 1 
 64 966 2 3 
 45 721 2 2 
 81 965 1 2 
 45 721 2 2 
 78 933 3 2 
 45 721 2 2 
 74 946 1 2 
 67 663 2 3 
 656 61 2 2 
 62 947 1 2 
 52 961 1 2 
 656 61 2 2 
 656 61 2 2 
 56 857 3 2 
 656 61 2 2 
 57 944 2 2 
 656 61 2 2 
 52 961 1 2 
 656 61 2 2 
 57 945 3 2 
 85 655 1 2 
 656 61 2 2 
 57 945 3 2 
 85 655 1 2 
 656 61 2 2 
 38 899 2 1 
 67 663 3 5 
 67 664 3 4 
 67 664 2 2 
 66 861 2 3 
