 50 198 1 2 
 69 203 2 1 
 36 273 1 2 
 24 321 2 2 
 39 418 2 1 
 70 427 2 1 
 35 492 4 4 
 36 493 2 2 
 56 556 3 3 
 54 742 2 3 
 76 741 2 4 
 61 740 2 2 
 39 732 2 2 
 75 652 1 2 
 78 637 2 1 
 56 556 3 3 
 56 556 2 3 
 57 580 2 1 
 78 637 2 1 
 75 652 1 2 
 85 705 2 1 
 39 732 2 3 
 60 739 3 3 
 76 740 2 5 
 54 742 2 3 
 80 743 4 6 
 48 751 2 2 
 76 748 2 2 
 56 557 2 2 
 57 580 2 1 
 75 651 2 3 
 83 704 4 2 
 84 716 1 4 
 42 725 4 3 
 39 732 3 3 
 44 734 2 2 
 77 736 2 1 
 60 738 3 4 
 54 740 2 5 
 76 740 2 7 
 69 754 2 2 
 67 751 1 2 
 78 750 2 2 
 80 743 4 5 
 65 748 1 2 
 48 750 2 3 
 75 650 2 3 
 84 703 3 3 
 82 702 5 5 
 84 716 1 4 
 80 723 1 2 
 78 755 3 3 
 42 725 4 4 
 39 732 3 3 
 69 754 3 2 
 44 734 2 2 
 67 751 1 2 
 48 751 2 2 
 78 750 2 2 
 77 736 3 2 
 61 738 2 3 
 65 748 1 2 
 80 743 4 5 
 54 742 2 3 
 76 740 2 7 
 84 703 3 3 
 82 702 5 5 
 66 714 2 1 
 74 715 2 3 
 56 756 1 2 
 78 755 2 2 
 84 716 1 4 
 85 721 1 2 
 69 754 3 2 
 80 723 1 2 
 44 726 3 3 
 67 751 1 2 
 78 750 2 2 
 42 725 5 4 
 39 732 3 3 
 44 734 2 2 
 64 748 2 3 
 77 736 3 2 
 76 746 3 2 
 61 738 2 3 
 80 743 4 5 
 54 740 2 5 
 76 740 2 5 
 71 762 3 5 
 74 768 3 3 
 61 766 5 3 
 74 768 3 3 
 60 767 3 2 
 79 750 1 3 
 54 740 2 2 
 59 698 2 1 
 652 63 6 5 
 76 741 2 2 
 652 63 6 5 
 76 741 2 2 
 652 63 5 5 
 54 742 1 2 
 652 63 5 5 
 76 741 2 2 
 652 63 5 5 
 652 63 5 5 
 83 714 2 3 
 652 63 5 5 
 83 714 2 3 
 652 63 5 5 
 69 825 2 2 
 69 825 2 2 
 87 707 2 2 
 1377 522 6 6 
 35 735 2 2 
 64 826 2 4 
 87 707 2 2 
 87 707 2 2 
 81 757 1 3 
 81 757 1 3 
 81 757 1 3 
 659 70 2 2 
 60 831 3 4 
 659 70 2 2 
 60 831 3 4 
 659 70 2 2 
 62 825 4 3 
 659 70 2 2 
 64 802 4 3 
 659 70 2 2 
 84 646 1 2 
 659 70 2 2 
 69 608 3 3 
 659 70 2 2 
 84 646 1 2 
 659 70 1 2 
 74 646 4 7 
 74 646 4 7 
 52 602 2 2 
 52 602 2 2 
 52 602 2 2 
 52 602 2 2 
 52 602 2 2 
 52 602 2 2 
 52 602 2 2 
 52 602 2 2 
 68 662 4 6 
 83 641 1 2 
 83 641 1 2 
 74 645 2 2 
 74 645 2 2 
 80 646 2 2 
 80 646 2 2 
 80 646 2 2 
 80 646 2 2 
 653 74 1 2 
 85 648 2 2 
 653 74 1 2 
 85 648 2 2 
 653 74 1 2 
 85 648 2 2 
 653 74 1 2 
 75 647 2 2 
 653 74 1 2 
 75 647 2 2 
 653 74 1 2 
 75 647 2 2 
 653 74 1 2 
 76 648 2 2 
 653 74 1 2 
 76 648 2 2 
 59 587 2 2 
 78 633 1 2 
 59 587 2 2 
 48 750 2 2 
 59 587 2 2 
 58 580 1 2 
 58 580 1 2 
 58 580 1 2 
 76 664 2 2 
