 873 289 3 4 
 874 292 4 4 
 875 295 5 5 
 878 300 2 2 
 898 353 2 1 
 905 373 2 1 
 910 381 2 2 
 913 387 4 4 
 915 391 5 4 
 920 399 3 3 
 923 439 5 3 
 924 451 4 2 
 932 469 3 3 
 939 473 2 2 
 949 491 3 4 
 949 493 3 5 
 951 498 3 2 
 977 525 4 3 
 981 528 2 1 
 983 534 2 2 
 985 535 2 2 
 986 537 3 3 
 994 549 4 2 
 996 553 2 1 
 996 550 2 1 
 1000 557 4 4 
 1003 561 3 4 
 1008 566 4 3 
 1010 567 4 3 
 1012 568 5 5 
 1015 570 4 3 
 1017 572 5 4 
 1019 575 5 3 
 1024 577 3 3 
 1025 579 4 4 
 1026 581 5 4 
 1028 584 4 4 
 1031 587 2 2 
 1032 589 3 4 
 1032 592 4 4 
 1036 602 1 2 
 1048 636 5 3 
 436 232 1 2 
 435 235 2 5 
 1075 661 5 4 
 435 230 3 10 
 1078 663 3 3 
 439 221 1 2 
 1080 667 3 2 
 701 16 3 4 
 436 233 2 4 
 434 239 2 5 
 1557 29 2 2 
 1557 29 2 2 
 1557 29 1 2 
 1574 53 2 1 
 533 35 2 2 
 533 35 2 2 
 533 35 2 2 
 533 35 2 2 
 533 35 2 2 
 533 35 2 2 
 533 35 2 2 
 533 35 2 2 
 1187 862 2 3 
