 137 92 12 14 
 139 97 11 11 
 141 100 10 11 
 143 102 10 11 
 144 105 10 10 
 147 107 12 13 
 148 109 12 13 
 149 111 13 14 
 151 115 11 12 
 153 118 10 11 
 154 121 11 10 
 156 123 10 10 
 157 125 11 11 
 159 127 12 14 
 161 132 11 13 
 164 135 10 10 
 166 137 9 10 
 167 139 10 11 
 169 142 10 10 
 170 144 10 10 
 172 146 10 11 
 173 148 10 11 
 175 149 11 12 
 176 151 12 13 
 178 153 11 13 
 179 157 11 11 
 181 159 11 11 
 183 160 12 15 
 186 166 10 11 
 188 168 10 11 
 189 171 11 11 
 190 173 11 13 
 193 175 10 11 
 194 177 10 11 
 196 179 10 12 
 198 183 10 10 
 199 184 11 11 
 201 187 11 11 
 204 189 12 13 
 206 190 12 15 
 208 193 11 14 
 217 197 3 3 
 207 193 14 17 
 211 199 11 12 
 213 202 11 12 
 214 204 11 12 
 216 206 11 12 
 217 208 13 12 
 219 210 12 12 
 221 212 11 13 
 223 215 11 12 
 225 217 11 12 
 227 219 11 12 
 228 221 12 12 
 230 223 11 12 
 233 225 14 18 
 243 232 3 3 
 237 230 12 15 
 247 233 3 3 
 239 233 12 14 
 241 236 11 12 
 243 239 11 11 
 245 241 11 12 
 246 243 11 12 
 248 245 11 12 
 250 247 11 12 
 251 249 12 15 
 254 251 10 12 
 255 254 11 11 
 257 256 11 11 
 260 257 14 18 
 264 264 11 11 
 266 265 12 13 
 268 267 12 13 
 270 269 12 13 
 272 271 11 13 
 274 275 11 11 
 275 277 12 11 
 277 279 12 11 
 279 281 11 11 
 281 283 11 11 
 288 286 3 3 
 283 285 11 11 
 284 287 12 15 
 288 289 13 17 
 292 296 11 11 
 294 298 11 11 
 296 300 11 11 
 299 301 12 14 
 303 305 12 14 
 305 310 11 11 
 307 311 11 11 
 309 314 11 11 
 311 316 11 11 
 313 318 11 11 
 316 319 13 17 
 320 326 11 10 
 322 328 11 10 
 324 330 11 10 
 326 332 10 10 
 328 334 10 10 
 330 336 10 10 
 332 338 10 10 
 334 339 11 11 
 336 341 11 11 
 337 342 11 12 
 339 346 11 10 
 341 347 11 10 
 345 349 12 15 
 348 355 12 10 
 350 357 11 10 
 352 358 11 11 
 77 941 2 3 
 47 954 5 5 
 36 964 2 3 
 356 362 11 10 
 358 364 11 10 
 360 366 11 10 
 362 368 11 10 
 364 369 11 11 
 366 371 11 11 
 367 374 12 10 
 369 375 12 11 
 373 376 13 17 
 376 383 12 10 
 378 385 12 10 
 381 387 11 9 
 382 388 12 10 
 386 392 11 10 
 390 395 11 10 
 392 397 11 10 
 394 399 11 10 
 624 69 3 3 
 396 401 11 10 
 623 61 3 5 
 398 403 11 10 
 623 61 3 4 
 400 404 11 10 
 623 61 3 4 
 623 61 3 4 
 401 404 14 15 
 623 62 3 3 
 405 409 11 11 
 623 62 3 3 
 407 411 11 10 
 623 62 3 3 
 409 413 11 10 
 410 415 12 10 
 413 417 11 9 
 526 948 4 4 
 179 1078 5 2 
 414 418 11 10 
 416 420 11 10 
 528 949 2 3 
 191 1044 6 12 
 418 422 11 12 
 199 1054 2 2 
 650 69 2 2 
 420 424 11 9 
 191 1043 7 10 
 422 425 11 10 
 424 427 11 10 
 190 1013 3 4 
 185 1075 3 2 
 425 429 12 9 
 428 431 11 9 
 186 1075 1 2 
 429 430 13 16 
 433 435 12 10 
 435 437 11 10 
 437 439 11 10 
 439 441 11 10 
 440 443 12 9 
 666 70 2 2 
 442 444 12 10 
 666 70 2 2 
 444 446 11 10 
 666 70 2 2 
 446 448 11 9 
 666 70 2 2 
 448 449 11 10 
 666 70 2 2 
 449 451 12 9 
 666 70 2 2 
 451 453 12 11 
 666 70 2 2 
 453 454 12 10 
 455 456 11 9 
 666 70 2 2 
 457 455 8 15 
 1076 959 6 5 
 451 816 3 2 
 513 950 2 3 
 1750 97 3 5 
 527 949 1 2 
 1831 628 5 6 
 1831 628 5 6 
 800 1035 4 4 
 1831 628 5 6 
 1831 628 5 6 
 1831 628 5 6 
 1831 628 5 6 
 1836 644 5 6 
 1831 628 5 6 
