 995 1029 2 2 
 1020 1048 1 2 
 1038 1061 3 3 
 1014 1055 2 3 
 994 1020 2 2 
 994 1020 2 2 
 991 1022 6 9 
 992 1022 3 4 
 991 1027 2 2 
 993 1028 3 3 
 990 1024 3 2 
 991 1027 2 2 
 998 1033 4 2 
 989 1023 1 2 
 1000 1033 2 2 
 1020 1050 3 5 
 1000 1033 2 2 
 1020 1050 3 4 
 1016 1053 2 1 
 1033 1068 12 9 
 1020 1050 3 3 
 1034 1073 2 1 
 1037 1072 5 4 
 1041 1071 4 5 
 1033 1070 3 2 
 1042 1075 2 2 
 1037 1072 4 5 
 1037 1073 3 3 
 982 1041 2 2 
 982 1041 2 2 
 982 1041 2 2 
 1040 1068 2 2 
 1040 1068 2 2 
 1040 1068 2 2 
 144 5 2 2 
 142 5 4 5 
 142 5 4 5 
 1039 1067 5 5 
 1040 1069 4 4 
 141 5 6 6 
 1083 1062 1 2 
 1017 1051 2 2 
 1017 1050 2 1 
 992 1021 1 2 
 992 1021 1 2 
 1038 1062 3 5 
 1036 1068 2 2 
 1093 1068 2 2 
 1093 1068 2 2 
 528 38 2 2 
 1034 1069 2 1 
 528 38 2 2 
 1034 1069 2 1 
 528 38 2 2 
 528 38 2 2 
 1068 1071 2 2 
 528 38 2 2 
 1068 1071 2 2 
 528 38 2 2 
 1068 1071 2 2 
 528 38 2 2 
 1069 1072 2 1 
 528 38 2 2 
 1069 1072 2 1 
 1030 1075 7 5 
 945 1020 3 3 
 946 1019 6 7 
 843 1011 3 3 
 840 1009 5 3 
 840 1009 6 6 
 840 1009 6 6 
 840 1010 6 5 
 840 1010 3 2 
 843 1012 2 3 
 843 1013 1 2 
 852 1020 2 5 
 1032 1075 3 5 
 1018 1040 2 2 
 1018 1040 2 2 
 878 1014 5 5 
 877 1017 3 3 
 522 35 3 1 
 1025 1071 1 2 
 522 35 3 1 
 1025 1071 1 2 
 522 35 3 1 
 1048 1077 2 3 
 522 35 3 1 
 1090 1074 1 2 
 522 35 3 1 
 1090 1074 1 2 
 522 35 3 1 
 1090 1074 1 2 
 522 35 3 1 
 1090 1074 1 2 
 522 35 3 1 
 1032 1076 2 1 
 1019 1074 3 2 
 875 1015 3 3 
 874 1014 3 3 
 874 1012 4 2 
 872 1012 7 10 
 874 1012 6 3 
 877 1013 3 4 
 877 1016 4 5 
 876 1013 4 4 
 878 1012 3 3 
 878 1012 3 3 
 879 1013 4 3 
 877 1013 7 14 
 878 1013 6 14 
 882 1016 3 4 
 881 1016 6 10 
