 76 608 2 1 
 73 616 3 3 
 78 615 2 1 
 73 616 3 3 
 77 619 1 2 
 81 614 3 1 
 78 615 2 1 
 73 616 3 3 
 75 698 2 1 
 77 701 2 2 
 57 725 1 3 
 81 614 3 1 
 77 735 3 4 
 78 615 2 1 
 73 616 5 4 
 75 698 2 2 
 77 701 2 2 
 68 739 1 2 
 78 614 2 2 
 81 614 3 1 
 73 616 5 4 
 77 735 3 4 
 75 734 1 2 
 75 698 2 2 
 77 701 2 2 
 83 727 1 2 
 78 614 2 2 
 69 742 2 2 
 81 614 3 1 
 67 738 2 3 
 73 616 5 4 
 57 736 1 4 
 75 734 6 5 
 75 698 2 2 
 77 701 2 2 
 78 722 1 2 
 82 726 2 2 
 64 729 2 1 
 83 729 2 1 
 74 747 5 7 
 69 742 2 2 
 67 738 2 3 
 74 697 4 3 
 77 701 2 2 
 57 736 1 4 
 75 734 6 5 
 73 705 2 1 
 82 726 2 2 
 64 729 2 1 
 83 729 2 1 
 65 753 1 2 
 40 782 2 5 
 39 782 3 5 
 653 76 2 2 
 62 753 9 6 
 653 76 2 2 
 52 593 2 1 
 653 76 2 2 
 52 593 2 1 
 653 76 2 2 
 50 592 2 2 
 653 76 2 2 
 56 554 3 3 
 653 76 2 2 
 38 778 2 3 
 653 76 2 2 
 38 778 2 3 
 38 778 2 3 
 70 414 2 2 
 38 778 2 3 
 70 414 2 2 
 38 778 3 2 
 38 778 3 2 
 11 325 1 2 
 11 325 1 2 
 38 778 3 2 
 11 325 1 2 
 38 778 3 2 
 11 325 1 2 
 74 749 4 8 
 11 325 1 2 
 56 648 3 1 
 11 325 1 2 
 60 574 1 2 
 11 325 1 2 
 60 574 1 2 
 63 282 1 2 
 1747 792 6 5 
 45 231 2 2 
 1745 792 4 2 
 45 231 2 2 
 1745 791 9 7 
 45 231 2 2 
 1744 791 10 6 
 1744 791 10 6 
 1744 791 10 6 
 45 231 2 2 
 1744 791 10 6 
 2 395 4 6 
 1744 791 10 6 
 654 64 2 3 
 2 398 3 3 
 654 64 2 3 
 1744 791 11 6 
 2 398 3 3 
 654 64 2 3 
 1741 788 2 2 
 2 398 3 3 
 654 64 2 3 
 1744 791 10 5 
 654 64 2 3 
 1747 791 7 5 
 654 64 2 3 
 1747 792 8 4 
 654 64 2 3 
 1743 797 2 2 
 654 64 2 3 
 1743 797 2 2 
 1750 794 2 2 
 77 701 2 2 
 75 750 3 3 
 71 432 2 2 
 1740 798 3 3 
 71 432 2 2 
 1737 798 2 2 
 1743 796 2 2 
 71 432 2 2 
 1737 798 2 2 
 26 368 2 1 
 1737 797 3 4 
 26 368 2 1 
 1737 797 2 3 
 26 368 2 1 
 65 799 2 2 
 62 284 1 2 
 3 562 2 1 
 1749 791 3 2 
 62 284 1 2 
 1750 791 2 1 
 3 562 2 1 
 1117 149 3 2 
 61 806 3 2 
 16 367 2 2 
 28 254 1 2 
 61 806 3 2 
 1 542 1 2 
 56 253 1 2 
 1744 790 2 1 
 16 491 1 3 
 66 194 2 2 
 1742 794 3 2 
 16 491 1 3 
 647 61 2 1 
 64 820 1 2 
 23 335 2 3 
 647 61 2 1 
 64 820 1 2 
 23 337 2 1 
 647 61 2 1 
 64 820 1 2 
 22 334 2 2 
 52 880 1 2 
 647 61 2 1 
 22 334 2 2 
 80 625 3 2 
 64 820 1 2 
 647 61 2 1 
 22 334 2 2 
 647 61 2 1 
 64 820 1 2 
 32 347 1 2 
 0 553 2 2 
 647 61 2 1 
 51 269 2 2 
 13 489 2 1 
 1749 793 2 1 
 647 61 2 1 
 51 269 2 2 
 13 489 2 1 
 1748 793 3 1 
 47 257 1 2 
 0 553 2 2 
 1748 793 3 1 
 47 257 1 2 
 75 613 2 1 
 36 287 2 1 
 65 580 2 2 
 1743 788 9 3 
 35 259 2 2 
 80 610 2 2 
 48 289 2 1 
 80 610 3 2 
 78 969 2 1 
 35 257 2 1 
 1115 147 2 3 
 77 969 3 3 
 41 744 2 3 
 77 969 3 3 
 78 969 2 3 
 78 969 2 3 
 43 725 2 1 
 1417 248 2 3 
 78 969 1 2 
 40 743 3 5 
 78 969 1 2 
 1745 788 5 4 
 78 969 1 2 
