 1913 788 7 12 
 1897 796 23 22 
 1914 799 3 3 
 1876 819 20 20 
 1856 836 23 21 
 1844 855 23 18 
 1830 868 21 28 
 1843 871 3 3 
 1844 869 3 3 
 1817 893 18 25 
 1828 893 3 3 
 1814 919 3 3 
 1810 918 11 17 
 1801 935 13 13 
 1800 944 10 22 
 1796 963 15 16 
 1802 974 13 23 
 1808 993 14 17 
 1819 1023 3 3 
 1817 1021 9 19 
 1819 1038 11 12 
 1824 1048 3 3 
 1829 1050 11 13 
 1834 1057 13 10 
 1839 1065 10 9 
 1034 1070 3 2 
 1033 1070 7 5 
 1033 1070 7 5 
 1017 1041 2 1 
 1017 1041 2 1 
 1022 1065 2 1 
 1038 1063 1 2 
 1045 1068 1 2 
