 797 898 3 3 
 793 899 3 3 
 792 898 10 4 
 800 898 3 3 
 794 900 5 4 
 796 901 3 4 
 785 904 4 3 
 785 905 4 3 
 779 907 4 3 
 785 905 5 4 
 780 907 3 3 
 779 908 3 3 
 772 907 11 8 
 786 906 5 3 
 775 909 8 6 
 773 904 2 1 
 787 907 2 3 
 767 909 2 4 
 775 910 8 5 
 771 903 4 2 
 765 910 3 3 
 760 908 11 11 
 777 913 3 3 
 789 913 1 2 
 776 911 5 5 
 772 903 3 2 
 764 909 3 3 
 763 910 3 3 
 777 914 3 2 
 765 910 3 3 
 757 908 14 12 
 765 908 3 3 
 757 907 13 12 
 779 917 2 2 
 765 908 3 3 
 764 909 3 3 
 763 910 3 3 
 762 911 3 3 
 760 922 3 3 
 759 907 10 10 
 767 921 1 2 
 761 918 2 2 
 764 918 1 2 
 770 920 10 7 
 770 918 2 1 
 763 906 5 5 
 765 925 3 1 
 788 920 2 1 
 763 921 3 3 
 767 922 1 2 
 769 922 13 9 
 775 927 3 3 
 772 926 3 4 
 775 938 5 6 
 763 923 19 8 
 775 927 3 3 
 772 926 3 4 
 770 926 3 3 
 774 925 3 3 
 767 922 1 2 
 788 920 2 1 
 768 946 2 1 
 774 938 6 6 
 762 923 18 9 
 772 926 3 3 
 770 926 3 3 
 769 925 3 3 
 771 951 2 1 
 774 950 2 2 
 774 928 2 3 
 1127 505 5 3 
 795 898 3 3 
 795 899 3 2 
 789 901 3 3 
 794 900 2 2 
 796 897 2 1 
 796 897 3 3 
 795 897 4 3 
 805 899 1 2 
 805 899 1 2 
 805 899 1 2 
 801 893 2 2 
 800 893 3 2 
 1146 552 3 7 
 804 891 1 2 
 795 989 3 3 
 804 891 1 2 
 804 891 1 2 
 798 893 5 2 
 798 893 5 2 
 798 893 5 2 
 798 893 4 2 
 792 988 5 5 
 1128 510 2 2 
 789 992 2 2 
 788 991 2 2 
 790 994 2 3 
 807 898 2 1 
 807 898 2 1 
 797 898 2 2 
 1216 152 2 2 
 805 894 7 6 
 1221 149 3 2 
 805 894 7 6 
 1221 149 4 3 
 809 894 2 3 
 1226 143 1 3 
 808 895 2 2 
 1226 143 2 3 
 806 899 2 1 
 1226 144 2 3 
 793 898 2 2 
 1230 141 2 2 
 787 915 3 2 
 1537 342 3 3 
 1230 142 2 1 
 1539 345 3 3 
 794 898 5 2 
 1234 137 4 3 
 774 944 2 5 
 1535 339 4 3 
 1234 137 4 3 
 769 926 6 4 
 1535 339 4 3 
 1230 144 3 3 
 774 944 2 4 
 1539 345 3 3 
 1233 140 3 3 
 767 923 4 6 
 1539 345 3 3 
 1233 140 3 3 
 767 924 3 6 
 1539 345 3 3 
 1230 137 9 12 
 773 943 3 6 
 1538 339 3 3 
 1230 137 9 12 
 773 943 3 5 
 1538 339 3 3 
 1230 137 9 13 
 773 944 3 3 
 1538 339 3 3 
 1230 137 10 13 
 763 924 6 11 
 1537 338 9 11 
 1231 137 9 13 
 585 1040 1 2 
 1538 338 8 11 
 1231 137 10 13 
 585 1040 1 2 
 1538 338 3 3 
 1233 137 8 13 
 585 1040 1 2 
 1538 338 3 3 
 1233 138 8 12 
 585 1040 1 2 
 1544 344 2 2 
 1234 139 7 11 
 585 1040 1 2 
 1544 344 2 2 
 1236 139 5 11 
 585 1040 1 2 
 1236 139 5 11 
 585 1040 1 2 
 1238 139 3 11 
 585 1040 1 2 
 1238 139 3 8 
 1541 342 2 2 
 792 901 1 2 
 1238 139 2 3 
 1542 344 2 2 
 791 901 2 3 
 1239 140 1 2 
 760 915 11 9 
 1249 143 3 3 
 768 916 3 3 
 1249 143 3 3 
 757 915 4 5 
 1249 143 3 3 
 758 917 10 9 
 759 922 9 7 
 1249 140 6 11 
