 80 661 2 2 
 67 676 2 2 
 80 661 2 2 
 85 686 2 2 
 75 693 2 1 
 84 694 1 2 
 80 661 3 3 
 67 676 2 2 
 85 686 2 2 
 75 693 2 1 
 84 694 1 2 
 75 700 2 1 
 80 705 3 2 
 75 692 2 2 
 75 692 2 2 
 84 694 1 2 
 80 705 3 2 
 78 708 1 3 
 76 723 4 3 
 75 692 2 2 
 84 694 1 2 
 80 705 3 2 
 78 708 1 3 
 76 723 4 3 
 64 725 4 3 
 75 693 2 1 
 80 705 3 2 
 78 708 1 2 
 76 723 4 3 
 64 725 4 3 
 82 727 1 2 
 84 727 2 2 
 66 621 2 1 
 75 693 2 1 
 80 705 3 2 
 78 708 1 2 
 76 723 4 2 
 66 725 2 3 
 82 727 1 2 
 84 727 2 2 
 76 733 3 3 
 78 708 1 2 
 66 725 1 2 
 48 736 4 2 
 92 980 1 2 
 66 752 3 3 
 84 727 2 2 
 48 736 4 2 
 58 782 3 4 
 84 727 2 2 
 72 736 1 2 
 48 737 2 1 
 58 782 3 4 
 69 804 2 2 
 48 737 3 2 
 58 781 3 5 
 62 818 3 4 
 77 734 2 2 
 58 782 2 4 
 62 818 2 2 
 64 820 1 2 
 72 852 2 2 
 73 853 2 1 
 66 886 2 1 
 64 910 2 3 
 103 979 3 3 
 98 979 2 4 
 78 976 1 2 
 93 998 3 2 
 98 979 2 3 
 102 978 4 3 
 93 998 3 2 
 98 979 2 3 
 93 998 3 2 
 1494 145 3 2 
 529 1051 2 2 
 74 590 1 2 
 569 806 5 6 
 1494 146 4 2 
 529 1051 2 2 
 74 590 1 2 
 569 806 5 6 
 74 590 1 2 
 572 806 2 2 
 74 590 1 2 
 753 819 2 2 
 74 590 1 2 
 753 819 2 2 
 74 589 1 3 
 753 819 2 2 
 74 589 1 3 
 753 819 2 2 
 74 589 1 2 
 753 819 2 2 
 74 589 1 2 
 753 819 2 2 
 58 223 1 2 
 97 981 10 8 
 58 223 1 2 
 97 981 10 7 
 58 223 1 2 
 97 981 10 9 
 53 247 2 2 
 97 981 10 8 
 54 230 2 1 
 98 984 4 4 
 54 230 2 1 
 100 985 2 2 
 63 219 2 1 
 101 985 1 2 
 67 192 2 1 
 97 983 2 1 
 1485 417 2 3 
 67 192 2 1 
 97 983 2 1 
 68 190 2 1 
 97 982 2 2 
 68 190 2 1 
 103 978 4 3 
 68 190 2 1 
 97 982 2 2 
 68 190 2 1 
 103 977 4 4 
 30 398 1 2 
 67 190 3 3 
 103 977 4 4 
 36 396 2 1 
 67 190 3 3 
 462 905 2 2 
 36 396 2 1 
 677 67 2 2 
 65 281 1 2 
 465 907 3 2 
 677 67 2 2 
 65 281 1 2 
 466 907 2 2 
 677 67 2 2 
 46 283 3 2 
 466 907 2 2 
 677 67 2 2 
 39 377 2 2 
 466 907 2 2 
 677 67 2 2 
 39 377 2 2 
 1604 881 2 2 
 677 67 2 2 
 39 377 2 2 
 1604 881 2 2 
 677 67 2 2 
 39 377 2 2 
 427 788 2 2 
 67 190 1 2 
 31 398 1 2 
 427 788 2 2 
 66 190 2 3 
 17 403 2 2 
 427 788 2 2 
 66 190 2 3 
 536 944 4 4 
 25 422 2 1 
 66 190 2 3 
 868 866 2 2 
 25 422 2 1 
 65 190 3 3 
 868 866 2 2 
 25 422 2 1 
 1124 149 3 5 
 863 875 5 2 
 6 368 3 4 
 65 190 3 3 
 538 945 2 3 
 66 190 2 3 
 864 875 4 2 
 69 190 2 1 
 864 875 3 2 
 69 190 2 1 
 864 875 3 2 
 708 1020 2 3 
 22 243 2 1 
 414 817 2 2 
 2 333 1 2 
 707 831 2 2 
 2 333 1 2 
 592 1000 3 6 
 594 1007 3 2 
 4 326 2 2 
 24 338 2 2 
 594 1007 3 3 
 565 1011 3 1 
 24 338 2 2 
 43 216 2 2 
 565 1013 10 5 
 43 216 2 2 
 1512 847 1 2 
 43 216 2 2 
 43 216 2 2 
 793 1069 2 3 
 793 1070 2 2 
 692 801 2 2 
 692 801 2 2 
 712 1071 2 3 
 1178 231 3 4 
 692 801 2 2 
 1178 232 3 4 
 709 1017 3 2 
 912 1066 7 5 
 692 801 2 2 
 695 1026 1 2 
 692 801 2 2 
 692 801 2 2 
 1326 900 2 1 
 910 1066 9 5 
 1510 847 3 3 
