 59 327 1 2 
 47 325 2 6 
 49 321 1 3 
 49 317 2 2 
 51 265 3 2 
 46 254 1 2 
 63 327 3 3 
 61 326 4 3 
 63 325 3 3 
 64 324 3 3 
 64 317 3 3 
 64 315 3 3 
 62 313 4 3 
 14 348 1 2 
 2 334 3 3 
 13 349 3 3 
 0 332 30 46 
 21 366 44 58 
 90 463 5 4 
 91 463 3 3 
 92 464 3 3 
 53 408 45 62 
 87 462 3 3 
 91 463 3 3 
 87 464 3 3 
 92 466 3 3 
 92 468 3 4 
 122 493 3 3 
 87 457 47 62 
 122 507 46 61 
 155 553 42 55 
 195 597 3 3 
 183 594 36 49 
 231 654 3 3 
 206 630 29 41 
 204 656 2 3 
 201 656 2 1 
 193 657 12 12 
 204 657 2 2 
 193 662 3 3 
 186 664 2 2 
 190 659 7 14 
 190 659 7 14 
 186 664 5 7 
 195 679 1 2 
 193 685 1 2 
 193 683 2 1 
 193 685 1 2 
 184 670 5 3 
 535 34 2 2 
 188 663 2 2 
 535 34 2 2 
 215 665 4 8 
 535 34 2 2 
 215 675 3 4 
 216 679 2 2 
 220 656 2 3 
 220 656 2 3 
 217 665 5 10 
 217 679 2 3 
 221 655 3 3 
 221 655 3 3 
 221 655 4 4 
 222 655 3 4 
 222 655 3 4 
 222 655 3 4 
 224 657 2 2 
 224 657 2 2 
 224 657 2 2 
 224 657 2 2 
 197 646 2 6 
 197 646 2 6 
 196 649 3 3 
 196 649 3 3 
 456 907 3 3 
 197 648 3 3 
 197 648 3 3 
 197 648 3 3 
 196 644 4 8 
 197 644 3 5 
 198 643 2 4 
 198 643 2 4 
 191 683 3 3 
 171 665 3 3 
 171 666 3 3 
 171 666 3 3 
 171 666 4 3 
 170 666 5 5 
 170 666 5 5 
 170 666 5 5 
 170 666 5 5 
 170 666 5 5 
 170 666 5 5 
 173 666 2 2 
 173 666 2 2 
 451 911 1 2 
 450 911 5 4 
 534 36 2 1 
 457 908 2 3 
 534 36 2 1 
 457 908 2 3 
 534 36 2 1 
 456 903 4 8 
 534 36 2 1 
 456 903 4 8 
 534 36 2 1 
 456 903 4 8 
 534 36 2 1 
 456 903 4 6 
 732 2 3 3 
 154 675 3 5 
 732 2 3 3 
 153 675 5 6 
 732 3 4 3 
 152 675 6 6 
 152 675 6 6 
 151 675 7 6 
 152 673 6 8 
 151 675 7 6 
 150 675 8 6 
 90 464 5 3 
