 84 670 2 2 
 75 697 2 2 
 59 710 2 3 
 58 724 2 1 
 76 724 2 1 
 60 712 2 2 
 58 724 2 1 
 38 763 5 7 
 51 769 1 2 
 63 820 2 2 
 51 793 1 3 
 17 808 1 2 
 40 764 4 8 
 34 746 2 2 
 39 764 3 5 
 41 769 5 3 
 80 708 2 1 
 34 745 2 3 
 39 765 4 4 
 41 769 5 3 
 55 796 2 2 
 34 745 2 3 
 39 765 3 4 
 41 769 5 4 
 57 798 1 2 
 34 745 2 3 
 39 766 1 2 
 41 769 4 4 
 55 796 2 2 
 57 798 1 2 
 16 808 2 3 
 39 766 1 2 
 41 771 3 2 
 63 773 2 1 
 45 779 3 2 
 57 798 1 2 
 16 809 2 2 
 39 766 1 2 
 41 771 3 2 
 63 773 2 2 
 45 779 3 2 
 57 798 1 2 
 16 809 2 2 
 63 820 2 2 
 64 821 2 1 
 57 798 1 2 
 45 779 3 2 
 50 778 1 2 
 64 773 1 2 
 41 771 3 3 
 34 766 1 2 
 39 766 1 2 
 70 829 2 2 
 69 826 1 2 
 64 822 3 1 
 57 798 1 2 
 64 772 2 3 
 41 771 3 3 
 39 766 1 2 
 34 766 1 2 
 66 851 2 1 
 62 858 3 6 
 58 890 3 2 
 67 877 2 3 
 60 932 2 4 
 73 969 1 2 
 71 966 2 2 
 73 969 1 2 
 46 249 2 2 
 76 785 2 2 
 46 249 2 2 
 584 1019 2 2 
 80 462 1 3 
 56 212 1 2 
 17 910 1 2 
 46 249 2 2 
 584 1018 2 2 
 76 785 2 3 
 19 262 2 2 
 584 1018 2 2 
 63 504 2 2 
 19 262 2 2 
 584 1018 4 2 
 62 666 2 2 
 26 251 2 2 
 55 944 5 7 
 9 275 1 2 
 67 951 2 2 
 9 275 1 2 
 567 1031 3 4 
 77 675 2 3 
 27 283 2 1 
 55 944 4 4 
 9 275 1 2 
 57 944 1 4 
 9 275 1 2 
 68 974 2 2 
 39 507 1 2 
 27 283 2 1 
 72 963 2 1 
 58 310 1 2 
 891 883 3 3 
 58 310 1 2 
 892 883 2 2 
 659 69 3 4 
 72 957 2 2 
 28 325 3 2 
 659 69 3 4 
 72 958 2 1 
 28 325 3 2 
 659 69 3 4 
 72 958 2 1 
 22 336 3 4 
 659 69 3 4 
 72 957 2 2 
 22 336 3 4 
 71 960 2 4 
 14 344 1 2 
 14 344 1 2 
 60 928 3 3 
 51 325 2 3 
 51 325 2 3 
 51 325 2 3 
 3 326 2 1 
 74 966 2 1 
 47 620 3 3 
 74 966 2 1 
 14 344 1 2 
 46 620 4 3 
 68 241 2 2 
 11 808 4 4 
 68 237 4 3 
 11 808 4 4 
 58 210 2 2 
 11 809 1 2 
 57 207 3 4 
 11 809 1 2 
 57 207 3 2 
 57 203 2 2 
 12 407 2 2 
 57 203 2 2 
 6 418 2 5 
 53 202 6 3 
 13 809 1 2 
 54 202 5 3 
 2 412 2 4 
 80 739 1 2 
 54 200 5 5 
 1 411 3 5 
 80 739 1 2 
 54 200 4 3 
 1 412 5 4 
 80 739 1 2 
 57 222 1 2 
 51 201 1 2 
 2 412 2 4 
 50 200 4 4 
 2 412 2 4 
 50 197 7 7 
 2 412 2 4 
 54 198 3 3 
 85 681 2 2 
 0 419 6 6 
 659 61 2 2 
 49 949 2 2 
 85 669 2 3 
 3 417 5 7 
 659 61 2 2 
 61 931 2 5 
 30 268 3 3 
 659 61 2 2 
 61 846 1 2 
 30 268 3 3 
 659 61 2 2 
 20 828 2 2 
 46 297 2 1 
 659 61 2 2 
 96 995 2 1 
 67 794 3 3 
 28 310 1 2 
 659 61 2 2 
 97 995 1 2 
 40 773 3 5 
 4 341 2 1 
 659 61 2 2 
 97 995 1 3 
 45 279 1 3 
 659 61 2 2 
 83 996 1 2 
 40 773 3 4 
 0 280 2 4 
 83 997 2 1 
 56 762 2 3 
 26 277 2 3 
 51 199 3 3 
 83 997 2 1 
