 231 656 4 5 
 235 658 4 4 
 238 660 4 5 
 241 663 4 5 
 243 666 4 5 
 246 671 4 5 
 248 676 4 5 
 249 681 5 5 
 251 688 5 5 
 252 695 6 4 
 253 702 7 5 
 254 710 7 5 
 255 719 7 5 
 257 728 6 5 
 257 737 5 5 
 257 747 5 5 
 257 768 2 3 
 67 787 2 2 
 67 787 2 2 
 67 690 2 2 
 1911 674 1 2 
 176 872 3 3 
 648 63 2 1 
 72 821 1 2 
 648 63 2 1 
 63 823 2 4 
 648 63 2 1 
 72 821 1 2 
 648 63 2 1 
 63 823 2 4 
 648 63 2 1 
 63 823 2 4 
 648 63 2 1 
 55 826 2 1 
 60 826 2 3 
 648 63 2 1 
 648 63 2 1 
 60 826 2 3 
 63 823 2 2 
 59 689 2 2 
 59 689 2 3 
 59 689 2 3 
 59 689 2 3 
 82 775 2 3 
 59 689 2 4 
 46 780 2 3 
 47 660 1 2 
 76 509 3 2 
 12 265 2 2 
 72 567 2 1 
 76 509 3 2 
 1917 745 3 3 
 16 264 2 2 
 16 264 2 2 
 66 594 2 2 
 16 264 2 2 
 73 569 2 1 
 0 281 2 2 
 73 569 2 1 
 23 255 1 2 
 74 568 2 2 
 22 255 2 3 
 74 568 2 2 
 22 255 2 3 
 78 510 2 2 
 22 255 2 3 
 68 740 1 2 
 47 218 2 1 
 76 760 2 2 
 47 218 2 1 
 74 752 1 2 
 47 218 2 1 
 74 752 1 2 
 47 218 2 1 
 74 752 1 2 
 47 218 2 1 
 74 752 1 2 
 22 257 3 1 
 74 752 1 2 
 23 257 2 1 
 75 760 3 2 
 61 852 3 4 
 23 257 2 1 
 71 870 4 5 
 23 257 2 1 
 81 890 10 6 
 14 264 1 2 
 88 908 11 5 
 11 269 1 2 
 106 924 8 6 
 11 269 1 2 
 53 627 1 2 
 124 942 8 7 
 16 271 2 3 
 53 627 1 2 
 142 963 7 6 
 16 271 2 3 
 50 646 2 1 
 23 270 2 5 
 53 660 2 2 
 23 258 1 2 
 58 663 2 2 
 23 258 1 2 
 58 663 2 2 
 664 63 4 2 
 55 662 2 1 
 24 270 1 2 
 664 63 4 2 
 58 663 2 2 
 24 270 1 2 
 664 63 4 2 
 46 665 3 3 
 16 271 3 3 
 664 63 4 2 
 55 664 2 2 
 17 271 2 2 
 664 63 4 2 
 63 681 2 2 
 22 288 1 3 
 664 63 4 2 
 62 681 3 2 
 22 288 1 3 
 664 63 4 2 
 62 681 3 3 
 664 63 4 2 
 62 681 3 3 
 62 681 3 3 
 73 490 2 2 
 77 516 2 3 
 45 554 2 1 
 78 798 1 2 
 59 834 2 2 
 65 788 2 3 
