 52 748 2 2 
 69 830 2 1 
 13 821 2 3 
 51 762 3 3 
 64 789 4 4 
 49 770 3 3 
 67 796 2 2 
 48 744 2 3 
 85 666 2 2 
 48 743 2 4 
 49 758 1 2 
 85 666 2 2 
 48 743 2 4 
 48 761 2 2 
 48 744 2 3 
 48 761 2 1 
 49 769 2 3 
 49 770 2 2 
 66 799 2 2 
 72 804 2 3 
 82 746 2 2 
 73 806 1 2 
 10 819 3 3 
 82 746 2 2 
 10 819 4 3 
 60 822 2 2 
 11 820 2 2 
 60 823 2 3 
 48 878 3 2 
 25 902 2 1 
 64 919 1 2 
 63 915 1 2 
 64 919 1 2 
 64 919 1 2 
 59 968 2 1 
 81 747 1 2 
 70 818 1 2 
 56 812 1 2 
 69 612 2 2 
 1512 1005 2 4 
 69 612 2 2 
 35 484 2 4 
 69 687 2 3 
 69 612 3 2 
 70 613 2 2 
 70 613 2 2 
 56 594 1 2 
 56 594 1 2 
 36 508 2 1 
 81 752 2 4 
 35 507 3 2 
 83 716 2 1 
 35 507 3 2 
 74 872 1 2 
 665 63 3 3 
 73 870 2 4 
 35 507 3 2 
 665 63 3 2 
 59 915 2 2 
 32 440 2 1 
 86 645 2 2 
 97 981 4 2 
 665 63 3 2 
 69 418 2 2 
 23 744 2 1 
 665 63 3 2 
 101 982 1 3 
 69 418 2 2 
 41 721 2 2 
 665 63 3 2 
 101 983 2 1 
 28 431 2 2 
 64 764 3 2 
 665 63 3 2 
 330 976 1 2 
 45 395 2 1 
 77 764 2 2 
 665 63 3 2 
 58 452 2 1 
 330 975 3 3 
 665 63 3 2 
 58 452 2 1 
 96 977 5 6 
 330 976 1 2 
 12 250 2 2 
 58 452 2 1 
 85 715 3 3 
 12 250 2 2 
 58 452 2 1 
 96 975 5 7 
 702 1049 1 2 
 48 428 2 2 
 75 653 1 3 
 45 437 2 2 
 75 654 1 2 
 48 428 2 2 
 79 988 4 7 
 7 783 3 4 
 0 316 1 2 
 68 663 5 6 
 649 74 3 4 
 704 1048 2 1 
 0 316 1 2 
 69 664 2 3 
 650 74 2 2 
 704 1048 2 1 
 0 316 1 2 
 80 685 3 3 
 1 411 1 2 
 76 663 1 2 
 1514 1003 3 4 
 1 411 1 2 
 73 663 2 2 
 706 1046 2 1 
 1 411 1 2 
 71 665 3 1 
 706 1046 2 1 
 650 74 2 2 
 1 411 1 2 
 70 659 2 3 
 1587 1009 2 2 
 650 74 2 2 
 70 659 2 3 
 699 1045 6 4 
 650 74 2 2 
 69 659 3 3 
 699 1045 6 3 
 69 659 2 3 
 706 1046 3 1 
 77 680 1 2 
 706 1046 3 1 
 50 628 2 4 
 598 1053 3 1 
 50 629 2 2 
 599 1053 2 1 
 77 644 2 4 
 699 1045 2 2 
 77 643 2 5 
 699 1045 2 1 
 77 643 2 6 
 702 1045 1 2 
 518 1064 2 3 
 77 643 2 6 
 511 1063 2 1 
 70 619 1 2 
 35 488 2 2 
 511 1063 2 1 
 66 860 5 10 
 511 1063 2 2 
 29 531 2 2 
 55 779 3 2 
 37 529 1 2 
 64 763 1 2 
 42 522 2 2 
 83 742 1 2 
 17 439 3 3 
 332 1026 3 2 
 1918 642 1 2 
 18 439 2 3 
 74 992 2 3 
 1918 642 1 2 
 667 73 3 4 
 333 1026 2 2 
 17 439 3 3 
 1918 642 1 2 
 667 73 3 4 
 1514 1003 2 3 
 19 439 1 2 
 1918 642 1 2 
 667 73 3 4 
 3 342 2 2 
 75 987 2 2 
 47 740 2 1 
 667 73 3 4 
 2 342 3 2 
 93 710 2 2 
 64 939 5 5 
 667 73 3 4 
 1 342 4 2 
 99 981 1 2 
 59 582 1 2 
 667 73 3 4 
 1 342 4 2 
 99 981 3 4 
 59 582 4 4 
 667 73 3 4 
 0 342 5 3 
 75 987 2 2 
 31 767 2 2 
