 379 706 3 4 
 378 707 3 3 
 378 709 2 1 
 373 712 3 3 
 372 713 3 3 
 371 714 3 3 
 370 716 1 2 
 352 731 3 3 
 349 734 4 4 
 348 736 3 3 
 348 737 2 3 
 346 739 2 3 
 345 740 3 2 
 343 742 3 3 
 341 744 4 3 
 340 745 3 3 
 339 747 4 4 
 338 749 3 3 
 338 748 4 4 
 337 751 3 2 
 336 753 3 3 
 335 754 3 3 
 334 755 4 3 
 333 756 3 3 
 334 758 2 2 
 332 760 3 3 
 331 762 3 2 
 331 763 3 3 
 329 766 3 3 
 329 767 3 3 
 328 769 3 3 
 327 770 3 3 
 327 771 2 3 
 326 773 3 4 
 660 67 1 2 
 323 777 4 5 
 660 66 2 2 
 660 66 2 2 
 660 66 2 2 
 323 779 3 5 
 660 66 2 2 
 322 782 3 3 
 321 783 3 4 
 660 66 2 2 
 321 785 3 3 
 660 66 2 2 
 320 786 4 4 
 660 66 2 2 
 319 788 4 4 
 319 789 4 4 
 318 790 4 4 
 318 792 3 3 
 318 793 3 3 
 317 794 3 2 
 317 796 1 2 
 312 798 5 5 
 311 800 4 4 
 311 801 4 3 
 309 802 5 3 
 308 803 4 3 
 655 63 2 1 
 761 944 4 5 
 655 63 2 1 
 761 944 4 5 
 655 63 2 1 
 761 944 4 5 
 655 63 2 1 
 761 945 2 2 
 660 66 2 3 
 660 66 2 3 
 300 808 5 4 
 660 66 2 3 
 660 67 2 2 
 299 809 6 4 
 759 945 5 7 
 759 944 6 8 
 759 944 6 8 
 759 944 6 8 
 759 944 6 8 
 759 944 6 8 
 759 944 6 8 
 759 944 6 8 
 761 951 2 1 
 288 815 5 4 
 287 816 5 3 
 462 908 3 4 
 284 818 4 3 
 282 819 3 3 
 280 820 3 3 
 660 71 3 2 
 660 71 1 2 
 277 821 5 4 
 275 822 5 4 
 660 71 1 2 
 650 79 2 3 
 274 823 5 3 
 660 70 2 2 
 273 824 4 3 
 660 70 2 2 
 272 825 3 2 
 660 70 2 2 
 269 826 4 4 
 660 70 2 2 
 266 827 5 4 
 265 829 4 3 
 264 830 3 3 
 260 833 2 3 
 257 834 4 4 
 256 835 4 4 
 254 836 4 4 
 254 838 3 3 
 251 841 2 2 
