 263 629 8 10 
 278 647 2 3 
 283 653 3 3 
 289 661 5 6 
 296 669 3 3 
 305 681 2 2 
 308 685 3 3 
 314 694 11 13 
 329 713 4 7 
 336 724 2 2 
 342 734 3 4 
 347 743 4 3 
 354 753 10 15 
 364 770 12 21 
 377 793 10 16 
 386 810 3 5 
 392 818 12 23 
 403 840 14 23 
 434 895 14 17 
 447 912 18 19 
 461 928 19 18 
 479 944 18 16 
 495 959 15 16 
 511 974 16 15 
 528 988 16 12 
 545 999 16 12 
 559 1009 17 15 
 573 1024 15 17 
 586 1039 14 24 
 1024 1052 2 2 
 1024 1052 2 2 
 1024 1052 2 2 
 1024 1052 2 2 
 1024 1052 2 2 
 522 34 6 3 
 1024 1052 2 2 
 522 34 6 3 
 1024 1052 2 2 
 522 34 6 3 
 1024 1052 2 2 
 522 34 6 3 
 522 34 6 3 
 1024 1052 2 2 
 522 34 6 3 
 522 34 6 3 
 525 34 3 2 
 525 34 3 2 
 821 1068 2 1 
 821 1068 2 1 
 821 1068 2 1 
 1146 1078 3 2 
 534 34 3 2 
 534 34 3 2 
 534 34 3 2 
 534 34 3 2 
 534 34 3 2 
 534 34 3 2 
 534 34 3 2 
 534 34 3 2 
