 47 321 2 1 
 64 335 2 2 
 8 382 2 2 
 42 330 2 2 
 21 365 1 2 
 62 237 1 2 
 65 263 1 2 
 65 263 1 2 
 38 352 2 3 
 28 307 1 2 
 52 352 2 2 
 52 352 2 2 
 56 366 2 2 
 19 382 2 2 
 16 450 2 2 
 47 476 2 1 
 58 459 2 1 
 21 262 2 2 
 66 314 1 2 
 21 263 2 1 
 21 263 2 1 
 50 356 2 1 
 77 775 2 2 
 3 451 3 2 
 26 354 1 2 
 26 354 1 2 
 26 354 1 2 
 1121 1044 3 3 
 54 839 1 2 
 56 849 2 1 
 56 849 2 1 
 53 715 3 4 
 54 716 1 3 
 54 716 1 3 
 54 716 1 3 
 53 716 2 3 
 53 716 2 1 
 60 847 3 4 
 63 716 2 2 
 63 715 2 3 
 63 715 2 3 
 20 658 2 2 
 666 63 2 2 
 58 852 2 2 
 8 373 1 2 
 666 63 2 2 
 58 852 2 3 
 30 372 2 2 
 666 63 2 2 
 30 372 2 2 
 66 718 1 2 
 666 63 2 1 
 8 372 1 2 
 56 846 1 2 
 666 63 2 1 
 8 372 1 2 
 51 701 1 2 
 666 63 2 1 
 58 336 2 2 
 666 63 2 1 
 51 856 2 4 
 8 372 1 2 
 666 63 2 1 
 44 856 1 2 
 8 372 1 2 
 11 256 2 2 
 37 757 2 2 
 1085 1055 2 1 
 11 256 2 2 
 57 693 1 2 
 1085 1055 2 1 
 44 676 2 2 
 1085 1055 2 1 
 44 676 2 2 
 1085 1055 2 1 
 37 757 2 2 
 59 816 2 3 
 11 374 2 2 
 59 816 2 3 
 11 374 2 2 
 11 374 2 2 
 11 374 2 2 
 11 374 2 2 
 1 445 1 2 
 1 445 1 2 
