 19 445 3 2 
 18 443 4 4 
 40 467 1 2 
 43 221 2 2 
 32 250 3 2 
 61 256 1 2 
 23 374 2 1 
 44 377 2 2 
 50 379 2 2 
 60 380 2 2 
 20 443 2 3 
 37 475 2 2 
 65 188 5 3 
 50 189 3 2 
 57 213 2 1 
 61 217 3 2 
 43 220 2 2 
 63 240 2 2 
 52 242 3 1 
 31 248 1 2 
 33 250 2 2 
 34 262 1 2 
 58 287 2 1 
 35 293 2 2 
 19 295 2 2 
 27 295 2 1 
 8 325 2 2 
 44 376 2 3 
 58 378 4 4 
 50 379 2 3 
 56 395 2 2 
 31 403 2 2 
 29 405 2 1 
 32 481 2 2 
 69 409 2 2 
 71 416 1 3 
 20 443 3 2 
 65 452 2 2 
 67 188 2 2 
 49 189 2 3 
 39 206 2 1 
 43 212 2 2 
 57 212 1 2 
 55 213 1 2 
 61 217 3 2 
 15 220 2 1 
 63 240 2 3 
 52 241 3 2 
 55 243 3 3 
 12 245 2 3 
 31 247 2 4 
 19 275 1 2 
 63 282 2 2 
 58 285 2 3 
 37 287 1 2 
 35 293 2 2 
 27 294 2 2 
 19 295 2 2 
 25 297 2 1 
 4 306 1 2 
 9 321 1 2 
 8 324 2 3 
 27 363 1 2 
 23 372 2 2 
 71 483 1 2 
 44 376 9 4 
 54 377 7 3 
 73 475 2 2 
 60 379 2 3 
 42 384 2 2 
 32 387 8 8 
 53 463 1 2 
 55 395 3 3 
 29 405 2 1 
 68 407 5 4 
 65 452 2 2 
 52 445 3 2 
 71 417 1 2 
 54 178 2 3 
 67 188 2 2 
 49 189 2 3 
 63 189 3 2 
 59 202 2 2 
 39 205 3 2 
 58 209 2 2 
 18 211 2 4 
 57 211 1 3 
 43 212 2 2 
 54 213 2 2 
 54 216 1 2 
 61 217 2 2 
 18 218 2 2 
 27 218 2 2 
 15 219 2 3 
 41 219 4 2 
 63 486 2 3 
 25 221 2 2 
 6 225 3 3 
 73 474 2 3 
 43 468 2 2 
 33 227 4 3 
 53 463 2 2 
 4 234 2 2 
 64 239 2 1 
 52 241 3 2 
 52 444 3 3 
 67 241 2 2 
 55 243 2 2 
 12 245 2 2 
 30 247 3 6 
 57 422 2 3 
 54 422 2 3 
 10 248 2 2 
 71 417 1 2 
 56 254 2 4 
 60 257 2 2 
 33 260 2 2 
 19 275 1 2 
 47 282 3 3 
 61 282 4 2 
 58 283 2 5 
 69 406 7 4 
 29 405 2 1 
 37 287 1 2 
 53 395 5 3 
 30 395 1 2 
 35 292 2 3 
 19 294 2 3 
 27 294 2 2 
 4 305 2 4 
 32 390 2 2 
 8 321 2 6 
 27 363 2 2 
 22 371 3 4 
 36 387 4 3 
 41 374 2 3 
 44 376 7 3 
 52 377 7 3 
 60 379 2 3 
 54 178 2 3 
 49 188 3 3 
 64 188 4 3 
 63 188 6 3 
 59 202 2 2 
 39 203 4 4 
 57 209 3 5 
 18 211 2 2 
 42 212 3 2 
 53 213 3 3 
 53 213 3 3 
 49 492 1 2 
 34 492 3 4 
 63 486 2 3 
 61 217 2 2 
 18 218 2 2 
 25 218 4 5 
 73 473 2 4 
 43 468 2 2 
 52 463 3 2 
 45 461 3 2 
 15 219 2 3 
 40 219 5 4 
 52 444 3 3 
 12 222 2 1 
 68 224 3 2 
 7 225 2 1 
 33 227 4 2 
 63 229 4 4 
 4 234 2 2 
 57 422 2 1 
 54 422 2 2 
 43 239 2 2 
 64 239 2 1 
 52 240 3 3 
 20 411 3 2 
 67 241 2 2 
 55 243 3 4 
 12 245 2 2 
 29 246 5 9 
 69 405 7 5 
 10 248 2 2 
 60 253 6 6 
 56 254 3 4 
 30 395 2 2 
 33 260 2 2 
 53 393 5 5 
 4 262 1 2 
 47 282 2 1 
 58 282 7 6 
 37 287 1 2 
 8 292 1 2 
 36 388 1 2 
 35 292 2 3 
 19 293 2 3 
 38 387 2 2 
 27 294 2 2 
 47 294 2 1 
 42 384 2 1 
 44 296 2 1 
 28 380 1 2 
 60 379 2 3 
 3 304 4 5 
 8 320 2 7 
 52 377 7 3 
 46 377 4 3 
 44 376 2 2 
 40 374 3 4 
 21 371 4 4 
 27 361 2 4 
 34 345 2 2 
 23 335 3 1 
 49 187 4 4 
 63 188 6 3 
 59 202 2 2 
 39 203 4 4 
 19 209 2 1 
 57 209 3 5 
 18 211 2 2 
 42 212 3 2 
 38 496 2 2 
 53 213 3 3 
 61 217 2 2 
 49 492 1 2 
 34 492 3 4 
 62 486 3 3 
 62 486 3 3 
 18 218 3 2 
 25 218 4 5 
 15 219 2 3 
 73 473 2 4 
 40 219 5 4 
 12 222 2 1 
 7 223 2 3 
 52 463 3 2 
 45 461 3 2 
 68 223 3 3 
 33 227 2 2 
 52 444 3 3 
 30 228 2 2 
 63 229 4 4 
 5 231 2 1 
 4 233 2 2 
 43 238 2 4 
 64 239 2 1 
 57 422 2 3 
 53 240 2 2 
 67 241 2 2 
 55 243 3 4 
 20 411 3 2 
 72 410 2 1 
 12 245 2 2 
 30 246 5 7 
 10 248 2 2 
 70 405 6 4 
 60 253 4 4 
 60 253 6 6 
 56 254 2 4 
 6 259 2 1 
 30 395 2 2 
 53 393 5 5 
 33 260 2 2 
 3 262 2 2 
 36 388 1 2 
 30 272 3 2 
 47 280 3 3 
 38 387 2 1 
 29 281 2 2 
 58 281 7 7 
 42 384 2 1 
 27 380 2 2 
 60 379 2 3 
 37 286 2 3 
 8 292 1 2 
 52 377 7 3 
 46 377 4 3 
 44 376 2 2 
 40 374 3 4 
 22 371 3 3 
 35 292 2 3 
 19 293 2 3 
 27 362 2 3 
 34 345 2 2 
 22 333 4 3 
 26 293 3 3 
 47 294 2 1 
 33 320 2 2 
 8 320 2 5 
 3 304 4 5 
 13 318 2 3 
 53 551 1 2 
 41 496 2 1 
 38 496 1 2 
 49 492 1 2 
 34 492 3 4 
 62 486 2 3 
 73 474 2 3 
 53 463 2 2 
 52 444 3 3 
 57 422 2 3 
 20 411 3 3 
 72 410 2 1 
 70 405 6 4 
 30 395 2 2 
 54 393 4 5 
 32 390 2 2 
 36 388 1 2 
 38 387 2 2 
 0 387 2 2 
 42 384 2 1 
 27 380 2 2 
 60 379 2 3 
 52 377 7 3 
 47 376 3 3 
 44 376 2 2 
 41 374 2 3 
 22 371 3 3 
 3 371 5 2 
 27 362 2 3 
 27 359 1 2 
 34 345 2 2 
 22 333 4 3 
 17 324 1 2 
 33 320 2 2 
 8 320 2 5 
 47 280 4 3 
 13 318 2 3 
 29 281 2 2 
 22 310 2 3 
 58 281 7 7 
 37 287 2 2 
 3 302 5 7 
 37 290 2 1 
 8 292 1 2 
 35 292 2 3 
 47 294 2 1 
 26 293 3 3 
 19 293 2 3 
 54 570 3 10 
 41 496 2 2 
 34 495 2 1 
 49 492 1 2 
 62 486 2 3 
 73 474 2 3 
 53 444 2 3 
 57 422 2 3 
 20 411 3 3 
 72 410 2 1 
 69 405 7 5 
 30 395 2 2 
 54 393 4 5 
 32 390 2 2 
 38 387 2 2 
 27 380 2 2 
 60 379 2 3 
 46 377 4 3 
 52 376 7 4 
 44 376 3 2 
 76 579 2 2 
 54 570 3 10 
 41 496 2 2 
 38 496 1 2 
 34 495 2 2 
 49 492 1 2 
 62 486 2 3 
 73 474 2 3 
 76 608 2 5 
 76 579 1 2 
 54 576 3 4 
 54 571 3 4 
 76 610 2 3 
 78 639 4 4 
 54 705 2 2 
 48 737 1 2 
 1484 969 4 5 
 1484 969 3 3 
 26 304 4 4 
 1489 942 3 3 
 69 609 2 2 
 1489 942 4 3 
 27 304 1 2 
 61 575 1 2 
 26 403 3 2 
 1535 915 2 1 
 1535 915 2 1 
 1530 866 1 2 
 1495 964 2 3 
 61 253 3 4 
 1495 964 3 3 
 61 218 2 2 
 1463 917 1 2 
 67 187 4 3 
 1463 917 1 2 
 625 63 3 4 
 1064 870 4 7 
 71 646 1 2 
 37 287 1 2 
 625 63 3 4 
 1064 870 4 7 
 74 578 2 2 
 47 280 2 1 
 625 64 3 3 
 23 335 2 2 
 625 64 3 3 
 1064 867 4 10 
 1064 870 4 7 
 1064 871 2 4 
 1064 872 2 3 
 74 617 1 4 
 655 63 1 2 
 655 63 1 2 
 655 63 1 2 
 655 62 2 3 
 655 62 2 3 
 655 62 2 3 
 655 62 2 3 
 655 62 2 3 
 616 990 2 3 
 617 990 2 1 
 617 990 2 1 
 618 990 2 1 
 664 73 2 2 
 618 990 2 1 
 664 73 2 2 
 664 73 2 2 
 88 956 3 2 
 664 73 2 2 
 83 967 4 2 
 664 73 2 2 
 77 712 3 1 
 664 73 2 2 
 84 974 1 2 
 664 73 2 2 
 83 973 2 3 
 664 73 2 2 
 83 973 2 3 
 664 73 2 2 
 83 973 2 3 
 74 697 3 2 
 79 979 2 1 
 0 404 3 3 
 476 790 2 1 
 476 790 2 1 
 476 789 2 2 
 476 787 2 4 
 82 1007 2 3 
 476 787 2 4 
 476 787 2 3 
 476 787 2 3 
 476 787 2 3 
 476 787 2 2 
 656 62 4 5 
 656 62 4 5 
 656 62 4 5 
 656 62 4 5 
 656 62 4 5 
 656 62 4 5 
