 659 84 2 2 
 665 79 3 5 
 662 78 2 4 
 662 73 1 2 
 656 74 2 2 
 1469 817 9 6 
 1477 833 4 1 
 1468 818 3 2 
 1473 818 9 5 
 1468 818 3 2 
 1479 828 8 7 
 1471 821 1 2 
 1473 818 9 6 
 1469 818 2 1 
 1479 829 8 6 
 1479 829 3 3 
 1473 818 9 6 
 1469 818 2 1 
 1477 832 2 2 
 1479 829 8 6 
 1472 818 10 6 
 1469 818 2 2 
 1464 840 15 11 
 1477 832 2 2 
 1479 829 8 6 
 1472 821 2 2 
 1474 818 8 6 
 1464 841 3 3 
 1475 850 2 2 
 1467 842 7 7 
 1470 846 3 3 
 1469 845 3 3 
 1476 850 1 2 
 1467 843 7 6 
 1476 850 1 2 
 1472 819 4 3 
 649 63 2 2 
 1461 840 10 7 
 649 63 2 2 
 1470 848 2 2 
 649 63 2 2 
 1469 848 3 2 
 649 63 2 2 
 1466 847 6 3 
 1465 847 7 4 
 649 63 2 2 
 649 63 2 2 
 1462 843 5 3 
 1463 847 14 11 
 649 63 2 2 
 1463 847 14 12 
 649 63 2 2 
 1462 843 14 17 
 1473 823 9 4 
 1471 821 3 1 
 1473 820 2 2 
 1461 844 13 16 
 1460 844 15 16 
 1459 846 17 14 
 1469 849 1 2 
 1468 831 2 1 
 1472 852 5 8 
 1472 853 7 8 
 1479 843 3 3 
 1486 833 2 2 
 1486 833 2 2 
 1486 834 2 1 
 1461 855 3 4 
 1469 835 3 2 
 1475 852 8 9 
 1475 852 9 9 
 1476 852 8 9 
 1478 852 7 9 
 277 47 3 2 
 1493 846 2 2 
 1469 836 4 2 
 1490 834 2 2 
 1480 855 6 6 
 1481 856 3 5 
 1482 858 2 3 
 1483 846 1 2 
 1483 846 1 2 
 1486 844 7 9 
 1489 832 5 4 
 1488 831 5 4 
 1487 831 2 2 
 1485 842 2 1 
 1488 849 1 2 
 665 63 3 3 
 665 64 2 2 
 665 64 2 2 
 665 64 2 2 
 665 64 2 2 
 665 64 2 2 
 665 64 2 2 
 665 64 2 2 
 1482 828 2 2 
 1482 828 2 2 
 1482 828 3 2 
