 905 1012 3 3 
 923 1022 6 4 
 886 1037 2 5 
 871 1071 2 3 
 885 1042 4 4 
 872 1065 3 3 
 922 1030 4 4 
 901 1050 1 2 
 876 1068 3 5 
 910 1008 4 4 
 910 1008 2 5 
 913 1010 1 2 
 913 1008 3 4 
 911 1009 1 3 
 903 1016 2 1 
 913 1007 3 6 
 907 1010 2 2 
 903 1016 2 1 
 855 1069 2 3 
 855 1070 1 3 
 880 1069 3 4 
 911 1010 2 3 
 896 1046 1 2 
 834 1074 3 1 
 880 1065 4 6 
 1020 1053 3 6 
 883 1078 2 2 
 828 1078 2 2 
 830 1076 2 1 
 828 1078 2 2 
 917 1009 2 2 
 917 1009 2 1 
 912 1010 1 2 
 913 1012 3 3 
 913 1013 2 2 
 916 1009 3 6 
 918 1010 1 2 
 918 1010 1 2 
 520 43 2 2 
 907 1019 2 2 
 520 43 2 2 
 908 1019 3 2 
 520 43 2 2 
 1068 1076 3 4 
 889 1077 3 3 
 520 43 2 2 
 520 43 2 2 
 871 1074 2 3 
 520 43 2 2 
 889 1077 3 3 
 520 43 2 2 
 910 1019 3 2 
 520 43 2 2 
 890 1078 2 2 
 890 1078 2 2 
 925 1013 2 2 
 925 1013 2 1 
 924 1010 4 5 
 925 1010 3 4 
 925 1010 3 4 
 925 1011 3 3 
 925 1011 3 3 
 929 1013 2 1 
 927 1016 1 2 
 925 1010 1 2 
 918 1008 5 6 
 918 1008 5 7 
 922 1010 2 2 
 925 1014 2 1 
 928 1028 2 1 
 946 1038 2 3 
 522 39 2 2 
 834 1077 6 3 
 521 40 2 2 
 787 1077 1 3 
 521 40 2 2 
 1137 1075 1 2 
 521 40 2 2 
 1146 1076 7 4 
 521 40 2 2 
 1145 1074 8 6 
 521 40 2 2 
 908 1014 2 1 
 521 40 2 2 
 1068 1075 3 2 
 521 40 2 2 
 826 1078 4 2 
 1138 1077 2 3 
 909 1014 1 2 
 908 1014 2 1 
 912 1010 1 2 
 912 1010 1 2 
 908 1014 2 1 
 908 1014 2 1 
 908 1014 2 1 
 913 1013 2 2 
 904 1019 2 1 
 898 1037 2 1 
 1020 1055 3 3 
 915 1010 1 2 
 918 1010 1 2 
 918 1010 1 2 
 918 1010 2 2 
 918 1010 2 2 
 921 1008 2 3 
 921 1008 3 3 
 921 1008 7 4 
 924 1007 7 7 
 924 1009 3 3 
 930 1008 3 3 
 930 1008 3 3 
 930 1010 3 3 
 932 1012 3 3 
 934 1013 3 3 
 934 1008 11 7 
 942 1010 3 3 
