 425 874 3 4 
 420 883 3 2 
 409 897 6 4 
 405 905 5 3 
 400 912 5 3 
 396 919 4 3 
 390 926 4 3 
 384 933 5 3 
 374 947 3 3 
 364 961 2 1 
 358 968 3 2 
 352 974 4 3 
 346 981 5 3 
 341 988 5 3 
 336 995 4 3 
 332 1002 2 3 
 321 1016 4 4 
 317 1024 3 3 
 920 1059 2 3 
 920 1059 2 2 
 947 1022 2 2 
 946 1022 3 2 
 946 1022 3 5 
 884 1015 2 2 
 947 1022 2 2 
 919 1059 2 3 
 919 1059 2 2 
 1161 891 2 2 
 1161 891 2 2 
 1161 891 2 2 
 1161 891 2 2 
 1161 891 2 2 
 1161 891 2 2 
 981 1069 2 2 
 874 1042 4 4 
 851 1042 3 2 
 851 1042 3 3 
 850 1042 4 3 
 851 1042 3 3 
 874 1042 4 4 
 874 1042 3 3 
 875 1042 2 1 
 535 36 2 1 
 888 1067 2 3 
 535 36 2 1 
 875 1041 2 2 
 535 36 2 1 
 878 1042 1 2 
 535 36 2 1 
 878 1042 1 2 
 535 36 2 1 
 1031 1070 5 4 
 535 36 2 1 
 878 1042 1 2 
 535 36 2 1 
 851 1042 4 2 
 535 36 2 1 
 851 1042 4 3 
 1034 1073 2 1 
 1033 1073 3 1 
 986 1065 3 2 
 987 1065 2 2 
 986 1064 3 3 
 877 1060 2 1 
 823 1054 2 2 
 822 1054 2 2 
 799 1066 1 2 
 829 1050 1 2 
 905 1071 5 5 
 905 1071 4 5 
 905 1071 4 5 
 905 1071 4 5 
 900 1072 2 2 
 900 1072 2 2 
 544 279 2 2 
 1034 1072 2 1 
 1031 1070 2 2 
 1031 1070 2 2 
