 29 358 2 2 
 59 288 2 2 
 50 290 3 1 
 50 290 2 1 
 29 358 2 2 
 60 288 2 2 
 45 384 1 2 
 45 384 1 2 
 33 396 2 2 
 42 403 3 2 
 38 481 2 2 
 39 486 2 1 
 813 926 3 3 
 821 911 2 2 
 664 74 3 2 
 820 911 3 2 
 664 74 3 2 
 820 911 3 2 
 664 74 3 2 
 820 911 3 2 
 664 74 3 2 
 820 911 3 2 
 664 74 3 2 
 664 74 3 2 
 664 74 3 2 
 664 74 3 2 
 821 911 2 1 
 76 693 3 4 
 76 693 2 3 
 80 943 1 2 
 67 868 2 1 
 59 572 2 3 
 58 573 3 2 
 63 782 2 2 
 63 782 2 2 
 33 523 2 2 
 52 196 2 1 
 52 196 2 1 
 656 62 1 2 
 57 778 2 2 
 656 62 1 2 
 1267 921 3 2 
 41 387 2 1 
 656 62 1 2 
 1267 921 3 2 
 33 523 2 2 
 656 62 1 2 
 48 283 2 2 
 656 62 1 2 
 1267 921 2 2 
 33 523 2 2 
 656 62 1 2 
 1267 921 2 2 
 54 587 2 2 
 28 353 2 3 
 656 62 1 2 
 1259 923 6 4 
 66 674 2 2 
 28 354 2 2 
 656 62 1 2 
 1259 923 6 3 
 45 282 3 2 
 1259 923 7 3 
 58 204 2 3 
 58 204 2 3 
 1259 923 7 3 
 58 204 2 3 
 1256 925 2 2 
