 54 588 1 2 
 71 676 1 2 
 72 681 2 2 
 69 684 3 3 
 68 682 6 7 
 75 686 2 1 
 78 698 2 2 
 74 703 2 2 
 81 710 2 1 
 71 676 1 2 
 69 682 3 3 
 69 684 3 3 
 68 681 6 8 
 78 698 2 2 
 74 703 2 2 
 81 710 2 1 
 50 720 1 3 
 69 682 3 3 
 68 681 6 8 
 74 703 2 2 
 81 710 2 1 
 50 720 1 3 
 56 725 2 1 
 71 737 2 3 
 63 733 2 2 
 56 725 2 1 
 74 703 2 2 
 76 782 2 3 
 43 774 1 2 
 69 789 4 4 
 76 784 2 1 
 69 789 3 4 
 717 1059 3 3 
 717 1059 3 3 
 718 1059 2 3 
 660 1056 2 3 
 730 1015 1 2 
 730 1015 1 2 
 730 1015 1 2 
 705 1057 3 2 
 1918 629 2 2 
 1918 628 2 3 
 883 897 2 2 
 1918 629 2 2 
 883 897 2 2 
 883 897 2 2 
 883 897 2 2 
 883 897 2 2 
 73 676 2 1 
 73 676 2 1 
 72 675 3 2 
 656 62 3 3 
 656 62 3 3 
 656 62 3 3 
 656 62 3 3 
 656 62 3 3 
 656 62 3 3 
 656 62 3 3 
 71 671 3 4 
 656 62 3 3 
 815 890 2 2 
 815 890 2 2 
 884 890 2 2 
 884 890 2 2 
 884 890 2 2 
 872 887 2 1 
 884 890 2 2 
 884 890 2 2 
 884 890 2 2 
 833 934 1 2 
 833 934 1 2 
 807 903 1 2 
 767 875 1 2 
 749 853 2 2 
 649 63 2 2 
 749 853 2 2 
 649 63 2 2 
 749 853 2 2 
 649 63 2 2 
 749 853 2 2 
 598 1044 1 2 
 649 63 2 2 
 649 63 2 2 
 749 853 3 2 
 649 63 2 2 
 649 63 2 2 
 751 853 1 2 
 649 63 2 2 
 751 853 1 2 
 753 852 1 2 
 58 711 3 4 
 1511 1026 4 6 
