 976 1011 3 1 
 971 1013 7 14 
 967 1014 11 12 
 972 1015 3 3 
 971 1014 7 5 
 967 1015 10 10 
 972 1011 1 2 
 972 1014 4 4 
 930 1016 8 15 
 972 1011 1 2 
 972 1014 4 3 
 933 1017 5 2 
 939 1017 2 2 
 974 1013 2 4 
 940 1017 1 2 
 937 1018 1 2 
 932 1019 5 10 
 973 1019 2 3 
 974 1013 2 4 
 973 1018 2 3 
 933 1019 6 6 
 977 1021 2 3 
 974 1013 1 3 
 974 1019 2 4 
 933 1021 4 4 
 937 1021 2 1 
 977 1021 2 3 
 934 1026 3 3 
 974 1013 1 3 
 972 1017 5 5 
 937 1021 2 1 
 977 1021 2 3 
 933 1023 4 6 
 981 1030 2 2 
 974 1013 1 3 
 969 1017 2 1 
 972 1017 3 2 
 974 1019 3 4 
 937 1021 2 1 
 977 1021 2 3 
 932 1023 3 4 
 981 1030 2 2 
 982 1033 2 3 
 969 1016 2 2 
 974 1017 3 6 
 932 1021 5 6 
 937 1021 2 1 
 977 1021 2 3 
 981 1030 2 2 
 926 1032 6 2 
 982 1032 3 4 
 985 1034 2 3 
 1061 1061 4 7 
 969 1016 2 2 
 974 1018 3 5 
 931 1021 6 6 
 937 1021 2 1 
 977 1021 2 3 
 981 1030 2 2 
 925 1032 7 3 
 982 1032 3 4 
 985 1034 2 3 
 975 1035 2 2 
 1071 1057 1 2 
 1076 1057 2 1 
 1061 1062 3 3 
 1061 1061 3 6 
 1075 1062 3 3 
 968 1016 3 4 
 974 1018 3 5 
 977 1021 2 2 
 931 1022 6 5 
 981 1030 2 2 
 982 1033 2 3 
 985 1034 2 3 
 975 1035 2 2 
 1074 1056 4 2 
 1071 1057 1 3 
 1009 1058 2 3 
 1061 1062 3 3 
 1061 1061 3 6 
 1075 1063 2 2 
 969 1016 2 2 
 974 1018 3 5 
 931 1023 4 4 
 969 1023 1 2 
 981 1030 2 2 
 982 1033 2 3 
 1072 1069 2 1 
 985 1034 2 1 
 1016 1068 5 6 
 1071 1056 7 4 
 1009 1058 2 3 
 1061 1062 3 3 
 1075 1063 2 2 
 1061 1061 3 6 
 974 1018 3 4 
 931 1023 3 4 
 968 1023 2 2 
 968 1026 2 2 
 981 1030 2 2 
 1060 1070 4 4 
 1072 1069 2 1 
 1015 1068 6 6 
 1071 1056 7 4 
 1008 1058 3 3 
 1061 1061 3 6 
 1075 1062 3 3 
 975 1019 1 2 
 968 1026 2 2 
 981 1030 1 2 
 1045 1072 4 3 
 1000 1040 2 2 
 1061 1070 3 2 
 1014 1068 7 6 
 1009 1058 2 3 
 1061 1061 3 6 
 1017 1066 2 2 
 1014 1075 11 5 
 1054 1078 2 2 
 1015 1076 10 4 
 1019 1076 3 3 
 1055 1078 3 2 
 1020 1077 5 3 
 1016 1073 2 2 
 1047 1072 3 3 
 1057 1078 3 2 
 1021 1079 2 1 
 932 1018 3 3 
 931 1015 9 11 
 1017 1075 4 3 
 829 1011 7 6 
 933 1017 5 3 
 832 1010 3 3 
 828 1008 9 9 
 828 1007 9 10 
 827 1008 10 9 
 828 1009 9 8 
 829 1010 7 7 
 829 1010 6 6 
 829 1010 3 4 
 830 1013 3 5 
 830 1015 3 3 
 830 1015 3 3 
 523 34 3 3 
 1013 1076 3 4 
 523 34 3 3 
 1019 1077 3 3 
 524 34 2 3 
 831 1015 3 3 
 524 34 2 3 
 1012 1074 2 2 
 524 34 2 3 
 832 1010 4 3 
 524 34 2 3 
 829 1009 8 7 
 524 34 2 3 
 736 1075 2 1 
 524 34 2 3 
 829 1008 8 9 
 1011 1075 3 4 
 827 1008 3 3 
 827 1008 3 3 
 827 1008 3 3 
 825 1009 9 9 
 824 1008 10 10 
 822 1008 11 10 
 826 1010 3 3 
 826 1010 3 3 
 1019 1077 1 3 
 826 1010 3 4 
 821 1007 11 11 
 821 1007 11 7 
 828 1011 3 3 
 822 1007 11 10 
 822 1006 11 11 
 534 34 2 1 
 820 1007 3 3 
 534 34 2 1 
 823 1006 3 3 
 820 1006 6 6 
