 638 70 3 3 
 38 199 2 2 
 25 229 3 2 
 7 334 2 2 
 1478 971 4 2 
 72 396 2 1 
 1438 942 2 1 
 82 583 5 6 
 1532 900 2 3 
 1490 852 2 2 
 1516 871 5 4 
 1457 1013 3 2 
 1482 1004 3 3 
 1492 998 3 3 
 25 411 2 3 
 67 516 5 4 
 48 538 5 3 
 1526 922 2 4 
 1512 842 4 5 
 1447 845 1 2 
 1512 842 4 6 
 1530 842 2 2 
 1486 850 5 9 
 1509 850 3 4 
 1513 842 3 6 
 1485 850 6 9 
 1509 850 3 4 
 1513 855 2 3 
 1513 843 3 2 
 1445 844 1 2 
 1488 855 3 3 
 1486 851 5 8 
 1510 851 2 3 
 1513 855 2 2 
 1495 864 3 3 
 1445 844 1 2 
 1513 844 2 1 
 1428 849 3 4 
 1488 855 3 3 
 1486 851 5 8 
 1510 851 3 3 
 1515 874 5 5 
 1496 861 3 6 
 1513 843 3 2 
 1428 849 3 4 
 1526 903 5 8 
 1510 851 3 3 
 1515 873 5 6 
 1486 853 5 6 
 1496 864 3 3 
 1433 857 1 2 
 1499 905 1 3 
 1526 902 4 9 
 1420 876 2 1 
 1514 874 6 5 
 1517 876 3 3 
 1404 845 4 2 
 1496 864 3 3 
 1428 849 3 3 
 1510 851 3 3 
 1404 852 3 2 
 1487 854 4 4 
 1488 855 3 3 
 1526 928 2 1 
 1526 924 3 2 
 1445 923 4 5 
 1499 905 1 3 
 1526 902 4 9 
 1420 876 2 1 
 1513 874 7 5 
 1517 876 3 3 
 1496 864 3 3 
 1487 854 4 4 
 1404 852 3 2 
 1510 851 3 3 
 1489 851 2 1 
 1429 850 3 2 
 1404 845 2 1 
 1509 851 4 3 
 1487 854 4 4 
 1477 953 2 6 
 1525 927 3 2 
 1526 924 2 2 
 1446 923 3 5 
 1499 905 1 3 
 1526 902 4 7 
 1526 903 3 3 
 1433 857 2 1 
 1496 864 3 3 
 1517 876 3 3 
 1420 876 2 3 
 1512 874 8 5 
 1457 997 4 3 
 1513 845 2 1 
 1477 955 2 4 
 1527 927 2 3 
 1446 923 3 5 
 1509 850 2 4 
 1488 853 3 5 
 1499 905 1 2 
 1526 903 2 5 
 1433 857 2 1 
 1516 874 2 1 
 1512 874 4 4 
 1496 862 1 2 
 1496 865 3 2 
 1492 1003 2 2 
 1459 998 1 2 
 1512 843 3 3 
 1508 850 3 3 
 1489 853 2 2 
 1490 856 1 2 
 1433 857 2 1 
 1495 862 3 5 
 1512 874 4 4 
 1516 874 2 1 
 1477 956 2 2 
 1530 928 2 1 
 1446 922 6 6 
 1526 905 4 3 
 1529 909 1 2 
 1529 1016 3 2 
 1492 1003 4 2 
 1459 998 1 2 
 1461 997 2 3 
 1477 955 2 2 
 1529 924 2 2 
 1489 1044 2 2 
 1530 1016 2 2 
 1538 1070 2 2 
 1544 1072 2 1 
 38 158 4 5 
 1489 1044 2 2 
 68 383 3 3 
 39 160 3 4 
 1599 1036 2 1 
 68 389 2 2 
 649 81 3 3 
 1459 996 6 5 
 19 301 2 3 
 649 81 3 3 
 1704 967 3 2 
 18 302 4 3 
 82 641 3 3 
 650 81 2 3 
 1475 987 3 2 
 18 302 4 5 
 82 641 3 3 
 650 81 2 3 
 591 1025 4 3 
 35 308 3 2 
 70 547 3 3 
 40 160 3 3 
 1486 1035 2 3 
 0 402 1 3 
 42 162 1 2 
 1487 998 5 3 
 0 403 1 2 
 87 637 2 1 
 42 164 4 6 
 1518 1011 3 5 
 70 534 3 3 
 42 167 5 4 
 1480 1017 1 3 
 72 541 3 3 
 43 167 6 8 
 1533 1078 3 2 
 70 545 2 1 
 1400 850 5 5 
 43 167 5 6 
 1535 1070 3 3 
 70 393 5 3 
 1426 853 2 2 
 1536 1071 2 2 
 43 167 5 6 
 1534 1077 4 3 
 43 167 5 5 
 1415 858 3 4 
 43 168 4 4 
 1496 998 2 2 
 3 394 4 3 
 42 165 4 6 
 91 958 2 4 
 41 164 6 6 
 91 959 1 2 
 657 66 2 2 
 1503 996 4 4 
 657 66 2 2 
 1504 996 2 3 
 657 66 2 2 
 84 975 3 6 
 657 66 2 2 
 946 1042 3 3 
 657 66 2 2 
 946 1042 3 3 
 41 340 2 2 
 68 556 2 1 
 657 66 2 2 
 1539 1065 3 4 
 657 66 2 2 
 657 66 2 2 
 1540 1060 3 7 
 71 397 3 2 
 1540 1059 4 8 
 71 397 3 2 
 38 164 2 1 
 1586 1055 2 4 
 38 164 2 1 
 1543 1059 3 4 
 38 164 2 1 
 1543 1060 2 3 
 1607 834 2 3 
 30 519 2 2 
 1260 983 1 2 
 1609 834 4 7 
 1607 834 6 5 
 55 581 2 1 
 1609 835 3 3 
 1082 1049 2 3 
 81 435 2 2 
 43 388 2 2 
 793 905 2 2 
 43 388 2 2 
 808 862 3 2 
 19 305 2 3 
 89 968 2 3 
 0 338 2 4 
 91 967 3 2 
 35 204 2 4 
 90 969 1 2 
 61 442 1 3 
 40 162 4 1 
 90 969 1 2 
 40 162 4 1 
 551 1012 3 4 
 80 582 2 1 
 40 162 4 1 
 79 423 6 8 
 551 1013 2 2 
 41 165 3 3 
 68 390 5 3 
 550 1011 3 4 
 94 616 2 1 
 41 165 3 4 
 68 389 4 3 
 550 1011 2 2 
 40 162 2 1 
 70 388 2 1 
 549 1005 2 2 
 39 157 4 6 
 70 387 3 2 
 563 1021 2 2 
 38 156 3 3 
 71 387 2 2 
 563 1021 2 2 
 661 804 2 1 
 35 155 3 3 
 515 1052 2 1 
 70 390 3 3 
 661 803 2 2 
