 312 1016 2 2 
 328 1034 2 3 
 249 980 2 1 
 292 983 2 2 
 292 983 2 3 
 293 987 2 2 
 292 983 2 2 
 293 987 2 2 
 318 1028 2 2 
 318 1028 2 2 
 287 1034 2 1 
 318 1028 2 2 
 323 1035 6 3 
 310 1011 1 2 
 329 1048 4 5 
 318 1028 2 2 
 323 1035 5 2 
 325 1040 2 1 
 329 1051 3 2 
 331 1048 1 2 
 284 1063 4 4 
 329 1052 3 2 
 310 1011 1 2 
 330 1053 2 1 
 0 408 2 2 
 46 643 2 3 
 0 407 2 2 
 0 408 2 1 
 322 1023 1 2 
 5 394 3 2 
 4 440 1 2 
 665 63 5 4 
 665 63 3 2 
 665 63 3 2 
 21 720 3 3 
 665 63 3 2 
 21 720 3 3 
 665 63 3 2 
 20 720 4 3 
 665 63 3 2 
 21 720 3 3 
 665 63 3 2 
 21 720 3 3 
 665 63 3 2 
 34 635 3 5 
 33 635 3 5 
 34 636 2 4 
 34 637 2 2 
 34 637 2 2 
 73 658 2 2 
 328 1036 2 2 
 73 658 2 2 
 328 1036 2 2 
 68 666 2 2 
 310 1004 3 1 
 310 1004 2 1 
 286 1065 1 2 
 286 1066 1 3 
 72 969 1 2 
 72 969 1 2 
 648 72 3 3 
 322 1048 4 3 
 648 72 2 3 
 72 969 1 2 
 648 72 2 3 
 648 72 2 3 
 67 794 2 2 
 286 1039 1 2 
 648 72 2 3 
 44 594 2 2 
 648 72 2 3 
 44 594 2 2 
 648 72 2 3 
 65 675 2 3 
 648 72 2 3 
 78 709 2 1 
 69 640 2 3 
 25 526 4 2 
 61 820 2 1 
 25 526 4 2 
 60 822 2 2 
 40 499 1 2 
 69 846 2 2 
 40 499 1 2 
 69 847 2 1 
 40 499 1 2 
 69 845 2 1 
 1 325 2 2 
 56 585 1 2 
 1 325 2 2 
 56 585 1 2 
 40 210 1 2 
 69 845 2 1 
 2 498 2 1 
 44 281 3 2 
 2 498 2 2 
 76 754 1 2 
 66 190 2 1 
 14 788 2 3 
 40 499 1 2 
 64 190 4 3 
 14 788 2 3 
 64 190 4 3 
 14 788 2 3 
 64 190 4 3 
 14 788 2 2 
 64 190 4 3 
 14 788 2 2 
 64 190 4 3 
 25 523 3 2 
 64 190 4 3 
 25 523 3 2 
 64 190 4 3 
 19 442 2 3 
 667 75 1 2 
 62 908 3 3 
 9 292 1 2 
 667 75 1 2 
 60 279 2 2 
 27 496 2 2 
 667 75 1 2 
 60 279 2 2 
 27 496 3 2 
 667 75 1 2 
 60 279 2 2 
 32 493 1 2 
 667 75 1 2 
 60 279 2 2 
 32 493 1 2 
 667 75 1 2 
 44 281 2 2 
 72 746 3 4 
 667 75 1 2 
 44 281 2 2 
 72 748 4 3 
 330 1049 2 1 
 667 75 1 2 
 44 281 2 2 
 72 748 4 3 
 330 1049 2 1 
 46 382 2 2 
 72 748 5 5 
 1901 1052 5 5 
 70 410 2 2 
 0 668 2 3 
 47 382 2 2 
 75 751 2 2 
