 1030 1071 1 2 
 990 1024 1 2 
 1032 1063 2 2 
 990 1019 3 4 
 948 1025 2 3 
 997 1031 1 2 
 993 1034 2 2 
 993 1037 2 1 
 947 1020 3 3 
 946 1022 3 3 
 947 1023 3 3 
 946 1020 5 8 
 992 1031 5 5 
 989 1035 3 3 
 989 1034 3 4 
 993 1037 2 1 
 992 1039 1 2 
 944 1042 1 2 
 984 1044 3 3 
 1024 1047 1 3 
 1005 1044 2 3 
 944 1018 8 10 
 946 1028 1 2 
 943 1031 2 6 
 992 1031 3 3 
 1011 1054 2 2 
 989 1035 3 3 
 989 1031 7 7 
 948 1032 1 2 
 946 1034 3 3 
 1005 1044 2 3 
 984 1044 3 3 
 987 1036 1 2 
 994 1041 1 2 
 993 1037 2 1 
 992 1039 1 2 
 944 1023 3 3 
 942 1016 10 15 
 943 1032 3 3 
 942 1031 7 6 
 992 1031 3 3 
 989 1035 3 3 
 987 1031 8 7 
 1025 1056 3 3 
 993 1037 2 1 
 1011 1054 2 2 
 992 1039 1 2 
 994 1041 1 2 
 1004 1044 3 4 
 992 1031 3 3 
 1019 1063 7 4 
 1024 1056 3 5 
 1009 1053 4 3 
 1009 1053 3 3 
 989 1035 3 3 
 987 1031 8 7 
 993 1037 2 1 
 992 1039 1 2 
 994 1041 1 2 
 1004 1045 3 3 
 1004 1044 3 4 
 943 1020 3 3 
 1020 1070 16 7 
 989 1035 3 3 
 1009 1053 4 3 
 933 1042 2 2 
 1023 1071 3 3 
 1023 1078 2 2 
 1031 1075 2 1 
 1023 1078 4 2 
 943 1020 3 4 
 1018 1076 3 4 
 1018 1076 5 4 
 948 1022 3 3 
 948 1022 3 3 
 814 1067 2 1 
 841 1011 3 5 
 836 1009 9 7 
 836 1008 9 8 
 836 1008 9 8 
 839 1010 6 6 
 496 34 5 4 
 984 1025 2 1 
 496 35 5 3 
 984 1022 1 2 
 984 1025 2 1 
 840 1009 3 3 
 1029 1071 6 4 
 1035 1075 1 2 
 1024 1076 4 3 
 1025 1077 3 2 
 947 1016 4 4 
 845 1008 3 5 
 841 1006 8 9 
 841 1008 3 3 
 837 1004 11 11 
 837 1004 11 10 
 837 1004 11 10 
 837 1004 11 10 
 840 1008 4 3 
 839 1006 10 8 
 845 1008 3 4 
 522 35 3 2 
 996 1022 3 3 
 522 35 3 2 
 956 1024 1 3 
 522 35 3 2 
 956 1024 1 3 
 1033 1077 4 3 
 522 35 3 2 
 1028 1073 2 2 
 522 35 2 2 
 1028 1073 2 2 
 522 35 2 2 
 1028 1073 2 2 
 522 35 2 2 
 1028 1073 2 2 
 522 35 2 2 
 1028 1073 2 2 
 522 35 2 2 
 1028 1073 2 2 
 1028 1073 2 2 
 1000 1023 2 1 
 1000 1023 2 1 
 1000 1023 2 1 
 1000 1023 2 1 
 848 1011 2 2 
 1000 1023 2 1 
 1000 1023 2 1 
 1000 1023 2 1 
 843 1022 3 3 
 1042 1064 1 2 
 1042 1064 1 2 
 1042 1064 1 2 
 1042 1064 1 2 
 528 43 2 1 
