 658 74 2 1 
 660 78 2 3 
 653 79 4 3 
 655 83 3 3 
 654 83 4 6 
 1569 899 2 2 
 1569 900 2 1 
 1543 913 2 1 
 1550 1021 2 1 
 1511 1042 3 1 
 1505 1054 3 3 
 1506 994 5 6 
 1506 994 5 6 
 1537 1007 1 4 
 1506 994 5 6 
 1537 1007 1 3 
 1535 1008 1 2 
 1512 1055 3 1 
 1504 1055 9 7 
 1506 994 5 6 
 1469 998 2 2 
 1519 1052 1 2 
 1506 1052 2 1 
 1537 1007 1 3 
 1535 1008 1 2 
 1503 1013 3 2 
 1518 1056 4 4 
 1469 998 2 2 
 1535 1007 3 3 
 1439 1012 3 3 
 1507 1065 4 4 
 1497 1065 3 2 
 1474 1069 4 3 
 1507 1066 4 3 
 1507 1066 4 3 
 58 569 1 2 
 1507 1066 4 3 
 58 569 1 2 
 714 827 1 2 
 1474 1069 5 3 
 714 827 1 2 
 1474 1069 5 3 
 714 827 1 2 
 1448 1075 1 3 
 714 827 1 2 
 1438 1076 2 3 
 714 827 1 2 
 714 827 1 2 
 1437 1076 3 2 
 1189 500 4 4 
 1506 993 3 3 
 1506 993 3 3 
 1506 993 3 3 
 56 230 1 2 
 1503 1054 5 3 
 58 193 2 2 
 1518 1055 2 1 
 57 193 3 3 
 1518 1055 2 1 
 57 193 3 3 
 1518 1055 2 1 
 57 193 3 3 
 1502 1054 4 3 
 21 417 1 2 
 57 194 2 2 
 21 417 1 2 
 1535 1008 1 3 
 57 194 2 2 
 21 417 1 2 
 809 878 3 2 
 650 75 2 3 
 39 392 1 2 
 1534 1009 2 2 
 650 75 2 3 
 1534 1009 4 2 
 39 392 1 2 
 651 75 1 3 
 1534 1009 4 2 
 42 399 1 2 
 651 75 1 3 
 1451 836 2 3 
 651 75 1 3 
 809 878 3 3 
 651 75 1 3 
 809 878 2 3 
 651 75 1 3 
 809 879 2 2 
 651 75 1 3 
 1508 997 2 3 
 1508 997 1 2 
 847 903 1 2 
 1511 1043 3 1 
 807 895 2 1 
 807 895 2 1 
 846 902 2 2 
 86 625 2 4 
 1307 921 3 3 
 86 627 2 2 
 1332 914 2 2 
 86 627 2 2 
 86 626 2 3 
 86 625 2 4 
 86 626 2 3 
 15 563 3 1 
 15 563 3 1 
 16 563 2 1 
 16 563 2 1 
 39 587 2 1 
 15 562 2 2 
 75 590 2 2 
 75 590 2 2 
 75 590 2 2 
 51 604 3 2 
 51 604 2 3 
 70 601 2 2 
 51 604 2 3 
 70 599 3 3 
 53 584 2 1 
 653 63 4 4 
 58 652 2 4 
 653 63 4 4 
 58 652 2 3 
