 934 1028 3 3 
 973 1075 1 2 
 837 1034 2 1 
 821 1043 3 3 
 784 1069 4 4 
 868 1054 4 2 
 794 1061 3 3 
 821 1049 1 2 
 923 1022 2 2 
 923 1022 1 2 
 930 1028 2 1 
 923 1022 1 2 
 930 1028 2 2 
 933 1029 3 3 
 930 1028 2 2 
 933 1030 3 2 
 968 1030 3 3 
 930 1028 3 2 
 933 1030 2 2 
 956 1030 3 3 
 968 1030 3 3 
 926 1031 2 2 
 930 1028 2 2 
 933 1030 2 2 
 926 1031 3 2 
 956 1031 1 2 
 972 1034 2 1 
 918 1035 3 5 
 930 1028 2 2 
 933 1030 2 3 
 926 1031 3 2 
 956 1031 1 2 
 918 1035 3 3 
 923 1045 2 1 
 823 1016 4 1 
 930 1028 3 2 
 933 1031 2 2 
 956 1031 1 2 
 918 1035 2 3 
 923 1045 2 1 
 945 1048 4 5 
 823 1016 2 1 
 863 1019 2 3 
 930 1028 1 2 
 933 1031 2 2 
 918 1035 2 3 
 945 1049 4 4 
 930 1028 1 2 
 933 1031 2 2 
 918 1035 2 3 
 852 1047 3 4 
 987 1048 2 2 
 945 1049 4 4 
 903 1056 1 2 
 930 1029 5 4 
 926 1031 2 1 
 918 1035 2 3 
 945 1049 4 4 
 903 1056 1 2 
 945 1058 1 2 
 947 1058 1 2 
 862 1061 3 2 
 931 1030 2 2 
 922 1045 3 2 
 945 1049 4 3 
 909 1071 2 2 
 947 1058 1 2 
 924 1060 1 2 
 938 1074 2 1 
 947 1059 1 2 
 909 1071 2 2 
 933 1077 3 3 
 935 1079 2 1 
 533 264 3 2 
 1052 1074 3 3 
 528 264 2 1 
 1052 1074 3 4 
 531 257 5 2 
 1079 1074 4 3 
 542 264 3 3 
 854 1074 4 4 
 533 258 2 1 
 1079 1074 4 4 
 533 258 2 1 
 1081 1075 2 1 
 533 258 2 1 
 860 1076 1 2 
 545 259 14 8 
 1078 1076 1 2 
 912 169 5 8 
 1077 1075 2 3 
 915 169 2 3 
 1052 1077 4 3 
 915 169 2 3 
 1051 1077 5 3 
 913 173 2 3 
 1075 1075 5 3 
 527 263 2 1 
 1010 1073 6 4 
 530 260 2 2 
 1010 1073 6 4 
 530 260 2 2 
 817 1020 2 2 
 531 261 2 1 
 1077 1076 2 2 
 529 263 16 5 
 807 1028 2 1 
 530 264 2 1 
 1075 1072 4 6 
 530 264 2 1 
 930 1073 6 5 
 533 264 3 2 
 921 1029 2 1 
 811 1036 3 2 
 814 1021 4 2 
 813 1020 5 3 
 813 1020 4 2 
 813 1020 4 2 
 813 1020 4 2 
 813 1020 4 2 
 813 1020 4 2 
 849 1042 1 4 
 542 279 1 2 
 796 1045 6 5 
 542 279 1 2 
 796 1042 4 5 
 542 279 1 2 
 796 1039 8 5 
 1079 1078 1 2 
 795 1039 7 7 
 795 1039 7 9 
 798 1039 4 4 
 798 1039 4 4 
 810 1020 5 3 
 974 1056 1 2 
 496 34 2 3 
 1013 1078 3 2 
 496 34 2 3 
 1080 1075 2 2 
 532 35 2 2 
 1088 1065 2 1 
 532 35 2 2 
 1088 1065 2 1 
 1567 754 2 2 
 532 35 2 2 
 1054 1078 2 2 
 1572 755 1 2 
 532 35 2 2 
 939 1072 3 3 
 1567 754 2 2 
 532 35 2 2 
 1011 1073 2 3 
 1567 754 2 2 
 532 35 2 2 
 939 1072 3 3 
 1567 754 2 2 
 939 1072 2 3 
 1567 754 2 2 
 1567 754 2 2 
 1017 1077 2 2 
 549 260 9 9 
 825 1029 3 2 
 557 259 2 2 
 825 1029 3 2 
 550 261 6 6 
 827 1023 2 2 
 555 258 3 5 
 827 1023 2 2 
 550 257 9 8 
 826 1022 3 3 
 549 256 11 9 
 827 1023 2 2 
 541 256 19 12 
 826 1023 3 2 
