 80 695 1 2 
 44 738 2 3 
 44 739 2 2 
 16 789 1 2 
 62 826 3 3 
 68 850 2 1 
 62 824 3 5 
 62 824 3 5 
 69 850 1 3 
 12 791 2 3 
 62 824 3 5 
 68 852 2 1 
 69 859 2 2 
 74 860 2 2 
 61 862 2 1 
 13 819 1 2 
 62 824 3 5 
 68 852 2 1 
 69 859 2 2 
 74 860 2 2 
 61 862 2 1 
 68 874 2 2 
 62 880 2 2 
 53 960 1 2 
 63 924 2 2 
 53 960 1 2 
 328 1044 2 1 
 67 835 2 1 
 70 849 1 2 
 68 849 3 2 
 25 529 2 2 
 63 914 2 2 
 37 353 2 2 
 68 849 3 2 
 37 353 2 2 
 83 635 3 4 
 36 354 2 1 
 36 354 2 1 
 70 610 2 2 
 21 361 2 1 
 40 389 2 1 
 40 389 2 1 
 54 208 2 2 
 25 529 2 3 
 54 207 2 2 
 27 410 2 2 
 63 219 4 1 
 35 526 1 2 
 63 219 4 1 
 35 525 3 4 
 63 219 4 1 
 35 526 3 3 
 54 207 2 2 
 80 688 2 1 
 54 207 2 3 
 81 715 2 1 
 54 207 2 3 
 81 715 2 1 
 54 207 2 3 
 81 715 2 1 
 54 207 2 3 
 82 676 2 2 
 665 63 3 3 
 64 743 1 2 
 38 266 3 4 
 665 63 3 3 
 69 744 2 2 
 40 271 1 2 
 665 63 3 3 
 69 744 2 2 
 37 285 2 1 
 665 63 3 3 
 76 738 1 2 
 40 271 1 2 
 665 63 3 3 
 76 738 1 2 
 40 271 1 2 
 665 63 3 3 
 39 268 2 1 
 83 637 2 1 
 665 63 3 3 
 80 668 1 3 
 39 267 2 2 
 665 63 3 3 
 39 266 2 3 
 69 612 2 2 
 73 629 2 3 
 31 295 1 2 
 43 267 3 3 
 1688 643 5 7 
 53 213 2 1 
 53 212 2 2 
 53 212 2 2 
 61 259 4 3 
 52 266 2 3 
 60 211 1 2 
 32 763 2 2 
 43 267 4 4 
 79 943 2 2 
 35 237 2 3 
 75 954 1 2 
 35 237 2 3 
 69 789 2 4 
 37 481 3 3 
 77 965 1 2 
 57 255 1 2 
 85 947 1 2 
 56 256 2 1 
 85 947 1 2 
 56 256 2 1 
 85 947 1 2 
 56 256 2 1 
 85 947 1 2 
 63 227 1 2 
 7 904 2 1 
 54 207 2 1 
 85 947 1 2 
 56 195 1 2 
 82 704 2 2 
 667 73 2 2 
 65 784 1 2 
 26 295 2 2 
