 490 0 2 2 
 484 8 5 9 
 479 19 8 19 
 466 47 14 28 
 453 125 5 12 
 451 152 4 8 
 453 138 2 1 
 450 169 6 16 
 452 187 8 18 
 457 204 8 15 
 463 219 10 17 
 468 231 11 20 
 475 246 11 19 
 481 261 10 24 
 484 280 11 23 
 486 298 10 27 
 489 322 9 29 
 494 376 7 31 
 496 405 8 30 
 500 436 8 26 
 505 461 10 22 
 511 482 11 20 
 519 501 13 18 
 527 515 14 21 
 535 531 13 21 
 543 548 10 23 
 546 568 12 23 
 549 588 11 26 
 547 611 11 30 
 541 638 12 30 
 536 669 10 26 
 527 715 5 10 
 513 726 14 27 
 498 755 19 26 
 368 908 8 6 
 347 916 19 18 
 322 944 13 13 
 527 53 2 1 
 527 53 2 1 
 527 53 2 1 
 527 53 2 1 
 527 53 2 1 
 527 53 2 1 
 527 53 2 1 
 517 46 2 3 
