 65 237 3 4 
 65 237 3 4 
 69 243 1 2 
 26 335 2 2 
 39 302 2 2 
 20 309 1 3 
 21 315 2 2 
 26 334 2 2 
 0 308 1 2 
 49 388 1 2 
 61 437 2 1 
 56 437 3 2 
 20 309 1 3 
 61 435 2 6 
 58 440 2 1 
 43 401 2 2 
 61 435 2 4 
 65 451 2 3 
 58 440 2 1 
 20 308 1 4 
 61 435 2 4 
 58 440 2 1 
 62 457 2 3 
 37 395 2 1 
 62 435 2 4 
 61 457 5 6 
 16 460 2 3 
 57 466 2 5 
 66 465 2 2 
 62 462 3 3 
 56 472 3 5 
 48 471 1 2 
 60 469 3 7 
 61 472 2 5 
 43 472 2 1 
 57 471 2 6 
 48 471 1 2 
 54 470 3 4 
 59 507 1 2 
 51 489 1 3 
 60 481 2 3 
 35 480 1 3 
 58 506 2 3 
 34 506 2 2 
 47 504 2 3 
 53 496 3 8 
 60 482 2 2 
 56 581 1 2 
 66 575 2 2 
 59 574 3 2 
 54 559 2 2 
 52 558 2 1 
 52 553 2 1 
 30 527 1 2 
 48 504 1 2 
 53 503 2 1 
 35 501 2 2 
 54 499 3 3 
 50 491 4 4 
 55 490 3 3 
 63 669 2 1 
 57 643 3 3 
 73 620 2 2 
 68 586 2 2 
 56 581 1 2 
 66 575 2 2 
 59 574 4 2 
 54 559 2 2 
 52 557 3 2 
 52 553 2 1 
 30 527 1 2 
 39 512 2 2 
 50 502 5 4 
 35 499 4 5 
 70 694 2 2 
 61 692 2 1 
 79 676 4 3 
 78 668 3 2 
 62 666 3 6 
 63 659 2 4 
 74 654 3 2 
 70 647 2 3 
 57 642 3 3 
 71 639 2 1 
 73 620 2 2 
 66 585 4 3 
 64 580 2 3 
 56 580 1 3 
 59 573 4 4 
 55 569 2 2 
 52 556 3 3 
 27 508 2 3 
 50 502 5 4 
 38 501 3 2 
 72 690 2 2 
 78 668 3 2 
 62 666 3 6 
 63 659 2 3 
 74 654 3 2 
 70 647 2 3 
 57 642 4 4 
 71 639 2 1 
 73 619 2 3 
 80 614 1 3 
 63 605 2 2 
 66 585 10 4 
 64 580 4 4 
 56 580 3 3 
 59 573 5 5 
 56 568 3 2 
 32 523 2 3 
 61 515 1 2 
 27 508 3 3 
 27 508 3 3 
 51 503 4 3 
 62 666 3 6 
 62 658 3 4 
 70 647 2 3 
 57 642 3 3 
 71 639 2 3 
 73 618 3 4 
 72 613 2 1 
 63 605 2 2 
 54 583 2 2 
 64 580 12 9 
 59 572 4 4 
 32 523 2 3 
 61 515 2 2 
 53 514 2 3 
 47 509 3 3 
 27 508 3 3 
 27 508 3 3 
 48 504 3 2 
 43 504 2 2 
 63 666 2 4 
 62 658 3 3 
 57 642 3 3 
 71 639 2 3 
 73 618 3 2 
 82 616 1 2 
 72 613 2 1 
 63 604 2 3 
 54 583 2 2 
 65 582 11 8 
 64 580 2 1 
 55 573 2 1 
 59 572 4 4 
 32 523 2 3 
 60 515 3 3 
 53 514 2 3 
 37 513 2 2 
 47 508 2 4 
 58 505 2 2 
 62 658 3 3 
 57 641 3 2 
 73 618 3 2 
 82 615 1 3 
 72 613 2 1 
 63 604 2 3 
 77 592 2 2 
 58 588 2 2 
 65 582 12 9 
 62 575 2 2 
 59 573 2 1 
 55 573 2 1 
 61 524 2 3 
 31 523 3 3 
 61 515 2 3 
 53 515 2 2 
 35 513 4 2 
 47 509 2 3 
 48 665 2 3 
 62 657 3 3 
 69 646 1 2 
 73 618 3 2 
 82 615 1 3 
 72 613 2 1 
 76 592 3 2 
 75 589 2 2 
 57 588 3 2 
 74 586 2 2 
 72 585 1 2 
 68 584 3 3 
 61 574 2 2 
 59 552 2 2 
 32 525 2 1 
 32 523 2 1 
 62 516 1 2 
 77 751 1 2 
 48 665 2 1 
 62 657 3 2 
 69 646 1 2 
 74 618 2 2 
 76 592 3 2 
 75 589 2 2 
 60 574 2 2 
 55 564 2 1 
 59 550 3 4 
 32 524 1 2 
 60 517 1 2 
 83 726 2 2 
 48 665 2 1 
 76 592 2 2 
 68 586 2 1 
 55 564 3 2 
 80 718 2 1 
 68 586 2 2 
 51 736 1 2 
 72 639 1 2 
 80 614 1 2 
 75 995 2 2 
 19 301 3 3 
 75 995 2 2 
 46 284 2 1 
 75 995 2 2 
 46 284 2 1 
 75 995 2 2 
 6 274 2 2 
 40 501 4 4 
 66 194 2 2 
 23 522 3 3 
 66 194 2 2 
 23 523 2 1 
 66 194 2 2 
 23 522 2 3 
 66 194 2 2 
 23 523 2 2 
 53 209 4 5 
 23 523 2 2 
 53 209 4 5 
 23 523 2 2 
 53 209 3 5 
 16 444 3 2 
 53 209 3 5 
 25 527 3 2 
 58 191 1 2 
 25 527 4 3 
 58 191 1 2 
 25 526 5 4 
 69 642 2 2 
 41 225 2 1 
 58 191 1 2 
 25 526 5 4 
 58 191 1 2 
 25 526 5 4 
 58 191 1 2 
 25 526 5 4 
 58 191 1 2 
 93 979 2 1 
 25 527 5 3 
 58 191 1 2 
 93 979 2 1 
 26 527 3 3 
 58 287 2 2 
 93 972 3 3 
 27 528 2 2 
 14 293 2 3 
 93 972 3 3 
 57 565 1 4 
 14 293 2 3 
 92 972 3 3 
 56 564 3 5 
 28 309 2 2 
 99 974 3 2 
 67 636 4 10 
 62 223 2 2 
 97 980 6 3 
 32 523 3 4 
 61 222 3 4 
 97 980 6 3 
 32 523 3 4 
 60 211 2 3 
 99 983 2 3 
 32 525 3 2 
 72 989 2 1 
 41 265 3 4 
 54 218 2 3 
 99 984 2 2 
 17 474 2 3 
 43 208 1 4 
 99 984 2 2 
 73 692 2 3 
 15 427 1 2 
 43 208 1 4 
 73 692 2 4 
 15 427 1 2 
 43 206 2 6 
 73 692 2 4 
 15 427 2 2 
 43 206 2 6 
 79 739 2 2 
 15 427 2 2 
 65 193 1 2 
 34 395 1 2 
 650 75 3 3 
 75 752 2 2 
 45 284 2 1 
 650 75 3 3 
 75 752 2 2 
 37 286 1 2 
 650 75 3 3 
 75 752 2 2 
 37 286 1 2 
 650 75 3 3 
 75 752 1 2 
 34 347 2 3 
 650 75 3 3 
 75 752 1 2 
 10 293 2 2 
 650 75 3 3 
 75 752 2 1 
 34 345 2 2 
 94 969 3 3 
 650 75 3 3 
 36 289 2 2 
 67 588 2 2 
 650 75 3 3 
 58 287 1 2 
 84 737 1 2 
 56 241 2 3 
 84 737 2 1 
 46 257 1 2 
 79 741 3 2 
 4 271 4 3 
 74 753 2 1 
 33 503 4 3 
 4 271 4 3 
 74 753 3 4 
 34 495 1 2 
 4 271 4 3 
 40 783 2 2 
