 182 548 7 5 
 188 549 7 4 
 196 551 7 4 
 204 552 6 4 
 212 553 9 5 
 221 555 9 4 
 234 558 4 3 
 241 560 9 4 
 249 562 8 5 
 261 567 7 7 
 270 575 7 6 
 279 581 8 7 
 290 591 7 6 
 297 597 8 7 
 309 608 8 7 
 322 621 4 4 
 318 618 3 2 
 332 630 4 4 
 342 640 10 9 
 354 652 4 3 
 371 669 4 4 
 398 691 3 2 
 411 701 12 10 
 425 713 14 14 
 438 727 8 7 
 452 744 8 9 
 467 764 2 3 
 475 778 3 3 
 492 808 2 2 
 496 815 9 12 
 529 46 2 3 
 518 858 3 4 
 492 38 7 12 
 496 34 5 5 
 496 34 5 5 
 496 34 5 5 
 496 34 5 5 
 496 34 5 5 
 523 35 2 1 
 523 35 2 1 
 523 35 2 1 
 527 55 3 3 
 527 55 3 3 
 523 35 2 1 
 523 35 2 1 
 523 35 2 1 
 523 35 2 1 
 535 60 2 2 
 535 60 2 2 
 535 60 2 2 
 535 60 2 2 
 528 43 2 1 
 528 43 2 1 
 1515 1029 2 3 
 1515 1030 2 2 
