 1063 372 2 3 
 1040 267 4 2 
 1052 273 2 1 
 1009 316 2 1 
 991 362 5 3 
 1029 365 2 2 
 1047 365 2 2 
 1042 369 2 2 
 1046 369 1 2 
 1037 265 2 1 
 1062 268 2 2 
 1062 268 1 2 
 1040 364 2 2 
 1062 268 1 2 
 1040 364 2 2 
 1057 367 2 2 
 1125 317 2 1 
 1128 317 2 1 
 1040 364 2 2 
 1051 366 3 5 
 1055 366 2 2 
 1058 367 1 2 
 1060 368 4 3 
 1117 267 2 1 
 1061 268 2 2 
 1112 270 2 3 
 1118 315 2 2 
 1128 316 5 2 
 1120 317 2 4 
 1125 317 2 1 
 1122 319 2 2 
 1125 319 3 3 
 1116 320 1 2 
 1055 366 4 3 
 1076 369 3 4 
 1076 369 3 3 
 1051 367 3 4 
 1060 368 4 3 
 1120 316 2 5 
 1123 316 4 2 
 1122 319 8 6 
 1116 320 1 2 
 1119 322 3 2 
 1054 370 2 3 
 1076 369 3 4 
 1076 369 3 3 
 1055 366 3 3 
 1055 366 4 3 
 1051 367 3 4 
 1060 368 4 3 
 1033 372 2 2 
 1054 370 2 3 
 1076 369 3 4 
 1076 369 3 3 
 1055 366 3 3 
 1055 366 4 3 
 1051 367 3 4 
 1060 368 4 3 
 1057 374 4 3 
 1072 377 2 2 
 1077 376 4 3 
 1140 321 6 3 
 1079 377 2 2 
 1072 377 2 1 
 1079 378 2 1 
 1072 377 2 1 
 1152 99 2 2 
 1116 137 2 2 
 1116 137 2 2 
 1116 137 2 2 
 1116 137 2 2 
 1116 137 2 2 
 1116 137 2 2 
 1116 137 2 2 
 1116 137 2 2 
 1116 137 2 2 
 1113 71 2 1 
 1144 369 1 2 
 1113 71 2 1 
 1160 376 1 2 
 1113 71 2 1 
 1160 376 1 2 
 1113 71 2 1 
 1160 376 1 2 
 1113 71 2 1 
 1160 376 1 2 
 1113 71 2 1 
 1153 377 2 1 
 1111 70 1 2 
 1172 378 1 2 
 1111 70 1 2 
 1172 378 1 2 
 1111 70 1 2 
 1172 378 1 2 
 1111 70 1 2 
 1172 378 1 2 
 1111 70 1 2 
 1153 377 2 1 
 1188 72 3 3 
 1150 377 2 1 
 1170 377 3 2 
 1200 72 2 2 
 1188 72 4 3 
 1150 375 4 3 
 1188 72 3 3 
 1150 375 4 3 
 1241 79 1 2 
 1150 375 4 3 
 1241 79 1 2 
 1150 375 4 3 
 1241 79 1 2 
 1150 377 2 1 
 1134 75 3 2 
 1197 307 1 2 
 1150 377 2 1 
 1241 79 1 2 
 1216 86 2 4 
 1202 84 3 3 
 1134 75 2 2 
 1197 307 1 2 
 1914 880 3 4 
 1181 81 1 2 
 1221 315 1 2 
 1204 71 1 2 
 1204 71 1 2 
 1232 285 2 1 
 1178 81 2 1 
 1221 315 1 2 
 1178 81 2 1 
 1221 315 1 2 
 1178 81 2 1 
 1221 315 1 2 
 1178 81 2 1 
 1257 290 2 2 
 1178 81 2 1 
 1256 288 4 4 
 1178 81 2 1 
 1255 291 2 2 
 1178 81 2 1 
 1257 314 2 2 
 1213 84 2 2 
 1256 318 2 2 
 1213 84 2 2 
 1256 318 2 2 
 653 63 4 2 
 1361 306 3 2 
