 879 1006 2 3 
 867 1007 4 4 
 867 1007 4 3 
 877 1009 1 2 
 867 1007 4 3 
 877 1009 1 2 
 881 1015 2 1 
 867 1007 4 3 
 877 1009 1 2 
 881 1015 2 1 
 868 1017 3 5 
 869 1007 2 1 
 867 1008 2 2 
 881 1015 2 1 
 868 1017 3 5 
 852 1021 3 3 
 881 1015 2 1 
 868 1017 2 5 
 852 1021 3 3 
 860 1032 2 2 
 881 1015 2 1 
 855 1016 2 2 
 868 1017 2 3 
 852 1018 4 6 
 852 1021 1 2 
 855 1043 2 2 
 860 1032 2 2 
 868 1017 2 3 
 852 1018 3 3 
 854 1022 2 2 
 860 1032 2 2 
 858 1037 2 2 
 855 1043 2 2 
 855 1046 2 2 
 852 1018 3 3 
 854 1022 2 2 
 860 1032 2 2 
 855 1043 2 2 
 855 1046 2 2 
 853 1050 2 1 
 818 1071 3 3 
 829 1059 1 2 
 817 1074 3 4 
 818 1073 3 3 
 833 1075 1 3 
 817 1074 3 4 
 832 1075 2 3 
 837 1076 1 2 
 896 864 2 2 
 962 1075 1 2 
 877 1006 1 2 
 894 861 6 4 
 831 1073 3 5 
 894 861 6 4 
 961 1076 2 4 
 898 861 1 2 
 960 1076 4 4 
 898 861 1 2 
 1054 1073 1 2 
 877 1006 1 2 
 879 1016 2 3 
 879 1016 2 3 
 893 863 6 8 
 815 1077 1 2 
 895 863 3 5 
 815 1077 1 2 
 895 864 3 4 
 815 1077 1 2 
 856 1045 1 2 
 856 1045 1 2 
 444 34 5 6 
 856 1045 1 2 
 444 34 5 6 
 856 1045 1 2 
 444 34 5 6 
 856 1045 1 2 
 444 34 5 6 
 856 1045 1 2 
 444 34 5 6 
 856 1045 1 2 
 444 34 5 6 
 856 1045 1 2 
 444 34 5 6 
 896 862 2 2 
 444 34 5 6 
 836 1055 2 2 
 820 1077 3 3 
 824 1061 3 3 
 825 1061 2 3 
 825 1061 2 3 
 825 1061 2 3 
 825 1061 2 3 
 825 1061 2 3 
 825 1061 2 3 
 825 1061 2 3 
 520 36 3 3 
 520 36 3 3 
 520 36 3 3 
 520 36 3 3 
 520 36 3 3 
 522 40 2 2 
 446 34 3 2 
 884 866 4 5 
 446 34 3 2 
 870 1010 4 4 
 446 34 3 2 
 884 866 4 5 
 446 34 3 2 
 884 866 4 5 
 446 34 3 2 
 884 866 4 5 
 446 34 3 2 
 884 866 4 5 
 446 34 3 2 
 884 866 4 5 
 446 34 3 2 
 884 866 4 5 
 855 1018 2 2 
 534 41 2 2 
 855 1018 2 2 
 534 41 2 2 
 534 41 2 2 
