 649 10 22 27 
 613 39 34 41 
 584 84 28 36 
 575 121 10 9 
 544 130 33 46 
 512 175 33 49 
 501 225 11 16 
 481 243 20 31 
 474 274 9 14 
 456 291 18 31 
 432 323 25 47 
 412 374 20 44 
 402 421 10 26 
 396 454 5 9 
 383 464 14 41 
 373 504 13 40 
 367 543 10 33 
 361 575 9 30 
 360 605 3 3 
 357 605 7 25 
 351 632 8 23 
 348 656 6 20 
 347 676 6 20 
 347 696 6 6 
 349 706 4 6 
 349 714 8 15 
 354 728 12 13 
 365 740 15 10 
 379 747 13 9 
 390 752 12 9 
 400 759 9 10 
 401 782 7 14 
 1028 1071 4 4 
 990 1013 13 12 
 990 1013 8 9 
 991 1015 4 2 
 992 1015 3 2 
 990 1015 10 9 
 998 1015 8 8 
 995 1016 14 10 
 991 1018 3 3 
 991 1018 4 4 
 991 1018 3 2 
 991 1018 3 2 
 991 1018 3 2 
 1001 1041 2 1 
 1039 1064 3 4 
 991 1018 3 5 
 881 1017 3 3 
 954 1019 4 4 
 881 1017 2 3 
 995 1022 1 2 
 995 1022 2 2 
 994 1022 3 2 
 994 1022 3 2 
 994 1022 3 2 
 1108 1051 2 1 
 1084 1056 5 4 
 992 1022 2 2 
 992 1022 2 2 
 992 1022 2 2 
 992 1022 3 2 
 992 1022 3 2 
 992 1022 3 2 
 996 1022 1 2 
 996 1022 1 2 
 996 1022 1 2 
 843 1011 2 3 
 843 1011 2 4 
 843 1011 3 4 
 1014 1041 1 2 
 879 1017 4 5 
 844 1011 2 2 
 842 1010 3 2 
 988 1017 3 2 
 988 1017 3 2 
 988 1017 3 2 
 950 1018 3 3 
 950 1017 3 4 
 878 1016 3 2 
 876 1013 8 8 
 1039 1065 1 2 
 1002 1040 2 2 
 1002 1040 2 2 
 1031 1066 6 4 
