 817 977 1 2 
 990 1023 1 2 
 1085 1067 1 2 
 1032 1061 9 4 
 1012 1036 8 5 
 1018 1048 2 2 
 991 1029 2 2 
 992 1017 2 4 
 1018 1054 2 2 
 991 1019 3 5 
 993 1020 1 4 
 989 1024 2 2 
 992 1020 2 4 
 989 1024 2 2 
 1004 1037 1 2 
 1015 1038 2 2 
 993 1020 1 2 
 1017 1041 2 2 
 1019 1050 2 2 
 1083 1061 2 3 
 1019 1050 3 2 
 1082 1061 3 4 
 1037 1063 3 4 
 1032 1064 2 1 
 992 1021 2 3 
 1013 1038 2 2 
 1019 1050 3 2 
 1082 1062 3 3 
 1038 1065 2 2 
 1032 1064 2 1 
 1036 1066 7 6 
 1013 1038 2 2 
 1029 1078 2 2 
 535 33 3 2 
 1037 1066 3 2 
 1028 1067 2 2 
 994 1020 2 2 
 878 1026 2 1 
 878 1026 2 1 
 878 1026 2 1 
 1032 1061 2 2 
 1032 1061 2 2 
 989 1024 2 2 
 989 1024 2 2 
 990 1017 2 3 
 990 1017 2 3 
 990 1017 2 3 
 766 750 6 2 
 989 1017 3 2 
 989 1017 2 2 
 989 1017 2 2 
 989 1017 2 2 
 107 465 2 2 
 853 1021 2 4 
 822 1036 6 6 
 107 465 2 2 
 820 1039 3 3 
 820 1038 3 4 
 819 1035 8 7 
 822 1036 3 4 
 853 1021 2 2 
 834 1022 6 3 
 835 1021 6 4 
 836 1022 5 3 
 820 1036 3 4 
 1012 1034 4 3 
 1035 1074 1 2 
 1034 1073 3 3 
 984 1016 5 4 
 984 1016 4 4 
 1034 1073 3 2 
 1034 1073 2 2 
 983 1016 4 8 
 1031 1075 5 5 
 983 1016 5 8 
 983 1016 5 8 
 984 1016 3 4 
 984 1017 1 2 
 943 1024 4 3 
 983 1022 1 2 
 878 1018 2 2 
 876 1018 4 3 
 527 52 2 5 
 822 966 3 3 
 527 52 2 4 
 822 966 3 3 
 523 53 2 2 
 822 965 5 5 
 523 53 2 2 
 1049 794 1 2 
 840 1010 2 2 
 527 53 1 3 
 1049 794 1 2 
 840 1014 2 2 
 527 53 1 3 
 826 966 5 2 
 527 53 1 3 
 980 1016 5 8 
 527 53 1 3 
 980 1016 5 8 
 981 1016 3 8 
 877 1017 1 2 
 945 1022 5 5 
 877 1017 1 2 
 827 1040 1 2 
 827 1041 3 1 
 946 1027 1 2 
 1035 1061 1 2 
 1035 1061 1 2 
 982 1020 2 4 
 982 1020 2 4 
 981 1020 3 4 
 982 1020 2 4 
 982 1020 2 4 
 982 1020 2 3 
 982 1020 2 3 
 982 1020 2 3 
 107 461 1 2 
 984 1024 3 3 
