 839 1018 2 2 
 839 1019 3 3 
 871 1040 2 1 
 803 1056 3 2 
 839 1019 3 4 
 839 1020 3 3 
 840 1021 2 2 
 853 1059 2 1 
 827 1076 2 2 
 971 1064 2 2 
 799 1077 4 3 
 824 1078 4 2 
 839 1022 2 1 
 837 1020 4 3 
 837 1020 2 1 
 976 1021 2 2 
 975 1021 3 2 
 826 1022 3 3 
 710 81 3 4 
 834 1018 3 3 
 833 1019 8 4 
 833 1019 8 5 
 712 81 1 2 
 833 1019 9 5 
 711 83 2 2 
 833 1020 8 4 
 833 1019 9 4 
 833 1019 4 3 
 833 1018 3 3 
 833 1018 3 2 
 833 1018 3 2 
 833 1017 3 3 
 843 1034 2 2 
 843 1034 2 2 
 834 1016 1 2 
 834 1016 1 2 
 844 1036 3 1 
 834 1016 1 2 
 834 1016 1 2 
 840 1031 2 1 
 834 1016 1 2 
 840 1031 2 1 
 837 1035 3 2 
 837 1035 3 2 
 865 985 2 2 
 836 1019 3 3 
 836 1019 3 3 
 771 1078 2 2 
 771 1078 2 2 
 882 1068 1 2 
 534 53 2 2 
 839 1069 2 2 
 534 53 2 2 
 1036 1075 2 2 
 534 53 2 2 
 776 1077 5 3 
 534 53 1 2 
 854 1059 2 1 
 534 53 1 2 
 854 1059 2 1 
 534 53 1 2 
 988 1059 3 2 
 534 53 1 2 
 781 1078 4 2 
 534 53 1 2 
 989 1059 2 2 
 989 1059 2 2 
 866 981 2 1 
 866 981 2 1 
 866 981 2 1 
 866 981 2 1 
 866 981 2 1 
 866 981 2 1 
 866 981 2 1 
 888 1054 2 3 
 1755 317 2 2 
 871 1034 1 2 
 804 1076 2 2 
 1000 1058 2 1 
 804 1077 2 1 
 964 1055 1 2 
 961 1054 3 2 
 960 1054 2 2 
 1082 1065 4 2 
 1080 1065 5 2 
 1021 1061 2 1 
 1085 1057 3 3 
 1085 1058 3 2 
 1085 1058 3 2 
