 829 1072 4 6 
 996 1025 2 1 
 993 1035 2 1 
 1014 1051 2 2 
 1038 1077 1 2 
 1010 1065 2 2 
 993 1035 2 1 
 993 1035 2 1 
 956 1049 2 2 
 993 1035 2 1 
 956 1049 2 2 
 989 1057 3 4 
 993 1035 2 1 
 956 1049 2 1 
 1000 1058 4 4 
 989 1059 2 2 
 1033 1065 5 3 
 1001 1058 2 2 
 1033 1065 4 2 
 1016 1066 3 2 
 993 1033 1 2 
 989 1059 2 3 
 1022 1061 3 3 
 1002 1067 1 2 
 993 1033 1 2 
 989 1059 2 2 
 982 1074 2 3 
 1022 1061 3 3 
 1001 1069 2 3 
 1006 1067 1 2 
 1031 1054 2 3 
 804 1059 2 1 
 985 1076 1 2 
 887 1066 1 2 
 976 1078 2 2 
 937 1078 2 2 
 976 1079 2 1 
 917 1079 2 1 
 837 1018 5 4 
 836 1017 6 5 
 1287 77 4 3 
 836 1017 5 5 
 836 1017 5 5 
 833 1017 7 4 
 1285 63 1 2 
 833 1017 5 3 
 1282 64 3 3 
 834 1017 4 3 
 834 1016 4 4 
 1279 65 5 14 
 832 1016 6 4 
 832 1017 5 3 
 832 1016 5 4 
 1278 66 5 15 
 832 1017 4 3 
 1281 69 3 3 
 832 1017 4 3 
 1280 71 3 3 
 832 1018 2 2 
 990 1034 2 3 
 1276 68 8 11 
 833 1018 4 2 
 1280 69 3 3 
 879 1016 2 4 
 1279 70 4 3 
 825 1075 5 5 
 1277 67 5 9 
 878 1012 2 4 
 1278 67 4 8 
 877 1012 3 6 
 1279 67 5 6 
 878 1013 2 3 
 1280 69 2 3 
 878 1016 3 5 
 1285 72 6 8 
 878 1016 4 5 
 1285 71 3 6 
 881 1017 2 2 
 1285 73 1 2 
 879 1017 4 3 
 1285 74 1 2 
 902 1075 5 5 
 840 1030 2 2 
 1286 67 2 3 
 823 1074 5 6 
 1282 65 2 3 
 823 1073 5 7 
 1278 67 5 9 
 823 1074 5 6 
 1277 67 6 10 
 823 1074 5 6 
 1285 65 3 4 
 823 1074 4 6 
 1285 65 3 4 
 838 1031 1 2 
 1285 65 3 4 
 798 1076 5 4 
 1286 67 2 2 
 798 1076 5 4 
 792 20 4 2 
 827 1078 1 2 
 792 20 4 2 
 880 1014 2 3 
 1297 84 3 3 
 881 1015 2 2 
 1297 84 5 3 
 866 1039 3 3 
 1297 84 5 3 
 826 1075 4 4 
 1290 77 2 2 
 893 1027 2 2 
 1289 74 3 5 
 839 1017 2 2 
 1288 74 3 3 
 839 1017 2 4 
 1288 74 3 3 
 840 1018 2 3 
 1282 72 2 2 
 840 1019 3 4 
 1277 70 7 6 
 827 1073 4 3 
 1280 70 4 4 
 829 1074 2 2 
 1275 71 5 5 
 842 1021 3 2 
 1275 70 5 5 
 844 1035 2 2 
 1275 69 5 7 
 844 1035 2 2 
 1276 69 5 7 
 827 1063 1 2 
 526 51 2 2 
 872 1039 4 3 
 526 51 2 2 
 526 51 2 2 
 873 1039 3 3 
 708 80 4 8 
 830 1039 2 2 
 709 80 3 4 
 873 1039 3 3 
 873 1039 3 3 
 709 80 3 3 
 873 1039 3 3 
 1015 1039 3 3 
 1032 1064 7 4 
 710 81 2 2 
 969 1058 5 4 
 710 82 1 2 
 1013 1038 6 4 
 710 82 1 2 
 831 1076 3 2 
 710 82 1 2 
 840 1020 2 2 
 710 82 1 2 
 872 1040 2 2 
 710 82 1 2 
 1030 1053 2 1 
