 68 195 1 2 
 58 267 2 1 
 1 336 2 2 
 58 267 2 1 
 1 336 2 2 
 24 346 3 2 
 24 346 3 2 
 33 392 3 4 
 42 444 2 1 
 33 392 3 4 
 42 444 2 1 
 26 451 2 1 
 46 466 2 2 
 69 498 1 2 
 50 477 2 1 
 69 468 1 2 
 664 68 1 2 
 50 476 2 3 
 36 389 2 1 
 327 1045 2 2 
 327 1045 2 2 
 667 71 1 2 
 327 1045 2 2 
 328 1053 6 4 
 667 71 1 2 
 667 71 2 2 
 323 1046 3 1 
 667 71 2 2 
 323 1046 3 1 
 667 71 2 2 
 323 1046 3 1 
 667 71 2 2 
 324 1046 2 1 
 667 71 2 2 
 327 1045 2 2 
 667 71 2 2 
 78 660 2 2 
 78 660 2 2 
 78 660 2 2 
 78 660 2 2 
 89 974 2 2 
 657 61 3 3 
 93 980 1 2 
 658 62 2 2 
 74 985 1 2 
 658 62 2 2 
 81 986 3 3 
 658 62 2 2 
 81 986 3 3 
 658 62 2 2 
 74 985 2 3 
 658 62 2 2 
 74 985 3 4 
 658 62 2 2 
 81 981 2 1 
 658 63 2 1 
 92 980 2 3 
 658 63 2 1 
