 38 168 2 2 
 38 169 2 1 
 58 203 1 2 
 63 216 2 1 
 54 251 4 6 
 28 255 1 2 
 54 252 4 5 
 28 255 1 2 
 28 258 2 3 
 63 216 2 1 
 54 251 4 6 
 28 258 2 3 
 36 286 1 2 
 55 252 3 4 
 28 258 2 3 
 39 298 1 2 
 28 258 2 2 
 0 307 3 4 
 16 249 2 2 
 4 312 2 1 
 55 196 1 2 
 71 198 2 2 
 24 237 1 2 
 55 248 1 2 
 16 249 2 2 
 60 262 3 3 
 59 260 4 5 
 64 262 1 2 
 62 290 3 2 
 10 296 2 1 
 48 298 2 1 
 4 312 2 1 
 23 315 1 2 
 39 178 5 2 
 47 196 3 2 
 55 196 1 2 
 57 196 3 2 
 53 197 1 2 
 71 197 2 3 
 31 204 2 2 
 61 212 2 4 
 57 217 1 2 
 53 226 2 2 
 56 233 3 1 
 24 237 2 3 
 15 249 3 2 
 60 262 3 3 
 60 262 3 3 
 64 262 1 2 
 64 290 3 3 
 62 289 6 4 
 60 291 2 2 
 10 296 2 1 
 15 309 3 3 
 4 312 2 1 
 23 314 3 3 
 23 313 3 4 
 1 334 1 2 
 30 167 2 2 
 38 177 6 3 
 47 196 3 2 
 53 196 3 4 
 57 196 3 3 
 71 197 4 4 
 66 199 3 2 
 61 213 2 2 
 55 216 4 3 
 65 223 3 2 
 53 226 2 2 
 33 232 1 2 
 56 233 3 2 
 23 237 3 3 
 15 248 3 3 
 65 257 2 5 
 60 262 2 4 
 3 338 4 3 
 0 334 2 2 
 8 328 2 1 
 33 327 1 2 
 11 327 1 2 
 17 326 3 4 
 23 313 3 5 
 4 312 2 1 
 33 266 3 3 
 15 309 3 3 
 28 272 2 2 
 62 289 3 3 
 64 290 3 3 
 62 289 6 4 
 25 298 5 3 
 36 297 1 2 
 10 296 2 1 
 60 291 2 2 
 56 217 3 2 
 65 223 1 2 
 25 225 2 2 
 53 226 2 2 
 33 351 6 7 
 33 232 1 2 
 3 338 4 3 
 1 334 1 2 
 56 233 3 2 
 8 328 2 1 
 33 327 1 2 
 11 327 1 2 
 18 326 2 2 
 23 313 3 4 
 23 314 3 3 
 4 312 2 1 
 24 237 2 3 
 16 309 2 3 
 52 246 2 2 
 15 248 3 3 
 69 250 2 1 
 64 257 3 6 
 26 298 4 3 
 36 297 1 2 
 60 262 2 4 
 60 291 2 2 
 33 266 3 3 
 62 289 6 4 
 64 290 3 3 
 21 285 2 1 
 35 352 1 2 
 3 338 4 3 
 33 327 1 2 
 23 315 1 2 
 70 410 3 2 
 16 431 2 1 
 29 194 2 1 
 25 294 4 3 
 14 298 3 1 
 17 314 2 4 
 34 346 2 2 
 13 371 4 3 
 36 388 3 1 
 40 399 3 1 
 66 409 1 3 
 71 409 3 3 
 70 409 5 3 
 72 417 2 2 
 57 425 2 1 
 16 429 2 3 
 63 453 2 2 
 52 464 2 1 
 66 578 15 14 
 58 176 2 1 
 52 188 2 1 
 29 194 2 1 
 59 202 3 3 
 56 201 6 4 
 53 205 2 2 
 59 209 2 1 
 64 214 2 2 
 9 222 5 3 
 62 255 2 2 
 9 291 3 2 
 24 293 5 5 
 14 298 3 1 
 15 314 4 3 
 15 313 5 5 
 32 320 3 2 
 0 329 3 2 
 21 331 4 4 
 34 345 3 3 
 34 345 3 3 
 13 370 4 5 
 41 375 4 3 
 57 379 3 3 
 59 379 3 3 
 55 377 7 6 
 43 379 2 1 
 53 380 1 2 
 72 581 9 11 
 77 586 3 3 
 76 581 3 3 
 73 581 4 4 
 48 381 2 2 
 66 578 6 5 
 65 386 3 4 
 36 387 6 3 
 33 392 2 1 
 53 396 3 3 
 37 496 2 2 
 40 398 3 2 
 64 488 1 2 
 62 486 2 3 
 47 484 1 2 
 17 484 1 2 
 55 478 2 2 
 73 407 2 2 
 66 409 1 3 
 71 409 3 3 
 70 409 4 3 
 71 417 3 3 
 44 464 4 3 
 53 420 2 3 
 50 462 4 3 
 47 462 2 2 
 57 423 3 3 
 16 428 2 4 
 62 452 6 4 
 53 452 2 2 
 52 446 2 1 
 58 176 2 1 
 40 179 2 2 
 51 187 3 2 
 68 188 3 3 
 47 191 2 2 
 29 194 2 1 
 56 201 6 4 
 59 209 2 1 
 41 221 4 2 
 9 222 4 3 
 54 227 2 1 
 15 239 2 3 
 53 241 1 2 
 8 242 2 1 
 15 245 2 1 
 60 257 2 1 
 46 280 5 3 
 9 291 3 2 
 20 293 2 1 
 24 293 5 5 
 45 296 3 2 
 14 298 3 1 
 72 580 9 12 
 76 588 3 3 
 77 586 3 3 
 73 582 3 3 
 74 581 3 3 
 16 313 4 4 
 66 577 6 6 
 32 320 4 2 
 30 324 2 1 
 1 329 2 2 
 58 568 6 4 
 21 331 4 6 
 62 499 2 1 
 37 495 5 3 
 54 494 2 3 
 0 335 1 2 
 34 345 3 3 
 62 485 3 5 
 34 344 3 4 
 46 484 2 2 
 55 478 2 2 
 13 370 4 4 
 54 476 2 2 
 70 473 1 3 
 41 375 6 5 
 54 377 3 3 
 56 377 3 3 
 48 379 4 3 
 59 379 3 3 
 65 465 3 3 
 65 465 3 3 
 47 377 15 6 
 44 463 2 4 
 39 462 2 2 
 73 460 2 2 
 46 460 11 5 
 62 451 8 5 
 64 451 4 4 
 52 451 2 2 
 65 385 3 5 
 52 445 2 2 
 58 444 2 1 
 34 387 7 3 
 30 391 5 4 
 53 395 3 4 
 40 398 3 2 
 54 404 2 1 
 64 439 2 1 
 71 407 4 3 
 43 438 1 2 
 66 408 3 3 
 31 434 2 2 
 71 409 3 3 
 32 425 1 2 
 16 425 3 7 
 66 406 9 6 
 56 423 4 3 
 63 422 2 3 
 71 416 3 4 
 53 420 3 4 
 26 420 2 2 
 68 418 2 1 
 40 179 2 2 
 51 187 3 2 
 65 188 6 3 
 47 191 2 2 
 29 194 2 1 
 56 200 6 5 
 54 206 2 1 
 59 209 2 1 
 61 216 1 2 
 41 221 4 2 
 9 222 4 3 
 54 227 3 2 
 21 233 2 2 
 15 238 3 4 
 7 241 3 2 
 52 241 2 2 
 12 245 2 1 
 15 245 2 1 
 79 605 9 16 
 31 248 3 4 
 72 580 9 12 
 76 588 3 3 
 77 586 3 3 
 73 581 4 4 
 60 257 2 1 
 66 577 6 6 
 46 280 5 5 
 61 284 3 2 
 66 568 3 3 
 58 567 6 5 
 9 291 3 3 
 20 293 2 1 
 61 511 2 2 
 25 293 3 4 
 45 295 3 3 
 37 495 6 3 
 62 494 1 2 
 54 493 2 4 
 34 492 3 3 
 14 298 3 1 
 61 484 4 6 
 46 484 2 2 
 72 483 1 2 
 55 478 2 2 
 42 299 2 1 
 54 476 2 2 
 68 473 7 5 
 21 304 3 2 
 47 472 2 2 
 63 469 2 2 
 17 313 3 4 
 32 320 3 2 
 65 464 4 4 
 65 465 3 3 
 38 462 3 2 
 73 460 2 2 
 43 460 14 8 
 17 322 2 2 
 52 451 2 2 
 62 450 8 7 
 0 328 3 3 
 52 444 2 3 
 57 443 4 3 
 21 332 4 3 
 0 334 3 3 
 26 442 1 3 
 34 345 3 3 
 34 345 3 3 
 13 370 4 4 
 22 371 3 2 
 74 439 2 2 
 55 376 3 3 
 54 377 3 3 
 48 379 3 3 
 59 379 3 3 
 31 434 2 2 
 41 374 21 9 
 42 383 2 1 
 32 425 1 2 
 15 425 4 5 
 15 426 3 3 
 65 385 3 3 
 56 421 10 5 
 65 384 3 6 
 53 420 3 4 
 34 386 6 4 
 26 420 2 2 
 30 391 5 4 
 68 418 2 1 
 53 393 4 6 
 71 416 3 2 
 40 397 5 4 
 29 410 4 4 
 66 406 10 7 
 71 409 3 3 
 66 408 3 3 
 72 407 3 3 
 54 404 2 1 
 58 176 2 1 
 40 179 2 2 
 47 186 7 7 
 65 188 6 3 
 29 194 2 1 
 56 200 6 5 
 53 205 3 2 
 41 220 4 3 
 9 222 4 3 
 3 225 1 2 
 54 227 3 2 
 44 228 2 1 
 65 232 2 1 
 22 233 1 2 
 49 236 2 1 
 15 238 3 4 
 52 240 2 3 
 7 241 3 2 
 22 242 3 2 
 79 606 8 13 
 12 245 5 2 
 31 248 3 4 
 72 580 9 12 
 76 588 3 3 
 77 586 3 3 
 73 581 4 4 
 60 257 2 1 
 66 577 7 5 
 32 260 3 4 
 54 572 1 3 
 66 567 3 4 
 58 567 6 5 
 46 280 4 3 
 27 281 2 1 
 61 284 3 2 
 61 510 2 3 
 9 291 3 2 
 34 499 3 2 
 20 293 2 1 
 62 498 2 2 
 62 494 1 2 
 39 494 3 4 
 54 493 2 4 
 34 492 4 5 
 58 490 2 2 
 61 484 4 6 
 46 484 2 2 
 71 482 2 3 
 24 293 4 4 
 45 295 4 3 
 14 298 2 1 
 54 475 2 3 
 42 299 2 1 
 68 472 7 5 
 47 471 3 4 
 21 303 3 3 
 15 306 2 1 
 17 313 3 4 
 7 320 3 3 
 32 467 4 2 
 64 463 5 5 
 65 465 3 3 
 38 461 4 3 
 73 459 2 3 
 43 459 15 9 
 32 320 3 2 
 52 451 2 2 
 62 450 8 6 
 17 322 2 2 
 25 441 4 4 
 57 440 3 5 
 74 439 2 2 
 30 324 2 1 
 50 438 6 9 
 51 443 3 3 
 0 328 3 3 
 21 331 4 4 
 42 436 1 2 
 0 334 3 3 
 31 434 2 2 
 34 346 3 2 
 13 370 3 3 
 22 370 4 5 
 48 379 3 3 
 59 379 3 3 
 39 372 25 11 
 32 424 2 3 
 15 424 4 6 
 15 426 3 3 
 73 422 2 3 
 27 379 2 3 
 53 420 14 7 
 55 382 2 2 
 26 419 2 3 
 66 418 4 2 
 42 383 2 1 
 71 416 3 2 
 28 410 4 3 
 65 385 3 3 
 19 409 4 4 
 66 405 10 7 
 71 409 3 3 
 65 383 3 7 
 68 402 1 2 
 36 386 3 3 
 30 385 10 10 
 53 393 4 6 
 40 397 5 4 
 58 176 2 1 
 40 179 2 2 
 50 186 3 3 
 47 186 7 7 
 66 187 5 4 
 29 194 2 1 
 56 200 6 5 
 53 205 2 2 
 17 212 2 2 
 20 212 1 2 
 41 219 4 4 
 25 220 2 1 
 9 221 4 4 
 3 225 2 2 
 54 227 3 2 
 44 228 2 1 
 65 231 2 2 
 21 233 2 2 
 15 238 3 2 
 52 240 6 6 
 7 241 3 2 
 81 611 6 8 
 23 242 2 2 
 80 607 2 2 
 34 242 2 2 
 72 580 9 12 
 77 589 3 3 
 76 588 3 3 
 68 243 2 2 
 66 577 5 5 
 56 575 2 3 
 12 245 2 1 
 30 248 3 3 
 66 567 3 4 
 57 566 7 6 
 59 560 1 2 
 52 550 2 1 
 31 252 2 2 
 26 518 4 4 
 60 254 3 4 
 24 260 1 2 
 32 260 3 4 
 59 265 2 1 
 34 499 3 2 
 46 280 4 3 
 27 281 2 2 
 62 498 2 2 
 62 494 1 2 
 53 492 3 5 
 33 491 10 7 
 40 494 3 3 
 58 489 2 3 
 60 484 5 6 
 46 483 3 5 
 71 482 2 3 
 55 478 2 2 
 53 475 3 5 
 59 283 3 3 
 68 471 7 6 
 68 473 3 3 
 47 471 3 4 
 57 283 7 3 
 8 290 4 4 
 31 466 6 5 
 64 463 5 5 
 38 461 4 3 
 73 459 2 3 
 43 458 15 10 
 52 461 3 3 
 19 292 3 3 
 24 292 4 5 
 62 450 8 7 
 52 450 2 3 
 45 295 4 3 
 14 296 2 3 
 24 441 5 5 
 57 440 3 5 
 74 439 2 2 
 70 438 1 2 
 50 437 7 10 
 51 443 3 3 
 50 439 3 4 
 42 299 2 1 
 11 302 2 1 
 21 303 3 3 
 15 306 2 1 
 40 434 6 4 
 17 313 3 4 
 37 432 2 1 
 31 432 2 4 
 6 320 4 3 
 32 320 3 2 
 17 322 2 2 
 30 324 2 1 
 0 328 3 3 
 15 424 4 5 
 15 426 3 3 
 29 423 5 6 
 73 422 3 3 
 21 331 4 4 
 35 419 2 2 
 26 419 1 2 
 53 418 17 9 
 20 418 2 1 
 71 415 3 3 
 0 334 3 3 
 28 409 4 4 
 19 409 4 4 
 54 408 1 2 
 66 405 10 7 
 68 402 1 2 
 34 346 3 2 
 29 401 2 1 
 13 370 2 3 
 22 370 4 5 
 38 372 1 2 
 48 379 3 3 
 59 379 3 3 
 39 372 24 12 
 27 380 1 2 
 40 397 4 3 
 8 396 1 3 
 53 392 4 7 
 11 381 2 2 
 65 385 3 3 
 30 385 10 10 
 33 387 3 3 
 65 383 3 7 
 40 179 2 1 
 47 186 7 7 
 66 187 5 3 
 29 194 2 1 
 56 200 6 5 
 53 205 2 2 
 19 209 3 2 
 17 212 4 2 
 41 218 4 5 
 25 220 2 1 
 9 221 4 4 
 3 225 2 2 
 30 227 4 2 
 54 227 4 2 
 6 230 2 2 
 18 230 2 1 
 65 231 2 2 
 21 233 2 2 
 16 238 2 2 
 52 240 6 6 
 78 629 5 4 
 83 618 2 1 
 86 616 1 3 
 83 612 2 3 
 7 242 2 1 
 73 580 8 12 
 77 589 3 3 
 76 588 3 3 
 34 242 2 2 
 68 243 2 2 
 66 576 7 6 
 56 574 2 2 
 54 572 1 3 
 66 567 2 3 
 58 567 6 5 
 12 245 2 1 
 59 560 2 4 
 52 549 2 2 
 30 247 3 4 
 27 519 3 3 
 31 252 2 2 
 61 509 2 2 
 60 255 3 3 
 24 260 1 2 
 34 499 3 2 
 32 260 3 4 
 59 265 2 1 
 62 498 2 2 
 62 494 1 2 
 53 492 3 5 
 33 491 10 6 
 37 493 3 3 
 58 489 2 3 
 60 483 5 7 
 46 483 3 4 
 71 482 2 3 
 53 475 4 5 
 6 268 2 4 
 68 471 7 6 
 47 471 3 4 
 20 275 1 2 
 44 279 6 4 
 31 466 6 5 
 64 463 5 5 
 73 459 2 3 
 38 458 20 10 
 52 461 3 3 
 27 281 2 2 
 62 283 3 3 
 62 449 8 8 
 51 449 3 4 
 56 446 2 2 
 24 441 5 5 
 57 440 3 5 
 74 438 2 3 
 70 438 1 2 
 65 438 1 2 
 50 437 7 10 
 51 443 3 3 
 50 442 3 3 
 50 439 3 4 
 57 283 8 4 
 38 285 1 2 
 8 290 4 4 
 75 435 2 2 
 69 434 2 1 
 40 434 4 4 
 37 432 2 1 
 31 432 2 4 
 19 292 4 3 
 24 293 4 3 
 45 294 3 3 
 44 295 3 3 
 44 294 5 4 
 14 296 2 3 
 15 424 4 5 
 15 426 3 3 
 29 423 4 6 
 73 422 3 3 
 42 299 2 1 
 35 419 2 2 
 25 419 2 2 
 41 418 1 2 
 20 418 2 1 
 71 416 3 2 
 53 416 17 11 
 60 421 4 3 
 11 301 2 2 
 22 303 2 2 
 28 409 4 4 
 19 409 4 5 
 54 408 1 2 
 34 408 2 4 
 66 404 10 8 
 15 305 3 2 
 27 398 3 2 
 66 397 3 7 
 40 397 5 4 
 7 395 3 3 
 53 392 4 6 
 17 313 3 4 
 6 320 4 4 
 30 385 10 10 
 33 387 3 3 
 36 386 3 3 
 32 320 3 2 
 16 321 2 3 
 65 382 3 8 
 65 385 3 3 
 11 381 2 2 
 0 327 3 4 
 21 331 4 4 
 27 377 1 2 
 0 334 3 3 
 39 372 24 12 
 59 379 3 3 
 48 379 3 3 
 38 372 1 2 
 13 370 2 2 
 22 369 4 6 
 31 368 1 2 
 26 361 2 2 
 33 346 4 2 
 40 179 2 1 
 47 186 7 7 
 66 187 5 3 
 29 194 2 1 
 56 200 6 5 
 53 205 2 2 
 59 208 2 3 
 19 209 3 2 
 17 212 4 2 
 41 218 5 5 
 25 220 2 1 
 9 221 6 4 
 3 225 2 2 
 6 225 2 2 
 29 227 5 2 
 56 227 1 2 
 6 230 2 2 
 18 230 4 2 
 65 232 2 1 
 21 233 2 2 
 16 238 1 2 
 52 240 6 6 
 78 631 2 1 
 80 629 3 2 
 82 617 3 2 
 7 242 2 1 
 24 242 1 2 
 80 609 1 2 
 73 580 7 11 
 76 588 3 3 
 34 242 2 2 
 66 576 7 5 
 56 574 2 4 
 54 572 1 3 
 66 567 3 4 
 58 567 6 4 
 59 560 1 2 
 52 549 2 2 
 68 243 2 2 
 12 245 2 1 
 61 509 2 2 
 30 247 4 4 
 31 252 2 2 
 60 255 3 3 
 24 259 2 3 
 34 499 3 2 
 32 261 3 3 
 58 265 4 2 
 62 498 2 2 
 62 494 1 2 
 53 492 3 5 
 33 491 10 6 
 39 493 3 3 
 34 492 3 3 
 58 489 2 3 
 60 483 5 7 
 46 483 3 4 
 71 481 2 4 
 38 478 1 2 
 53 475 4 5 
 6 268 2 4 
 69 471 6 6 
 47 471 3 4 
 20 275 1 2 
 39 275 1 2 
 31 466 6 5 
 64 463 5 5 
 73 458 2 4 
 38 458 20 10 
 52 461 3 3 
 65 278 2 2 
 58 452 1 2 
 52 450 2 3 
 44 279 6 4 
 62 449 8 7 
 56 446 2 2 
 24 441 5 5 
 57 440 3 5 
 74 438 2 3 
 70 438 1 2 
 65 438 1 2 
 50 437 7 10 
 51 443 3 3 
 50 442 3 3 
 50 439 3 4 
 27 281 2 3 
 62 283 3 3 
 57 283 8 4 
 75 435 2 2 
 69 434 2 3 
 40 434 4 4 
 31 432 2 4 
 37 431 2 2 
 38 285 1 2 
 8 290 4 3 
 35 291 2 1 
 19 292 3 3 
 24 293 4 3 
 45 294 3 3 
 44 294 5 4 
 15 424 4 5 
 15 426 3 3 
 29 423 4 6 
 73 422 3 3 
 14 296 2 3 
 53 420 10 7 
 35 419 2 2 
 42 299 2 1 
 25 418 2 3 
 20 418 2 1 
 71 416 3 2 
 64 416 6 7 
 11 301 2 2 
 22 303 2 2 
 28 409 4 4 
 19 409 4 4 
 54 408 1 2 
 34 408 2 4 
 66 404 10 8 
 68 402 1 2 
 15 306 3 1 
 17 313 2 4 
 27 398 3 2 
 65 397 3 5 
 40 397 4 3 
 7 395 3 3 
 53 392 4 6 
 6 320 5 4 
 30 385 10 10 
 33 387 3 3 
 36 386 3 3 
 65 382 3 8 
 32 320 3 2 
 11 381 2 2 
 27 380 2 2 
 16 321 2 3 
 27 377 1 2 
 0 327 3 4 
 21 331 4 4 
 39 372 24 11 
 0 334 2 3 
 13 370 2 3 
 22 369 4 5 
 30 368 2 4 
 26 361 2 2 
 33 346 4 2 
 51 186 3 3 
 47 185 7 8 
 66 187 5 3 
 56 200 6 4 
 59 208 2 3 
 17 212 4 2 
 41 218 4 5 
 24 220 3 2 
 9 221 6 4 
 3 225 2 2 
 6 225 2 2 
 29 227 5 2 
 56 227 1 2 
 6 230 2 2 
 18 230 4 2 
 63 230 2 1 
 65 232 2 1 
 21 233 2 2 
 16 238 2 2 
 51 240 6 5 
 34 241 2 3 
 7 242 2 1 
 24 242 1 2 
 68 243 2 2 
 12 245 2 1 
 10 246 1 2 
 30 247 4 4 
 31 252 2 2 
 60 254 3 4 
 32 261 3 3 
 72 636 3 2 
 58 265 4 2 
 6 268 2 4 
 82 617 2 2 
 20 275 2 2 
 39 275 1 2 
 80 609 1 2 
 75 581 2 2 
 67 576 6 3 
 56 574 2 4 
 54 572 1 3 
 66 567 2 3 
 58 567 6 4 
 59 560 1 2 
 65 277 2 2 
 52 549 2 2 
 44 279 6 5 
 61 509 2 4 
 27 281 2 2 
 62 283 3 3 
 57 282 8 4 
 38 284 1 3 
 34 499 2 2 
 39 287 2 2 
 8 290 4 3 
 62 498 2 2 
 19 291 3 4 
 62 494 1 2 
 53 492 4 5 
 33 491 9 6 
 58 489 2 3 
 60 483 5 7 
 46 483 3 5 
 71 481 2 4 
 53 475 4 5 
 24 293 4 3 
 69 471 6 6 
 47 471 3 4 
 34 293 2 1 
 31 466 6 5 
 64 463 4 4 
 73 458 2 4 
 38 458 20 10 
 52 461 3 3 
 44 294 5 4 
 14 296 2 3 
 42 298 2 3 
 52 450 2 3 
 62 449 8 7 
 10 299 3 4 
 24 441 5 5 
 57 440 3 5 
 74 438 2 3 
 70 438 1 2 
 65 438 1 2 
 50 437 7 10 
 51 443 3 3 
 50 442 3 3 
 50 439 3 4 
 6 302 2 1 
 22 303 1 2 
 15 305 3 2 
 17 313 2 4 
 75 435 2 2 
 69 434 2 3 
 40 434 4 4 
 31 432 2 4 
 37 431 2 2 
 6 320 5 4 
 32 320 3 2 
 16 321 2 3 
 0 327 3 4 
 21 331 4 4 
 35 346 2 2 
 26 361 2 2 
 15 424 4 5 
 30 423 4 5 
 73 422 3 3 
 30 368 2 4 
 53 420 10 7 
 57 424 3 3 
 35 419 2 2 
 25 418 2 3 
 20 418 2 1 
 41 417 1 3 
 71 416 3 2 
 64 416 6 7 
 22 369 4 5 
 13 370 2 3 
 28 409 4 4 
 19 409 4 4 
 54 408 1 2 
 34 408 2 4 
 66 404 10 8 
 68 402 1 2 
 38 372 1 2 
 40 372 23 11 
 27 377 1 2 
 65 382 3 8 
 41 397 3 2 
 65 396 3 6 
 7 396 2 2 
 36 386 3 3 
 53 392 4 6 
 33 387 3 3 
 30 385 10 10 
 79 654 1 2 
 72 636 3 2 
 82 617 2 2 
 75 581 3 2 
 70 576 3 3 
 56 574 2 4 
 54 572 1 3 
 66 567 2 3 
 58 567 5 4 
 59 560 1 2 
 52 549 2 2 
 44 279 6 5 
 61 509 2 4 
 27 281 2 2 
 62 283 3 3 
 57 282 8 4 
 38 284 1 3 
 34 499 2 2 
 8 290 4 3 
 62 498 2 2 
 19 291 3 3 
 62 494 1 2 
 36 494 6 3 
 53 492 4 5 
 33 491 2 3 
 58 489 2 3 
 48 486 1 2 
 60 483 5 6 
 46 483 2 2 
 71 481 2 4 
 53 475 4 5 
 34 291 2 3 
 69 471 6 6 
 47 471 3 4 
 24 292 4 3 
 31 466 7 7 
 34 469 3 3 
 64 463 4 4 
 73 458 2 4 
 38 458 20 10 
 52 461 3 3 
 45 294 3 3 
 62 454 2 1 
 44 294 5 4 
 52 450 1 2 
 62 449 8 7 
 14 296 3 2 
 24 441 5 5 
 57 440 3 5 
 42 298 2 3 
 74 438 2 3 
 70 438 1 2 
 10 299 2 4 
 50 437 7 10 
 51 443 3 3 
 50 442 3 3 
 50 439 3 4 
 6 302 2 1 
 15 306 2 1 
 12 437 2 1 
 75 435 2 2 
 7 320 4 3 
 69 434 2 3 
 40 434 4 4 
 32 432 1 2 
 37 431 2 2 
 32 320 2 2 
 16 321 2 3 
 0 327 3 3 
 21 331 4 4 
 15 425 4 4 
 1 334 1 2 
 30 423 4 5 
 73 422 3 3 
 33 345 2 2 
 53 420 10 7 
 35 419 2 2 
 25 418 2 3 
 20 418 2 1 
 41 417 1 3 
 71 416 3 2 
 64 416 6 7 
 65 419 3 3 
 29 348 1 2 
 26 361 2 2 
 14 369 3 4 
 19 410 4 3 
 28 409 4 4 
 54 408 1 2 
 34 408 2 4 
 66 404 10 8 
 68 402 1 2 
 12 368 5 5 
 27 398 3 2 
 64 397 4 5 
 41 397 3 2 
 7 396 2 2 
 53 392 4 6 
 30 368 2 4 
 30 385 10 10 
 33 387 3 3 
 65 382 3 8 
 21 369 5 5 
 49 378 3 3 
 48 379 3 3 
 27 377 1 2 
 40 372 23 11 
 79 655 3 3 
 72 636 3 2 
 82 617 2 2 
 70 576 3 3 
 56 574 1 4 
 54 572 1 3 
 58 567 5 4 
 59 560 1 2 
 52 550 2 1 
 60 509 3 4 
 60 509 3 3 
 62 498 2 2 
 62 494 1 2 
 36 494 6 5 
 53 492 3 5 
 33 491 2 3 
 58 489 2 3 
 48 486 1 2 
 60 484 5 4 
 46 483 1 2 
 71 481 2 4 
 53 476 4 4 
 69 473 2 3 
 71 471 3 5 
 47 471 3 4 
 31 467 7 6 
 34 469 3 3 
 64 463 5 5 
 64 464 3 3 
 73 458 2 3 
 38 458 20 10 
 43 465 3 3 
 43 463 3 3 
 67 453 3 3 
 62 450 6 4 
 57 441 3 4 
 24 441 5 5 
 74 438 2 3 
 50 437 7 10 
 51 443 3 3 
 50 442 3 3 
 50 439 3 4 
 12 437 2 1 
 75 435 2 2 
 69 434 2 3 
 40 434 4 4 
 37 431 2 2 
 15 425 3 4 
 30 423 4 5 
 73 422 3 3 
 53 420 10 7 
 58 422 3 3 
 36 419 1 2 
 41 418 1 2 
 25 418 2 3 
 64 417 5 6 
 65 419 3 3 
 71 416 3 2 
 19 410 3 3 
 28 409 4 4 
 54 408 1 2 
 34 408 2 4 
 66 404 10 8 
 68 402 1 2 
 65 397 3 3 
 41 397 2 2 
 7 396 2 2 
 53 392 4 4 
 30 385 9 10 
 33 387 3 3 
 65 382 3 7 
 11 381 2 2 
 61 380 2 2 
 48 379 3 3 
 49 378 3 3 
 87 678 2 2 
 79 656 3 2 
 72 636 2 2 
 71 576 2 3 
 56 574 1 4 
 54 572 1 3 
 59 560 1 2 
 52 550 2 1 
 61 509 2 3 
 37 497 3 2 
 62 494 1 2 
 54 493 2 3 
 33 491 2 3 
 60 484 3 3 
 71 481 2 3 
 53 477 4 3 
 46 705 4 5 
 46 705 3 3 
 87 678 2 2 
 79 657 2 1 
 85 614 2 2 
 82 610 2 3 
 80 607 3 2 
 54 572 1 3 
 47 706 3 5 
 87 678 2 2 
 72 633 1 2 
 84 614 3 2 
 82 610 2 2 
 80 607 3 2 
 84 719 2 3 
 48 708 2 2 
 87 678 2 2 
 85 614 2 2 
 82 610 3 3 
 80 607 3 2 
 51 730 2 2 
 87 678 2 2 
 76 745 2 2 
 51 730 2 2 
 51 730 2 2 
 48 733 2 1 
 59 775 7 6 
 69 782 2 2 
 48 878 3 3 
 54 883 3 3 
 54 882 3 4 
 68 918 2 2 
 54 880 3 3 
 54 883 3 3 
 52 879 5 7 
 54 945 4 3 
 80 938 3 4 
 52 951 3 1 
 61 950 3 3 
 1538 1069 2 3 
 442 1063 3 6 
 56 768 2 2 
 67 773 3 3 
 52 951 2 1 
 53 956 2 1 
 56 242 1 2 
 13 317 2 2 
 66 954 2 1 
 1489 1014 2 2 
 1512 834 3 4 
 1512 834 3 4 
 1512 834 3 4 
 659 64 2 3 
 1530 922 2 6 
 659 64 2 3 
 1524 870 3 6 
 659 64 2 3 
 1524 870 3 6 
 659 64 2 3 
 1433 848 2 2 
 659 64 2 3 
 598 996 1 2 
 659 64 2 3 
 590 1026 1 2 
 659 64 2 3 
 1432 847 4 3 
 659 64 2 3 
 1432 847 4 3 
 659 64 2 3 
 1432 847 3 3 
 53 1034 2 3 
 661 68 1 2 
 650 79 3 2 
 28 885 2 3 
 656 78 2 2 
 562 1009 5 5 
 656 78 2 2 
 1523 870 4 6 
 656 78 2 2 
 1523 870 4 7 
 656 78 2 2 
 1495 854 1 2 
 656 78 2 2 
 1495 854 1 2 
 650 79 3 2 
 592 1003 3 3 
 650 79 3 2 
 1522 870 5 7 
 1538 1074 3 5 
 1495 852 4 4 
 1535 1071 5 8 
 1496 853 3 3 
 1533 1072 7 8 
 71 596 3 2 
 1495 852 4 4 
 71 596 3 2 
 19 1070 2 2 
 19 1070 1 2 
 70 596 3 2 
 68 596 5 2 
 1522 871 3 4 
 68 596 5 2 
 1487 1014 2 1 
 66 593 3 2 
 589 1001 1 2 
 24 794 3 3 
 67 593 2 2 
 1487 1014 1 2 
 1531 1073 6 7 
 9 244 2 2 
 67 593 2 1 
 1497 853 2 3 
 6 253 5 5 
 69 646 3 4 
 1479 986 2 1 
 6 245 2 2 
 70 646 3 3 
 1479 986 2 1 
 73 621 1 2 
 72 619 4 4 
 73 621 3 3 
 464 1049 2 2 
 73 621 3 3 
 592 1009 1 2 
 1535 1070 3 5 
 665 68 2 3 
 32 807 3 2 
 665 68 2 3 
 600 1043 4 3 
 77 706 3 2 
 665 68 2 3 
 625 1011 1 2 
 44 743 5 6 
 665 68 2 4 
 625 1011 1 2 
 69 409 3 2 
 665 68 2 4 
 625 1011 1 2 
 56 378 2 3 
 663 68 1 2 
 584 999 2 2 
 56 377 3 2 
 665 68 2 4 
 60 282 2 2 
 665 68 2 4 
 60 281 2 3 
 66 187 2 3 
 65 185 4 5 
 338 1024 2 1 
 54 176 2 3 
 338 1024 2 1 
