 1785 717 5 8 
 1792 686 3 3 
 1794 694 5 5 
 1779 684 3 3 
 1779 684 3 3 
 1792 686 3 3 
 1779 684 3 3 
 1792 686 3 4 
 1792 694 7 5 
 1779 684 3 3 
 1792 686 3 3 
 1779 695 3 1 
 1791 694 8 5 
 1796 702 4 3 
 1775 711 2 4 
 1771 707 4 12 
 1774 711 3 4 
 1777 694 5 2 
 1777 694 5 2 
 1777 694 3 2 
 1777 694 3 2 
 1777 694 3 2 
 1777 694 3 1 
 1778 694 2 1 
 1778 701 2 1 
 1778 701 2 1 
 1778 701 2 1 
 1794 696 1 2 
 1794 696 2 2 
 1794 696 2 2 
 1794 696 2 2 
 1794 695 2 3 
 1794 695 2 3 
 1794 695 2 3 
 1794 695 2 3 
 1777 713 3 2 
 1777 713 2 5 
 1441 771 3 4 
 1777 713 2 4 
 1776 713 3 4 
 1776 713 3 4 
 178 500 2 1 
 1776 713 3 4 
 1776 713 4 9 
 217 796 10 8 
 1775 714 4 6 
 215 796 12 7 
 214 796 13 7 
 213 796 13 7 
 213 796 13 6 
 167 505 3 7 
 213 796 13 7 
 213 796 12 8 
 1774 709 1 3 
 1774 709 1 6 
 1774 709 1 3 
 1774 711 2 2 
 1775 708 1 2 
 1775 708 1 2 
 1775 708 1 2 
 1778 719 5 6 
 218 797 2 2 
 1774 709 1 2 
 182 495 1 2 
 179 495 4 5 
 179 495 4 5 
 179 495 4 5 
 179 495 4 5 
 179 495 4 5 
 179 495 4 5 
 180 495 3 5 
 184 499 2 1 
