 60 827 1 3 
 45 864 2 2 
 59 876 1 2 
 58 888 1 2 
 50 777 2 2 
 60 827 2 3 
 52 724 2 1 
 50 777 2 2 
 61 831 2 2 
 60 827 2 3 
 50 777 2 2 
 49 802 2 2 
 48 802 3 2 
 45 864 2 2 
 61 831 2 2 
 59 827 3 3 
 57 805 1 2 
 108 984 3 2 
 102 982 2 2 
 86 967 4 2 
 57 886 4 2 
 61 831 2 2 
 60 829 2 1 
 48 802 3 2 
 57 805 1 2 
 92 972 5 3 
 62 972 2 3 
 86 967 4 2 
 29 888 2 2 
 58 886 3 2 
 62 831 1 2 
 48 802 3 2 
 57 805 1 2 
 90 976 3 4 
 92 972 5 3 
 62 972 2 3 
 86 967 4 2 
 29 888 2 2 
 58 886 3 5 
 62 831 1 2 
 48 802 3 2 
 49 802 2 2 
 62 831 1 2 
 101 978 2 2 
 89 976 4 4 
 58 886 3 5 
 29 888 3 2 
 94 972 3 2 
 62 972 2 3 
 86 967 4 2 
 97 979 15 10 
 90 976 3 4 
 58 886 3 5 
 30 888 2 1 
 62 973 2 2 
 73 967 1 2 
 83 970 1 2 
 86 967 4 2 
 59 886 2 5 
 79 985 2 3 
 30 888 2 1 
 97 981 15 8 
 102 982 3 3 
 86 967 4 2 
 90 976 3 4 
 83 970 1 2 
 30 888 2 1 
 83 970 1 2 
 90 977 3 3 
 101 988 4 4 
 86 988 2 3 
 79 985 2 4 
 102 982 3 3 
 96 981 17 9 
 105 984 3 3 
 90 978 2 2 
 101 989 4 3 
 86 988 2 3 
 79 985 3 4 
 105 984 3 3 
 96 982 17 8 
 90 993 1 2 
 98 995 2 2 
 75 611 1 2 
 110 984 2 3 
 75 611 1 2 
 108 984 3 2 
 75 611 1 2 
 7 785 2 3 
 7 785 3 4 
 664 70 3 3 
 109 980 2 3 
 665 70 2 2 
 55 864 2 2 
 665 70 2 2 
 55 870 3 4 
 665 70 2 2 
 55 863 2 3 
 665 70 2 2 
 104 976 2 2 
 665 70 2 2 
 104 976 2 2 
 665 70 2 2 
 104 976 3 2 
 665 70 2 2 
 106 976 1 2 
 45 719 2 1 
 106 976 1 2 
 45 719 2 1 
 19 784 1 3 
 51 721 3 4 
 103 975 2 2 
 81 633 2 2 
 54 862 3 2 
 74 622 2 2 
 40 905 2 2 
 74 622 2 2 
 40 905 2 2 
 73 621 3 3 
 40 905 2 2 
 73 621 3 3 
 74 622 2 2 
 74 623 2 1 
 70 649 3 1 
 70 647 3 3 
 69 645 3 5 
 69 645 3 5 
 68 645 4 5 
 69 645 3 5 
 69 645 3 5 
 70 647 2 3 
 70 647 2 3 
 75 664 2 3 
 35 896 2 1 
 75 664 2 3 
 35 895 2 2 
 45 642 3 3 
 45 642 3 3 
 45 642 3 3 
 45 642 3 2 
 76 622 2 2 
 76 622 2 2 
 75 621 3 3 
 28 888 1 2 
 75 621 3 3 
 28 888 1 2 
 75 621 3 3 
 44 912 3 2 
 75 621 3 3 
 810 927 2 2 
 74 621 5 3 
 810 927 2 2 
 74 621 5 3 
 810 927 2 1 
 57 611 2 1 
 810 927 2 1 
 57 611 2 1 
 810 927 2 1 
 57 611 2 1 
 810 927 2 1 
 71 610 2 4 
 761 918 1 2 
 71 610 2 4 
 732 1006 2 2 
 30 646 4 3 
 732 1006 2 2 
 329 1054 4 3 
 38 644 2 2 
 65 849 2 2 
 37 644 3 4 
 732 1006 2 2 
 38 644 2 2 
 732 1006 2 2 
 66 655 2 1 
 756 1015 2 3 
 73 609 1 2 
 756 1015 2 3 
 83 636 2 2 
 755 1014 2 4 
 50 622 2 2 
 755 1014 2 4 
