 1608 916 5 5 
 1602 918 5 4 
 1596 919 8 6 
 1588 923 5 3 
 1577 926 6 5 
 1564 933 7 7 
 1552 942 6 5 
 1540 952 6 4 
 1530 959 5 5 
 1531 962 2 2 
 1519 965 7 7 
 1509 971 7 6 
 1500 976 6 5 
 1489 980 7 7 
 1477 989 5 5 
 1461 999 7 5 
 1435 1013 5 4 
 584 1024 3 4 
 578 1025 4 3 
 584 1031 2 2 
 587 1043 2 4 
 587 1040 3 3 
 584 1039 2 3 
 583 1023 2 1 
 583 1023 2 1 
 583 1039 2 1 
 583 1039 2 1 
 583 1039 2 1 
 583 1039 2 1 
 583 1039 2 1 
 583 1039 2 1 
 583 1039 2 1 
 583 1039 2 1 
 583 1048 2 4 
 585 1022 3 3 
 580 1048 2 2 
 580 1048 2 2 
 580 1048 2 2 
 585 1022 3 3 
 585 1022 3 3 
