 60 776 3 2 
 49 804 2 1 
 56 804 2 2 
 57 807 3 3 
 49 804 2 1 
 57 809 3 1 
 60 823 2 2 
 56 804 2 2 
 60 823 2 2 
 46 912 2 2 
 56 804 2 2 
 57 807 2 2 
 46 912 2 2 
 86 965 2 2 
 51 875 2 1 
 64 961 1 2 
 86 965 2 2 
 82 966 3 1 
 51 875 2 1 
 47 911 2 2 
 64 961 1 2 
 84 965 3 3 
 82 965 7 3 
 70 967 4 2 
 75 858 2 2 
 51 874 2 3 
 47 911 2 2 
 64 961 1 3 
 84 965 3 3 
 82 965 8 3 
 70 967 4 2 
 92 971 4 2 
 51 875 2 1 
 47 911 1 2 
 64 961 1 2 
 84 965 3 3 
 82 965 8 3 
 70 967 3 2 
 92 971 2 1 
 96 973 3 2 
 41 746 2 1 
 58 804 2 1 
 15 836 4 4 
 51 875 2 1 
 64 961 1 2 
 84 965 3 3 
 82 965 8 3 
 92 971 2 1 
 96 973 1 2 
 88 975 4 4 
 41 746 2 1 
 15 836 4 4 
 47 911 2 2 
 78 931 2 2 
 64 961 1 2 
 84 965 3 3 
 82 965 8 3 
 92 971 2 1 
 96 973 1 2 
 90 976 2 3 
 101 978 10 7 
 15 836 4 4 
 36 895 2 1 
 47 911 2 1 
 78 931 2 2 
 64 961 1 2 
 86 965 4 3 
 82 966 3 2 
 92 971 2 1 
 103 980 8 5 
 96 973 1 2 
 90 975 1 4 
 36 895 2 1 
 78 931 2 2 
 83 966 2 2 
 87 966 3 2 
 92 971 4 2 
 96 973 3 2 
 90 977 1 2 
 103 980 8 5 
 85 981 3 3 
 95 981 6 4 
 77 985 2 2 
 93 995 1 2 
 96 992 2 1 
 102 987 2 2 
 96 992 2 1 
 88 988 2 2 
 96 992 2 1 
 85 996 4 4 
 85 998 2 2 
 574 81 1 2 
 78 935 3 2 
 574 81 1 2 
 605 1052 2 2 
 569 1074 3 2 
 574 81 1 2 
 612 1016 4 7 
 574 81 1 2 
 613 1016 3 4 
 574 81 1 2 
 613 1017 1 2 
 612 1017 2 1 
 82 991 2 1 
 82 991 2 1 
 39 737 2 2 
 82 991 2 1 
 82 991 2 1 
 623 85 2 1 
 59 764 2 1 
 655 63 2 1 
 59 810 2 2 
 655 63 2 1 
 59 810 2 2 
 655 63 2 1 
 59 810 2 2 
 655 63 2 1 
 51 876 2 3 
 655 63 2 1 
 655 63 2 1 
 51 876 2 3 
 655 63 2 1 
 51 876 2 3 
 24 474 2 3 
 655 63 2 1 
 24 474 2 3 
 77 937 2 1 
 24 475 2 2 
 24 475 2 2 
 77 937 2 1 
 24 475 2 2 
 24 475 6 4 
 24 475 6 4 
 26 476 3 3 
 26 476 3 3 
 611 1000 2 2 
 26 476 3 3 
 610 999 3 3 
 26 476 4 3 
 610 999 1 2 
 642 1058 2 3 
 41 746 1 2 
 606 996 2 2 
 41 746 1 2 
 41 746 1 2 
 660 70 4 4 
 67 751 2 2 
 660 70 4 4 
 41 746 1 2 
 660 70 4 4 
 41 746 1 2 
 660 70 4 4 
 41 749 3 2 
 660 70 4 4 
 1520 868 4 4 
 660 70 4 4 
 1521 869 3 4 
 660 70 4 4 
 77 986 1 2 
 660 70 4 4 
 572 999 2 2 
 58 582 3 2 
 572 999 2 2 
 47 496 2 1 
 22 385 2 2 
 571 999 3 2 
 22 385 2 2 
 22 385 2 2 
 22 385 2 2 
 66 592 3 2 
 22 385 2 2 
 341 961 3 3 
 341 961 3 3 
 341 961 3 3 
 341 961 3 3 
 1555 900 3 2 
 329 980 2 3 
 332 981 6 5 
 327 980 11 6 
 328 980 11 6 
 328 981 11 6 
 79 729 1 2 
 328 982 11 5 
 345 984 1 2 
 68 708 2 1 
