 39 83 1 2 
 37 165 2 2 
 67 189 2 2 
 68 189 2 1 
 65 213 5 5 
 65 215 2 2 
 68 215 1 2 
 67 218 2 3 
 70 237 3 2 
 51 299 1 2 
 24 343 1 3 
 49 382 2 1 
 47 388 2 1 
 19 442 3 3 
 20 443 2 2 
 34 495 2 3 
 81 594 1 2 
 72 601 4 4 
 73 600 3 4 
 86 619 2 2 
 86 622 2 2 
 90 628 1 2 
 70 631 2 1 
 89 631 2 1 
 90 628 1 2 
 89 631 2 1 
 71 645 2 2 
 90 628 1 2 
 79 680 2 2 
 82 684 1 2 
 89 698 2 2 
 64 783 2 2 
 82 754 1 2 
 67 753 2 2 
 65 752 1 2 
 64 747 1 2 
 47 735 2 2 
 43 712 1 2 
 57 870 4 3 
 70 817 2 3 
 0 817 3 4 
 59 785 1 2 
 67 753 2 2 
 47 736 3 2 
 58 879 2 3 
 57 861 1 2 
 68 819 2 2 
 70 817 2 3 
 58 879 2 4 
 56 861 2 2 
 58 878 2 5 
 58 880 2 2 
 85 970 2 1 
 59 297 2 2 
 28 511 1 2 
 1728 1074 2 2 
 85 733 4 3 
 14 331 3 1 
 51 582 3 3 
 1483 940 2 2 
 14 331 2 1 
 1728 1074 1 2 
 51 582 3 3 
 15 306 2 2 
 1728 1074 1 2 
 51 583 2 2 
 56 288 2 2 
 1664 1056 1 2 
 82 713 1 2 
 54 213 2 3 
 24 415 3 8 
 1622 1060 1 2 
 80 632 2 4 
 564 840 2 3 
 666 71 2 2 
 34 330 2 1 
 67 595 2 3 
 1693 1041 2 2 
 479 815 2 1 
 23 340 1 2 
 53 957 1 2 
 80 704 3 8 
 36 270 2 1 
 77 950 2 2 
 36 270 2 1 
 74 636 3 2 
 36 270 2 1 
 74 636 3 2 
 36 270 2 1 
 68 497 1 2 
 1097 1061 2 2 
 37 474 2 2 
 78 726 1 2 
 29 363 2 2 
 77 586 3 3 
 29 363 2 1 
 58 585 2 2 
 3 397 3 5 
 75 637 2 1 
 1095 1061 4 4 
 2 397 4 5 
 73 636 2 1 
 1095 1062 2 3 
 50 380 3 2 
 78 587 2 2 
 50 380 2 2 
 78 586 3 4 
 498 828 3 4 
