 44 381 2 1 
 45 381 2 2 
 30 414 2 1 
 71 414 2 2 
 30 414 2 1 
 71 414 2 2 
 59 474 2 2 
 59 474 2 2 
 47 479 2 2 
 36 484 4 3 
 39 392 1 2 
 20 448 2 2 
 36 483 3 5 
 48 498 2 1 
 39 392 1 2 
 20 448 2 2 
 47 479 2 2 
 36 483 3 5 
 35 502 2 3 
 52 386 2 1 
 39 392 1 2 
 41 402 1 2 
 20 447 2 3 
 26 450 2 1 
 47 479 2 2 
 36 483 3 5 
 39 483 1 2 
 58 575 2 3 
 47 479 2 2 
 39 483 1 2 
 37 485 3 3 
 58 576 1 2 
 58 576 1 2 
 60 578 1 2 
 69 609 1 2 
 73 624 3 4 
 73 625 2 2 
 59 689 2 2 
 45 714 2 2 
 664 85 2 2 
 50 738 2 2 
 71 740 2 2 
 50 738 2 2 
 71 740 2 2 
 76 753 1 2 
 50 737 2 2 
 71 740 2 2 
 54 745 2 2 
 58 781 5 5 
 64 782 4 3 
 50 737 2 2 
 71 740 2 2 
 53 756 2 1 
 64 780 7 11 
 59 783 3 3 
 58 781 5 5 
 50 737 2 2 
 71 740 2 2 
 53 756 2 1 
 66 784 3 3 
 63 780 8 11 
 59 783 3 3 
 58 781 5 5 
 58 793 2 3 
 67 798 1 2 
 61 796 2 2 
 64 820 2 2 
 12 813 2 4 
 68 803 5 2 
 66 798 2 2 
 61 796 2 2 
 64 819 2 3 
 12 813 2 4 
 69 801 4 4 
 66 798 2 2 
 77 737 1 2 
 56 776 2 3 
 63 779 7 9 
 63 779 1 2 
 65 780 3 4 
 74 748 2 2 
 653 74 1 2 
 653 74 1 2 
 64 780 2 3 
 653 74 1 2 
 59 781 2 2 
 653 74 1 2 
 66 784 4 4 
 66 784 3 2 
 653 74 1 2 
 653 74 1 2 
 653 74 1 2 
 653 74 1 2 
 66 783 1 2 
 67 909 1 2 
 67 969 2 2 
 67 969 2 2 
 67 969 2 2 
 67 969 3 2 
 654 61 7 5 
 95 972 2 3 
 654 61 7 5 
 95 972 2 3 
 610 1009 2 2 
 654 61 7 5 
 654 61 7 5 
 96 974 2 1 
 654 61 7 5 
 108 983 2 2 
 654 61 7 5 
 655 61 6 5 
 655 61 6 3 
 655 61 6 3 
 613 1009 3 3 
 613 1009 3 3 
 614 1010 2 2 
 614 1010 2 2 
 614 1010 2 2 
 614 1010 2 2 
 615 1010 1 2 
 667 61 3 3 
 667 61 3 3 
 667 61 3 3 
 667 61 3 3 
 667 61 3 3 
 667 61 3 3 
 667 61 3 3 
 667 61 3 3 
