 326 1032 5 5 
 308 1003 2 1 
 327 1035 3 5 
 324 1044 2 2 
 317 1044 4 4 
 328 1038 2 2 
 327 1035 2 2 
 286 1033 2 2 
 321 1048 9 6 
 316 1043 5 5 
 327 1035 3 2 
 318 1033 6 5 
 321 1035 3 3 
 341 1061 4 4 
 346 1064 6 3 
 324 1050 6 4 
 65 651 4 4 
 339 1060 6 7 
 67 658 2 1 
 339 1060 3 3 
 322 1048 6 10 
 35 327 1 2 
 316 1034 7 5 
 35 327 1 2 
 325 1039 2 1 
 66 691 2 2 
 35 327 1 2 
 317 1034 6 5 
 34 295 1 2 
 317 1034 5 4 
 65 503 2 2 
 655 63 2 1 
 1890 668 2 3 
 1842 1073 2 1 
 655 63 2 1 
 1890 668 2 2 
 1842 1073 2 1 
 666 72 2 1 
 1778 1074 3 4 
 666 72 2 1 
 1788 1075 1 2 
 666 72 2 1 
 1785 1074 2 1 
 1451 932 4 4 
 1720 1035 10 3 
 1742 1024 2 7 
 1457 936 1 2 
 13 276 1 2 
 1759 1053 3 3 
 654 66 3 3 
 18 274 2 1 
 1762 1052 7 8 
