 944 1018 2 2 
 923 1075 10 5 
 970 1044 3 3 
 957 1049 3 2 
 907 1069 2 1 
 914 1060 2 2 
 911 1065 2 1 
 905 1068 3 3 
 905 1067 5 4 
 979 1030 2 2 
 1004 1041 2 2 
 1004 1041 2 1 
 959 1044 4 6 
 992 1034 2 1 
 967 1045 5 4 
 990 1034 4 2 
 969 1045 3 3 
 967 1046 1 2 
 934 1059 3 4 
 990 1034 2 2 
 961 1042 11 6 
 934 1060 3 3 
 961 1044 3 4 
 962 1038 6 7 
 913 1064 1 3 
 934 1060 3 3 
 890 1054 1 2 
 959 1044 4 2 
 963 1041 4 2 
 964 1037 5 3 
 995 1031 3 2 
 965 1067 8 6 
 910 1065 4 2 
 933 1060 3 3 
 889 1054 2 3 
 964 1038 1 2 
 956 1043 4 3 
 923 1070 2 2 
 911 1079 2 1 
 923 1075 2 2 
 909 1072 6 4 
 532 261 2 2 
 745 756 5 4 
 1314 122 2 1 
 872 1071 3 3 
 4 759 3 3 
 1313 121 3 3 
 872 1063 7 6 
 1 758 2 1 
 1313 121 3 3 
 952 1065 3 2 
 4 759 3 3 
 1313 121 3 3 
 862 1065 11 10 
 746 756 5 4 
 860 1074 2 1 
 531 261 3 2 
 749 756 2 2 
 860 1068 8 5 
 528 268 2 2 
 890 1063 1 2 
 853 1070 6 5 
 527 267 3 3 
 852 1071 3 3 
 541 268 3 2 
 1016 86 3 3 
 848 1074 1 3 
 844 1073 3 2 
 527 267 3 3 
 840 1073 2 1 
 527 267 3 2 
 845 1075 4 4 
 835 1072 5 6 
 28 984 4 4 
 846 1071 2 2 
 847 1073 3 3 
 1070 1076 8 4 
 903 1020 1 2 
 1311 138 1 2 
 903 1020 1 2 
 1310 137 4 4 
 1074 1076 9 4 
 524 57 2 2 
 1073 1076 10 4 
 31 830 2 2 
 1074 1077 6 3 
 945 1023 2 2 
 64 936 2 1 
 64 930 3 3 
 65 928 2 3 
 62 951 3 3 
 61 953 5 10 
 62 957 4 6 
 59 958 6 8 
 59 960 5 6 
 58 961 5 6 
 58 962 3 5 
 922 1013 3 3 
 922 1013 4 2 
 922 1013 4 2 
 895 1076 3 4 
 431 182 5 8 
 919 1010 3 2 
 431 182 5 9 
 914 1033 2 2 
 431 182 5 9 
 914 1033 2 2 
 431 182 5 9 
 943 1022 2 3 
 431 182 5 9 
 920 1020 2 1 
 433 184 3 4 
 960 1026 2 1 
 434 182 2 4 
 959 1028 2 2 
 430 188 3 3 
 943 1022 3 2 
 430 188 3 3 
 943 1022 3 2 
 430 188 3 3 
 943 1022 4 2 
 414 189 2 2 
 943 1022 3 2 
 920 1000 3 3 
 431 185 3 5 
 922 1000 2 2 
 431 185 3 5 
 955 1020 3 3 
