 125 893 4 3 
 132 898 4 4 
 138 902 4 5 
 145 907 5 6 
 151 915 6 6 
 159 921 5 4 
 167 926 4 3 
 175 931 4 4 
 182 934 6 7 
 190 943 5 5 
 198 949 6 5 
 208 954 4 4 
 225 963 6 7 
 245 978 3 4 
 71 646 1 2 
 1617 1063 2 2 
 1613 1074 2 1 
 1691 1012 2 2 
 1617 1063 2 1 
 1532 293 3 4 
 877 898 3 2 
 1532 294 3 3 
 877 898 3 2 
 877 898 3 2 
 877 898 3 2 
 1532 293 4 6 
 878 898 2 2 
 1532 293 4 4 
 1628 1070 2 2 
 1628 1070 2 2 
 1614 1073 2 2 
 877 897 2 1 
 1614 1073 2 2 
 1614 1073 2 2 
 1614 1073 2 2 
 1614 1073 2 2 
 68 794 1 2 
 1533 297 3 3 
 68 794 1 2 
 1536 297 2 1 
 68 794 1 2 
 52 768 1 2 
 51 739 2 3 
 58 758 1 2 
 50 738 3 2 
 1673 1028 2 2 
 1536 297 2 4 
 50 738 3 2 
 1686 1028 2 1 
 61 823 4 5 
 1534 297 4 4 
 49 738 4 4 
 49 738 4 4 
 49 739 3 3 
 61 724 2 3 
 61 724 2 3 
 61 823 2 2 
 61 823 2 2 
 655 61 3 3 
 61 823 2 2 
 655 61 3 3 
 61 823 2 2 
 655 61 3 3 
 61 823 2 2 
 655 61 3 3 
 655 61 3 3 
 64 827 2 2 
 655 61 3 3 
 14 815 1 2 
 655 61 3 3 
 64 828 2 1 
 655 61 3 3 
