 1028 1074 11 6 
 989 1019 2 2 
 989 1019 2 2 
 994 1020 3 5 
 994 1021 3 3 
 994 1020 3 5 
 994 1021 3 3 
 994 1020 3 5 
 996 1028 3 2 
 994 1020 3 5 
 997 1028 2 2 
 990 1037 2 1 
 995 1020 2 2 
 1015 1042 1 2 
 1019 1048 2 2 
 991 1073 4 2 
 997 1061 2 2 
 991 1074 2 1 
 994 1073 1 2 
 994 1073 1 2 
 994 1073 1 2 
 994 1073 1 2 
 995 1021 2 2 
 994 1021 3 3 
 994 1022 1 2 
 994 1022 1 2 
 1029 1060 5 4 
 493 34 11 6 
 1035 1065 4 3 
 493 34 11 6 
 796 1065 2 2 
 493 34 11 6 
 1029 1061 5 3 
 493 34 11 6 
 1029 1061 5 3 
 493 34 11 6 
 1029 1061 5 3 
 493 34 11 6 
 802 1055 2 2 
 1147 1078 3 2 
 830 1035 5 5 
 992 1022 2 2 
 992 1022 2 2 
 993 1019 1 2 
 1031 1076 2 1 
 992 1022 2 2 
 1095 1053 2 2 
 1034 1078 2 2 
 992 1022 2 2 
 992 1022 3 3 
 992 1022 2 1 
 992 1022 2 1 
 992 1022 2 1 
 992 1022 2 2 
 992 1022 2 2 
 992 1022 2 2 
 519 36 4 4 
 992 1027 2 4 
 519 36 4 4 
 519 36 4 4 
 521 36 2 2 
 521 36 2 2 
 521 36 2 2 
 521 36 2 2 
 521 36 2 2 
 993 1027 2 3 
 1031 1062 2 2 
 532 44 2 3 
 532 44 2 3 
 532 44 2 3 
 532 44 2 3 
 1002 1039 2 1 
 532 44 2 3 
 1002 1039 2 1 
 532 44 2 3 
 532 44 2 3 
 532 44 2 3 
 1093 1053 2 2 
 1031 1078 1 2 
 1020 1053 2 1 
 1018 1053 1 2 
 960 1028 2 1 
 960 1026 3 3 
