 224 272 5 16 
 228 290 5 12 
 244 389 3 5 
 244 388 3 6 
 255 441 2 5 
 264 473 2 2 
 281 518 2 3 
 291 542 3 3 
 286 530 4 6 
 303 568 6 8 
 300 560 1 2 
 297 555 4 4 
 316 597 6 9 
 310 585 7 11 
 328 620 8 11 
 324 612 5 6 
 335 633 14 21 
 345 647 3 3 
 348 657 13 23 
 360 682 12 22 
 379 731 11 20 
 388 755 7 21 
 393 776 5 23 
 394 801 4 19 
 392 820 5 22 
 908 188 5 5 
 389 848 5 16 
 386 867 5 14 
 383 899 3 8 
 380 920 2 3 
 1177 1076 7 4 
 1176 1077 7 3 
 523 53 3 4 
 523 53 3 4 
 1178 1076 6 4 
 523 53 3 4 
 523 53 3 4 
 523 53 3 4 
 523 53 3 4 
 523 53 3 4 
 1179 1076 5 4 
 523 53 3 4 
 436 90 3 3 
 437 90 2 4 
 436 92 3 3 
 436 92 3 3 
 436 92 3 3 
 437 91 3 4 
 437 91 3 4 
 437 91 3 4 
 438 91 2 3 
 438 91 2 3 
