 1830 789 7 7 
 1804 790 10 8 
 1793 793 10 7 
 1783 797 6 6 
 1770 801 11 10 
 1763 808 10 11 
 1761 817 9 10 
 1760 828 9 9 
 1760 838 12 11 
 1763 850 10 11 
 1768 865 8 8 
 1772 877 9 11 
 1776 893 12 12 
 1782 910 11 12 
 1788 929 12 10 
 1795 946 11 12 
 1800 965 11 12 
 1805 982 12 12 
 1809 997 14 13 
 1818 1028 11 12 
 1822 1043 12 13 
 1228 57 14 18 
 1200 125 15 21 
 1175 198 12 16 
 1143 272 14 20 
 1118 338 16 22 
 1099 404 14 17 
 1041 1016 4 5 
 583 1024 5 5 
 583 1024 4 5 
 583 1024 4 5 
 583 1025 4 4 
 583 1025 4 4 
 583 1025 4 4 
 583 1025 4 4 
 583 1026 3 3 
 588 1031 2 2 
 588 1031 2 2 
 588 1031 2 2 
 588 1031 2 2 
 588 1031 2 2 
 588 1031 2 2 
 588 1031 2 2 
 588 1031 2 2 
