 84 631 1 2 
 76 638 3 2 
 76 639 2 3 
 74 671 3 4 
 74 671 3 4 
 76 707 2 2 
 76 673 1 2 
 74 696 2 1 
 74 703 2 2 
 76 707 2 2 
 45 718 2 2 
 41 732 2 2 
 76 672 2 2 
 82 680 1 2 
 45 718 2 2 
 41 732 2 4 
 70 732 2 2 
 71 738 1 2 
 74 670 2 2 
 76 672 2 2 
 81 672 1 2 
 82 680 1 2 
 74 696 2 1 
 76 707 2 1 
 45 718 3 2 
 62 741 2 3 
 71 738 1 2 
 80 725 2 3 
 41 732 3 4 
 70 732 2 2 
 83 747 2 2 
 78 622 2 2 
 74 658 2 1 
 77 658 1 2 
 74 670 4 4 
 83 747 2 2 
 82 680 1 2 
 56 747 5 6 
 73 695 3 2 
 72 701 2 3 
 75 704 1 2 
 44 716 3 3 
 46 742 4 2 
 68 741 2 1 
 43 715 5 5 
 62 740 2 3 
 71 738 1 2 
 79 723 3 4 
 66 737 2 3 
 41 732 3 4 
 83 733 3 3 
 78 622 2 2 
 73 658 3 1 
 77 658 2 2 
 83 668 1 2 
 74 670 4 3 
 83 747 2 2 
 56 747 5 6 
 56 748 3 3 
 81 680 2 2 
 67 746 2 2 
 70 692 2 2 
 83 694 1 2 
 90 696 2 3 
 72 701 2 3 
 75 704 1 2 
 46 742 5 2 
 68 741 2 1 
 55 740 2 2 
 81 711 2 2 
 61 739 3 3 
 71 738 1 2 
 44 716 3 3 
 43 715 5 5 
 66 737 2 3 
 80 724 3 4 
 81 729 2 2 
 56 730 2 2 
 55 735 1 2 
 83 733 3 3 
 70 731 3 3 
 41 732 3 4 
 78 622 2 2 
 76 637 2 2 
 73 658 3 1 
 77 658 2 2 
 83 667 2 4 
 74 670 4 3 
 81 680 2 2 
 73 750 2 1 
 60 688 2 3 
 70 692 2 2 
 83 747 2 2 
 56 747 5 6 
 56 748 3 3 
 67 746 2 2 
 83 745 2 1 
 83 694 1 2 
 66 744 2 1 
 77 742 1 3 
 90 696 2 3 
 46 742 5 3 
 68 741 2 1 
 73 701 1 2 
 75 704 2 4 
 81 711 2 2 
 44 716 3 3 
 61 738 3 4 
 43 715 5 5 
 66 737 2 3 
 77 719 1 2 
 52 722 2 1 
 55 735 1 2 
 83 734 3 2 
 78 734 1 2 
 80 724 3 7 
 46 726 2 1 
 41 732 3 4 
 76 731 3 2 
 70 730 3 4 
 56 729 2 3 
 80 625 2 1 
 73 658 3 1 
 77 659 2 1 
 83 667 2 4 
 76 671 2 2 
 81 680 2 2 
 60 688 2 3 
 70 692 2 2 
 40 751 2 1 
 73 750 3 4 
 83 694 2 2 
 56 747 7 7 
 56 750 3 3 
 56 748 3 3 
 57 747 3 3 
 45 747 2 2 
 83 745 2 1 
 89 695 3 4 
 66 744 4 5 
 73 701 1 2 
 75 704 2 4 
 77 742 1 3 
 46 742 5 3 
 68 741 2 1 
 81 711 2 2 
 53 741 1 2 
 44 716 3 3 
 80 739 1 2 
 61 738 3 4 
 71 737 2 2 
 66 737 3 3 
 43 715 5 5 
 77 719 1 2 
 52 722 2 1 
 83 734 3 2 
 80 723 4 10 
 41 732 3 4 
 76 731 5 7 
 71 731 2 3 
 46 725 2 2 
 56 729 2 3 
 73 658 3 1 
 77 659 2 1 
 83 667 2 4 
 76 671 2 2 
 73 683 2 1 
 60 688 2 3 
 70 692 2 2 
 41 753 2 1 
 40 751 2 1 
 83 694 2 2 
 73 747 3 7 
 56 747 7 7 
 56 748 3 3 
 57 747 3 3 
 45 747 2 2 
 83 745 2 1 
 66 744 4 5 
 89 695 3 4 
 70 743 3 3 
 77 742 1 3 
 73 701 1 2 
 68 741 2 1 
 75 705 2 2 
 46 741 5 4 
 80 739 1 2 
 61 738 3 4 
 71 737 2 2 
 66 737 3 3 
 81 710 2 3 
 55 735 1 2 
 83 734 3 2 
 72 732 1 2 
 41 732 3 4 
 76 731 5 7 
 44 716 3 3 
 43 715 5 5 
 56 729 2 5 
 77 719 2 2 
 46 725 2 2 
 80 723 4 10 
 80 724 3 3 
 52 722 2 1 
 73 658 3 1 
 77 659 2 1 
 83 668 2 3 
 74 669 2 2 
 76 671 2 2 
 73 683 2 1 
 62 755 6 6 
 60 688 2 3 
 40 751 2 1 
 70 691 2 3 
 56 747 7 7 
 56 748 3 3 
 57 747 3 3 
 45 747 2 2 
 83 745 2 1 
 66 744 4 5 
 83 694 2 2 
 70 743 8 15 
 77 742 1 3 
 68 741 2 1 
 88 695 4 3 
 53 741 1 2 
 46 741 5 4 
 80 739 1 2 
 61 738 3 4 
 71 737 2 2 
 73 701 1 2 
 66 736 3 4 
 75 705 2 2 
 83 734 3 2 
 81 710 2 3 
 42 732 2 4 
 76 731 5 7 
 43 715 5 4 
 56 729 2 5 
 77 719 2 2 
 62 728 1 2 
 45 725 3 2 
 80 723 4 10 
 80 724 3 3 
 52 722 2 1 
 73 658 3 1 
 77 659 2 1 
 74 669 2 2 
 76 671 1 2 
 73 683 2 1 
 60 688 2 3 
 70 691 2 3 
 83 694 2 2 
 88 695 4 3 
 70 756 1 3 
 73 701 1 2 
 62 755 6 6 
 75 705 2 2 
 81 710 2 3 
 61 752 2 2 
 40 751 2 1 
 43 715 5 4 
 77 719 2 2 
 56 747 4 5 
 45 747 2 2 
 32 747 1 2 
 52 721 2 2 
 83 745 2 1 
 71 745 7 14 
 66 744 2 1 
 80 724 3 3 
 80 723 4 10 
 77 742 1 3 
 68 741 2 1 
 45 725 3 2 
 53 741 1 2 
 46 741 5 4 
 80 739 1 2 
 75 738 2 2 
 61 738 3 4 
 62 728 3 2 
 56 730 2 4 
 66 736 3 4 
 76 732 5 6 
 83 733 3 3 
 43 733 1 2 
 73 658 2 1 
 77 757 1 2 
 77 659 2 1 
 70 755 1 4 
 62 755 2 2 
 60 688 2 3 
 49 753 1 2 
 81 751 2 1 
 61 751 2 3 
 40 751 2 1 
 70 691 2 3 
 56 747 4 5 
 45 747 2 2 
 32 747 1 2 
 68 746 2 3 
 83 694 2 1 
 71 745 6 11 
 89 695 4 4 
 66 744 2 1 
 73 701 2 2 
 75 705 2 2 
 77 742 1 3 
 68 741 2 1 
 81 711 2 1 
 53 741 1 2 
 46 741 5 4 
 80 739 1 2 
 75 738 2 2 
 61 738 3 4 
 43 715 5 4 
 77 719 2 2 
 66 736 3 4 
 55 735 2 2 
 83 733 3 3 
 76 732 5 6 
 72 732 1 2 
 82 731 2 2 
 56 731 2 3 
 51 721 3 2 
 80 723 3 7 
 62 728 1 2 
 45 725 3 2 
 66 758 2 2 
 45 758 2 1 
 77 757 1 2 
 61 755 3 2 
 74 753 2 2 
 49 753 1 2 
 81 751 2 1 
 61 751 2 3 
 56 748 4 4 
 73 747 3 5 
 45 747 2 2 
 32 747 1 2 
 68 746 2 3 
 77 659 2 1 
 60 688 2 3 
 70 691 2 3 
 83 694 2 1 
 77 742 1 2 
 88 695 5 4 
 53 741 1 2 
 46 741 5 4 
 80 739 1 2 
 75 738 2 2 
 61 738 2 3 
 75 705 2 2 
 46 716 2 2 
 66 736 3 4 
 55 735 2 2 
 76 732 5 6 
 72 732 1 2 
 82 731 4 5 
 56 731 2 3 
 77 719 2 2 
 51 721 3 2 
 80 723 3 7 
 45 725 3 2 
 64 759 1 2 
 44 758 3 1 
 61 755 3 2 
 49 753 1 2 
 81 751 2 1 
 61 751 2 3 
 60 688 2 3 
 57 747 3 5 
 45 747 2 2 
 32 747 1 2 
 68 746 1 2 
 70 691 2 3 
 83 694 2 1 
 88 695 4 3 
 77 719 2 2 
 51 721 3 2 
 80 723 6 12 
 45 725 3 2 
 47 741 4 4 
 56 731 2 2 
 80 739 1 2 
 61 738 2 3 
 72 732 1 2 
 67 737 2 3 
 76 732 5 6 
 55 735 2 2 
 60 795 2 2 
 64 759 1 2 
 44 757 3 2 
 60 688 2 2 
 76 755 1 2 
 49 753 1 2 
 80 751 2 2 
 74 751 2 3 
 61 751 2 3 
 88 695 2 2 
 77 719 2 2 
 51 721 3 2 
 80 723 2 2 
 45 725 3 2 
 70 730 1 2 
 45 747 2 2 
 32 747 1 2 
 81 730 3 3 
 72 732 1 2 
 76 732 4 6 
 47 741 3 3 
 67 800 2 1 
 60 795 2 2 
 64 759 1 2 
 76 755 1 2 
 88 695 2 3 
 74 752 2 2 
 80 751 2 2 
 70 730 1 2 
 79 736 2 2 
 48 741 1 2 
 45 747 1 2 
 32 747 1 2 
 56 804 2 2 
 67 800 2 1 
 60 795 2 2 
 76 755 1 2 
 49 753 1 2 
 75 752 1 2 
 48 741 1 2 
 58 748 1 2 
 50 747 1 2 
 32 747 1 2 
 665 76 1 2 
 71 815 2 1 
 655 81 3 5 
 56 804 2 2 
 32 747 1 2 
 61 827 2 3 
 80 725 1 2 
 80 725 1 2 
 49 747 2 2 
 78 723 2 2 
 78 723 2 2 
 49 754 3 2 
 49 754 3 2 
 49 754 3 2 
 58 763 2 2 
 58 763 2 2 
 57 763 3 2 
 57 763 3 2 
 57 763 3 2 
 58 763 1 2 
 63 817 3 3 
 80 751 2 2 
 649 72 2 2 
 80 750 2 3 
 649 72 2 2 
 80 750 2 3 
 649 72 2 2 
 80 750 2 3 
 649 72 2 2 
 80 750 1 3 
 649 72 2 2 
 649 72 2 2 
 649 72 2 2 
 649 72 2 2 
 1510 1006 5 4 
 1510 1006 4 5 
 68 811 4 3 
 61 794 2 2 
 651 76 2 2 
 60 794 3 2 
 651 76 2 2 
 68 811 4 3 
 651 76 2 2 
 69 811 3 3 
 651 76 2 2 
 62 826 4 4 
 651 76 2 2 
 62 794 2 2 
 651 76 2 2 
 62 794 2 2 
 651 76 2 2 
 62 794 2 2 
 651 76 2 2 
 62 794 2 2 
 76 697 2 2 
