 33 676 3 2 
 66 682 2 1 
 64 698 3 4 
 21 636 1 2 
 21 636 1 2 
 49 654 2 3 
 21 636 1 2 
 49 654 2 3 
 57 673 2 3 
 21 636 1 2 
 50 654 1 2 
 56 673 3 3 
 66 682 2 1 
 21 636 1 2 
 34 684 3 4 
 65 698 1 2 
 65 772 3 5 
 34 684 3 4 
 65 698 3 3 
 79 782 1 2 
 60 822 2 1 
 59 818 1 3 
 61 803 2 2 
 62 764 1 2 
 59 818 1 3 
 1187 228 9 3 
 62 445 1 2 
 25 264 2 2 
 65 710 4 6 
 25 264 2 2 
 73 473 1 2 
 63 225 2 2 
 26 245 2 2 
 77 749 2 1 
 58 267 1 2 
 58 267 1 2 
 58 267 1 2 
 58 267 1 2 
 58 267 1 2 
 58 267 1 2 
 47 558 2 2 
 663 63 2 2 
 31 268 1 2 
 63 530 2 2 
 663 63 2 2 
 663 63 2 2 
 663 63 2 2 
 663 63 2 2 
 663 63 2 2 
 663 63 2 2 
 663 63 2 2 
 1189 228 2 2 
 1188 226 8 6 
 1188 227 8 5 
 1191 227 6 5 
 1193 228 3 3 
 667 60 1 2 
 667 60 1 2 
 667 60 1 2 
 667 60 1 2 
 667 60 1 2 
 667 60 1 2 
 667 60 1 2 
 335 967 1 2 
 667 60 1 2 
 326 978 2 2 
 332 985 3 2 
 332 985 3 3 
 332 985 3 3 
 332 985 3 3 
 467 781 1 2 
 331 985 4 3 
 472 779 2 1 
 331 985 4 3 
 472 779 2 2 
 329 985 6 3 
 470 776 1 2 
 329 985 6 3 
 470 776 1 2 
 332 986 3 2 
 470 776 1 2 
 332 986 4 2 
 470 776 1 2 
 357 989 3 2 
 470 776 2 2 
 358 989 2 2 
 470 776 1 2 
 339 982 2 1 
 1191 227 6 4 
 462 778 2 2 
 1193 227 4 6 
 462 775 3 6 
 1193 228 4 5 
 462 774 3 7 
 1189 229 2 1 
 463 774 2 3 
 463 776 2 1 
 463 776 2 1 
 463 776 2 1 
 423 888 3 2 
 472 776 2 2 
 68 713 1 2 
 472 782 1 2 
 473 778 2 2 
 436 949 2 2 
