 27 676 2 2 
 69 677 3 4 
 1509 262 3 3 
 66 633 2 2 
 64 694 1 3 
 64 696 1 2 
 59 742 2 1 
 40 526 3 2 
 71 605 1 2 
 76 747 2 2 
 71 605 1 2 
 80 632 1 2 
 77 749 1 3 
 64 752 2 3 
 59 812 2 2 
 63 827 2 1 
 66 864 2 1 
 61 871 1 2 
 64 903 1 2 
 64 903 1 2 
 89 985 1 2 
 50 952 2 1 
 87 995 1 2 
 90 988 1 2 
 83 986 2 2 
 90 988 1 2 
 86 990 1 2 
 90 974 1 2 
 8 487 3 2 
 9 486 2 4 
 89 988 1 2 
 35 766 1 2 
 86 990 1 2 
 9 486 2 4 
 38 484 2 1 
 67 688 3 1 
 3 393 2 2 
 82 995 1 2 
 52 732 3 3 
 82 995 1 2 
 38 484 2 1 
 13 533 1 3 
 50 741 2 3 
 13 533 1 3 
 50 741 2 2 
 81 961 1 2 
 13 533 1 3 
 65 746 2 3 
 13 533 1 2 
 58 780 1 2 
 71 584 1 2 
 29 886 2 1 
 3 402 2 1 
 68 644 2 1 
 475 1073 3 2 
 11 531 1 2 
 52 742 2 3 
 476 1074 2 1 
 38 484 2 1 
 82 708 3 2 
 653 63 4 4 
 70 974 1 2 
 13 530 2 3 
 653 63 4 4 
 70 974 1 2 
 13 530 3 4 
 42 742 2 2 
 653 63 4 4 
 70 974 2 2 
 27 627 2 1 
 653 63 4 4 
 77 978 2 2 
 35 704 2 2 
 653 63 4 4 
 78 960 1 2 
 34 703 3 3 
 653 63 4 4 
 66 960 3 4 
 36 703 1 3 
 653 63 4 4 
 54 962 2 2 
 85 715 2 2 
 88 971 1 2 
 49 723 3 3 
 70 599 4 3 
 26 871 2 4 
 70 599 4 3 
 467 1076 3 4 
 4 852 3 4 
 59 583 3 2 
 4 852 3 4 
 63 579 2 1 
 4 852 3 3 
 467 1077 1 3 
 63 579 2 1 
 6 851 1 2 
 59 583 4 2 
 6 851 1 2 
 0 373 3 3 
 59 583 4 2 
 0 373 4 3 
 50 970 3 2 
 78 657 2 2 
 0 373 4 3 
 51 969 2 3 
 78 657 1 2 
 0 373 4 3 
 59 583 4 2 
 0 372 4 4 
 60 583 3 2 
 0 372 4 4 
 40 987 2 3 
 72 604 4 3 
 0 373 4 3 
 63 600 1 2 
 0 372 2 3 
 51 970 3 3 
 77 654 3 2 
 11 366 4 2 
 51 970 2 2 
 79 626 2 4 
 11 366 4 2 
 51 970 2 1 
 79 626 2 4 
 660 71 2 3 
 56 940 1 3 
 11 366 4 2 
 85 720 2 2 
 664 71 4 3 
 11 366 4 2 
 56 940 1 3 
 85 688 1 2 
 664 71 4 3 
 65 607 1 2 
 28 898 3 2 
 664 71 4 3 
 77 654 3 3 
 50 935 3 3 
 664 71 4 3 
 477 1072 2 3 
 78 654 1 3 
 665 71 3 3 
 82 939 1 2 
 40 700 3 3 
 665 71 3 3 
 70 600 2 1 
 41 908 2 2 
 665 71 3 3 
 29 630 1 2 
 60 946 2 2 
 58 965 1 2 
 16 557 2 2 
 58 965 1 2 
 0 600 2 1 
 58 965 1 2 
 26 307 2 1 
 0 600 2 1 
 58 965 1 2 
 26 307 2 1 
 57 651 2 2 
 34 324 1 2 
 84 691 1 2 
 24 685 2 2 
 62 965 2 2 
 55 686 2 2 
 81 942 3 3 
 55 686 2 2 
 81 982 1 2 
 59 662 2 2 
 74 688 1 2 
 477 1072 2 3 
 65 646 2 2 
 92 977 3 2 
 40 520 2 1 
 92 977 3 2 
 0 267 2 2 
 67 647 3 5 
 96 977 2 2 
 0 267 2 2 
 93 980 2 1 
 67 646 3 6 
 0 267 2 2 
 68 647 2 5 
 94 982 2 1 
 93 979 2 2 
 0 267 2 2 
 66 627 1 3 
 0 267 2 2 
 94 982 2 1 
 66 628 3 3 
 0 267 2 2 
 94 982 2 1 
 66 626 3 5 
