 879 1025 2 1 
 1016 1036 3 5 
 1004 1042 2 2 
 824 1048 3 3 
 791 1068 1 2 
 1029 1063 3 3 
 996 1021 1 3 
 995 1021 2 2 
 1008 1025 2 2 
 995 1021 2 2 
 1008 1025 2 2 
 992 1032 2 2 
 1014 1038 5 5 
 1008 1025 2 2 
 1014 1038 5 5 
 1012 1041 1 2 
 1008 1025 2 2 
 1014 1038 6 5 
 1012 1041 1 2 
 1018 1045 2 2 
 996 1023 2 1 
 1008 1025 2 2 
 996 1030 2 1 
 1012 1036 9 7 
 1005 1042 2 2 
 1018 1045 2 4 
 1031 1053 5 5 
 996 1023 2 1 
 996 1030 2 1 
 1018 1037 3 3 
 1015 1036 6 8 
 1004 1041 3 3 
 1012 1041 2 2 
 1018 1045 2 4 
 1030 1061 12 16 
 1028 1061 3 3 
 1033 1055 3 3 
 1032 1053 4 5 
 996 1030 2 1 
 1012 1036 9 8 
 1024 1064 2 5 
 1019 1064 3 4 
 1028 1061 3 3 
 1029 1060 14 17 
 1037 1060 3 3 
 1004 1041 3 3 
 1018 1045 3 4 
 1022 1049 1 2 
 1032 1053 4 5 
 1033 1055 3 3 
 996 1030 3 1 
 1012 1036 9 8 
 1015 1037 3 2 
 1019 1048 5 4 
 1024 1064 3 5 
 1019 1064 3 5 
 1019 1065 3 3 
 1029 1062 2 2 
 1029 1060 14 17 
 1039 1061 3 3 
 1037 1060 3 3 
 1032 1053 4 4 
 1019 1058 1 2 
 1021 1057 2 2 
 1029 1070 9 7 
 1034 1066 3 3 
 1019 1065 3 5 
 1024 1064 3 5 
 1029 1062 2 2 
 1031 1061 2 2 
 1036 1060 7 9 
 1039 1061 3 3 
 1037 1060 3 3 
 1028 1059 2 2 
 1019 1058 1 2 
 1021 1057 2 2 
 1032 1053 4 4 
 995 1030 3 3 
 1013 1040 3 3 
 1019 1048 5 4 
 1012 1041 3 3 
 989 1046 1 2 
 1012 1036 10 8 
 1015 1037 3 2 
 1029 1073 3 4 
 1026 1075 2 2 
 1014 1070 2 2 
 1015 1037 2 2 
 1016 1037 1 2 
 1016 1037 1 2 
 824 1037 3 3 
 831 1037 3 2 
 831 1037 3 2 
 831 1037 3 2 
 1093 1050 5 8 
 1092 1052 6 6 
 1016 1040 2 1 
 1015 1040 5 4 
 823 1034 10 9 
 830 1032 1 2 
 524 38 1 2 
 1059 1073 1 2 
 524 38 1 2 
 1059 1073 1 2 
 524 38 1 2 
 1059 1073 1 2 
 524 38 1 2 
 1018 1073 1 2 
 524 38 1 2 
 1018 1071 1 4 
 524 38 1 2 
 1036 1074 3 3 
 524 38 1 2 
 1018 1071 1 4 
 524 38 1 2 
 1029 1070 2 2 
 960 1053 2 1 
 1035 1065 3 3 
 1013 1070 2 2 
 1036 1065 5 3 
 1012 1041 3 2 
 1012 1041 3 2 
 1012 1041 3 2 
 1036 1064 5 4 
 993 1020 2 2 
 993 1020 2 2 
 993 1020 2 2 
 994 1020 1 2 
 1030 1075 8 3 
 1397 477 10 4 
 1396 477 11 5 
 1030 1075 4 2 
 519 52 1 2 
 1029 1075 5 2 
 1395 477 6 3 
 519 52 1 2 
 1029 1074 5 3 
 1392 476 9 4 
 1029 1074 5 3 
 519 52 1 2 
 1392 476 10 4 
 1029 1074 5 3 
 519 52 1 2 
 1388 475 14 5 
 805 1078 3 2 
 519 52 1 2 
 519 52 1 2 
 1387 475 15 6 
 832 1040 2 2 
 519 52 1 2 
 1386 475 12 6 
 832 1040 2 2 
 519 52 1 2 
 1381 474 11 4 
 1017 1041 3 3 
 1384 474 3 3 
 815 1073 2 1 
 1384 474 3 3 
 815 1073 2 1 
 1379 474 5 3 
 815 1072 3 2 
 1377 473 7 4 
 833 1038 3 3 
 1375 473 9 4 
 815 1073 2 1 
 1371 472 12 4 
 817 1067 3 4 
 1371 472 11 5 
 817 1067 3 4 
 1370 472 13 6 
 793 1066 4 3 
 1370 472 13 6 
 828 1035 3 3 
 1370 472 13 6 
 818 1067 2 4 
 1363 471 4 2 
 793 1066 4 3 
 1314 69 3 2 
 1362 470 6 4 
 1038 1064 5 3 
 1314 69 3 2 
 1362 470 5 4 
 1361 471 6 2 
 1036 1060 2 2 
 1361 471 2 1 
 1036 1060 2 2 
 1356 469 2 2 
 1356 470 2 1 
 1298 64 5 3 
 1356 470 2 1 
 1297 64 6 3 
 1017 1045 1 2 
 1297 64 6 4 
 1016 1045 2 3 
 1016 1045 2 3 
 1016 1045 2 3 
 1292 63 3 2 
 1292 63 3 2 
 1016 1046 2 2 
 1016 1046 2 2 
