 19 307 2 3 
 72 854 2 1 
 58 888 3 3 
 83 959 2 2 
 41 746 1 2 
 51 735 1 2 
 59 783 2 1 
 55 812 2 2 
 54 853 2 2 
 58 888 4 3 
 55 811 2 3 
 64 886 1 2 
 58 889 4 2 
 84 958 2 3 
 55 811 2 3 
 54 853 2 2 
 64 886 1 2 
 83 959 3 3 
 59 889 3 2 
 37 735 2 2 
 55 811 2 3 
 54 853 2 2 
 64 886 1 2 
 60 889 2 2 
 83 959 3 3 
 85 962 2 1 
 37 735 2 2 
 55 811 2 4 
 54 853 2 2 
 64 886 1 2 
 61 889 1 2 
 83 959 4 3 
 85 962 2 1 
 92 963 2 3 
 55 811 2 4 
 54 853 2 2 
 64 886 1 2 
 61 889 1 2 
 83 959 4 3 
 85 962 2 1 
 96 966 2 2 
 92 963 2 3 
 55 811 2 3 
 64 886 1 2 
 61 889 1 2 
 87 967 4 2 
 96 966 2 2 
 83 959 4 3 
 91 962 3 4 
 85 962 2 1 
 78 969 2 1 
 87 968 3 2 
 96 966 2 2 
 64 885 1 3 
 91 962 2 2 
 83 959 4 4 
 79 979 3 1 
 75 979 1 2 
 77 968 3 2 
 96 966 2 2 
 90 962 3 2 
 83 959 4 3 
 78 989 2 2 
 88 995 2 2 
 431 808 2 2 
 6 391 2 2 
 80 989 7 4 
 50 605 2 3 
 80 989 7 4 
 6 391 2 2 
 50 604 3 3 
 6 391 2 2 
 84 634 1 2 
 44 415 1 2 
 80 990 3 3 
 26 507 1 2 
 61 720 2 2 
 875 956 8 4 
 26 507 1 2 
 605 1011 2 3 
 61 719 2 3 
 26 507 1 2 
 605 1012 1 2 
 61 719 2 3 
 44 415 2 2 
 605 1012 1 2 
 35 346 2 1 
 605 1013 3 3 
 71 603 3 5 
 38 343 3 3 
 614 1014 2 3 
 71 603 3 5 
 38 340 3 6 
 606 1013 3 4 
 71 603 3 3 
 37 339 4 7 
 606 1013 4 4 
 77 699 2 3 
 37 339 4 6 
 614 1015 3 3 
 84 704 2 1 
 37 338 4 7 
 567 1012 5 2 
 85 627 1 2 
 656 62 1 2 
 567 1012 5 2 
 37 338 4 7 
 70 752 2 2 
 656 62 1 2 
 567 1012 5 2 
 37 339 4 7 
 87 635 2 1 
 656 62 1 2 
 568 1012 4 2 
 30 351 1 2 
 66 696 2 2 
 656 62 1 2 
 569 1012 3 2 
 30 351 1 2 
 74 588 2 2 
 0 801 2 4 
 656 62 1 2 
 81 995 1 2 
 39 782 3 3 
 656 62 1 2 
 81 995 1 2 
 39 782 3 3 
 656 62 1 2 
 39 782 3 3 
 656 62 1 2 
 51 689 2 2 
 19 308 1 2 
 70 755 3 3 
 19 308 1 2 
 52 589 2 2 
 2 565 1 2 
 2 565 1 2 
 19 308 1 2 
 61 535 2 1 
 56 230 2 3 
 570 1014 2 2 
 87 703 3 5 
 30 436 2 3 
 56 230 2 3 
 570 1014 2 2 
 87 703 3 5 
 30 436 2 3 
