 50 171 4 4 
 50 173 4 3 
 50 173 4 2 
 50 176 2 2 
 51 173 3 3 
 49 177 3 4 
 51 178 2 1 
 50 180 2 3 
 54 181 1 3 
 54 181 1 3 
 52 184 2 2 
 57 180 2 2 
 48 188 1 2 
 68 247 5 10 
 68 248 7 10 
 69 249 7 10 
 72 250 5 10 
 73 252 6 10 
 74 253 7 10 
 76 255 7 9 
 78 256 6 10 
 1324 951 5 8 
 1512 531 2 1 
 81 254 7 14 
 1330 949 2 1 
 83 259 6 10 
 1514 533 11 8 
 783 905 2 2 
 83 260 7 10 
 1514 532 11 8 
 783 905 2 2 
 84 261 7 10 
 1518 533 3 3 
 1517 532 6 5 
 86 262 7 10 
 1517 532 6 5 
 1254 1024 6 4 
 1518 532 3 2 
 550 829 2 3 
 89 263 6 11 
 1517 532 4 2 
 550 829 2 2 
 1518 532 3 2 
 1256 1025 4 3 
 90 265 7 10 
 1259 1025 1 2 
 1518 532 3 2 
 1518 532 2 2 
 550 829 2 2 
 92 266 7 11 
 550 829 2 2 
 93 267 7 11 
 1327 949 6 6 
 93 268 8 10 
 550 829 2 2 
 95 269 7 10 
 551 829 1 2 
 97 270 7 10 
 98 271 8 12 
 1326 955 3 3 
 100 273 7 10 
 1333 949 2 4 
 527 1026 2 1 
 103 274 6 10 
 525 1025 4 3 
 104 275 6 10 
 1333 949 2 4 
 105 276 6 10 
 525 1025 4 3 
 522 1018 3 3 
 106 277 7 10 
 1333 949 2 3 
 525 1026 4 2 
 107 278 7 10 
 108 279 7 10 
 1324 956 3 3 
 525 1026 2 1 
 110 280 7 11 
 525 1026 2 1 
 525 1026 2 1 
 112 281 7 11 
 964 186 3 2 
 968 184 2 3 
 967 184 3 3 
 969 184 1 2 
 659 81 2 3 
 659 81 2 3 
 118 286 8 11 
 659 81 2 3 
 118 287 9 10 
 659 81 2 3 
 565 1015 1 2 
 122 289 7 10 
 659 81 2 3 
 564 1016 2 1 
 80 431 2 2 
 659 81 2 3 
 340 1025 2 4 
 413 818 2 2 
 80 434 3 3 
 659 81 2 3 
 336 1045 4 5 
 129 293 6 10 
 659 81 2 3 
 337 1044 3 6 
 130 295 7 10 
 336 1044 4 8 
 34 157 4 6 
 34 158 4 4 
 335 1044 9 12 
 35 157 3 5 
 380 1033 7 5 
 35 157 3 6 
 336 1044 4 8 
 35 158 3 5 
 337 1044 3 5 
 558 821 2 2 
 35 158 4 5 
 443 995 3 5 
 36 161 5 5 
 781 924 4 3 
 36 160 5 6 
 470 806 2 2 
 36 160 5 6 
 412 823 2 2 
 36 160 5 6 
 471 806 3 2 
