 10 447 2 2 
 66 466 2 2 
 76 718 3 4 
 50 725 3 3 
 39 734 2 3 
 70 650 3 3 
 56 806 4 5 
 71 611 2 1 
 64 693 3 2 
 74 698 1 2 
 54 740 1 2 
 37 783 2 2 
 49 747 2 1 
 69 645 2 1 
 68 651 4 4 
 69 645 2 1 
 68 651 4 4 
 75 668 1 3 
 75 668 1 3 
 64 691 2 1 
 70 607 3 2 
 70 731 2 2 
 70 608 3 1 
 67 652 2 4 
 64 730 1 2 
 70 731 2 2 
 29 738 2 2 
 61 743 2 1 
 51 776 2 1 
 53 558 2 4 
 88 633 3 4 
 89 638 2 4 
 66 650 3 4 
 64 730 1 2 
 68 744 2 3 
 83 747 2 2 
 40 751 3 4 
 88 633 1 2 
 89 638 2 4 
 92 700 2 1 
 67 744 3 2 
 41 752 3 3 
 77 755 1 2 
 75 669 1 2 
 92 700 2 2 
 60 726 1 2 
 70 731 1 2 
 61 743 2 1 
 68 744 2 1 
 77 755 1 2 
 44 756 1 2 
 63 758 3 3 
 70 757 2 2 
 77 755 1 2 
 61 743 2 1 
 60 727 3 3 
 660 66 3 3 
 641 77 3 3 
 56 804 4 5 
 630 82 3 2 
 77 734 2 3 
 92 700 2 2 
 57 807 3 2 
 665 66 4 4 
 75 754 2 2 
 665 66 4 4 
 38 742 2 4 
 665 66 4 4 
 83 736 3 1 
 69 605 2 2 
 71 663 3 5 
 71 663 3 5 
 71 665 3 3 
 71 665 2 1 
 80 676 1 2 
 332 985 3 2 
 72 681 2 2 
 338 965 2 1 
 51 875 3 5 
 72 681 2 2 
 331 985 2 3 
 72 681 2 2 
 331 985 2 3 
 85 699 2 2 
 337 965 3 1 
 68 728 2 1 
 338 965 2 1 
 67 811 2 2 
 435 801 1 2 
 68 745 3 3 
 75 669 1 2 
 656 62 1 2 
 408 822 2 2 
 656 62 1 2 
 51 879 2 4 
 656 62 1 2 
 408 822 2 2 
 53 586 2 2 
 656 62 1 2 
 408 821 7 6 
 53 586 2 2 
 656 62 1 2 
 408 821 7 6 
 656 62 1 2 
 462 1059 2 3 
 408 822 5 2 
 656 62 1 2 
 51 881 2 2 
 658 64 3 2 
 51 881 2 2 
 658 64 3 2 
 1510 996 3 3 
 67 578 1 2 
 70 491 2 2 
 41 750 3 3 
 53 586 2 2 
 58 613 2 4 
 69 652 3 6 
 73 633 1 3 
 69 652 3 7 
 69 491 3 2 
 38 745 2 2 
 69 491 3 2 
 69 491 3 2 
 50 621 3 3 
 72 467 2 1 
 1509 998 2 2 
 40 748 2 2 
 72 467 2 1 
 40 748 2 2 
 66 466 2 1 
 40 748 2 2 
 66 466 2 1 
 40 748 2 2 
 72 464 2 2 
 40 748 2 2 
 72 464 2 2 
 1507 999 3 4 
 40 748 2 2 
 1507 1000 3 3 
 660 70 2 2 
 72 464 2 2 
 40 748 2 2 
 1556 1020 2 3 
 660 70 2 2 
 72 462 2 4 
 660 70 2 2 
 332 985 1 2 
 72 411 2 1 
 660 70 2 2 
 332 985 1 2 
 34 392 2 2 
 73 758 2 3 
 660 70 2 2 
 40 381 1 2 
 76 636 1 3 
 660 70 2 2 
 34 392 2 2 
 460 827 3 2 
 660 70 2 2 
 1509 1003 2 2 
 35 348 1 2 
 81 751 2 2 
 660 70 2 2 
 1509 1003 2 2 
 35 348 1 2 
 660 70 2 2 
 35 348 1 2 
 466 825 2 2 
 39 381 2 1 
 460 826 5 4 
 39 381 2 1 
 466 825 1 2 
 39 381 2 1 
 466 825 1 2 
 53 382 2 1 
 331 1029 4 2 
 460 827 5 3 
 53 382 2 1 
 61 293 2 1 
 334 1026 2 2 
 61 293 2 1 
 334 1026 2 2 
 34 392 2 2 
 334 1026 2 2 
 73 763 2 1 
 67 698 2 1 
 49 714 2 3 
 69 656 1 2 
 583 1019 2 4 
 75 711 2 2 
 583 1021 1 2 
 75 711 2 2 
 592 1015 1 2 
 58 700 2 2 
 582 1023 3 3 
 58 700 2 2 
 582 1024 3 2 
 58 700 2 2 
 649 84 2 2 
 58 700 2 2 
 649 84 2 2 
 582 1025 3 2 
 58 700 2 2 
 649 84 2 2 
 58 700 2 2 
 330 977 2 1 
 649 84 2 2 
 592 1024 2 1 
 46 748 3 2 
 649 84 2 2 
 566 1042 2 2 
 649 84 2 2 
 591 1025 2 2 
 46 748 3 2 
