 1504 834 2 4 
 1502 836 3 5 
 1502 836 3 3 
 1502 837 3 4 
 1501 837 2 1 
 1501 837 2 1 
 1502 839 1 2 
 1502 840 2 3 
 1492 844 1 3 
 1491 850 4 3 
 1489 854 3 3 
 1497 852 1 2 
 1489 855 3 2 
 1494 840 2 2 
 1499 836 3 3 
 1501 834 2 1 
 1498 834 4 5 
 648 62 3 3 
 1496 847 1 3 
 648 62 3 3 
 1496 847 1 3 
 648 62 3 3 
 1488 849 4 5 
 648 62 3 3 
 1488 850 3 4 
 648 62 3 3 
 1494 846 2 4 
 1489 849 2 2 
 648 62 3 3 
 1488 851 3 3 
 648 62 3 3 
 648 62 3 3 
 1487 854 2 1 
 1500 836 2 3 
 1494 853 2 2 
 1494 846 1 3 
 1500 836 2 3 
 1491 836 2 1 
 1500 836 2 2 
 1493 851 1 3 
 1493 851 1 3 
 1493 851 1 3 
 1486 851 1 2 
 1499 834 2 1 
 1499 834 2 1 
 1487 852 2 3 
 1489 845 1 3 
 1489 845 1 3 
 1489 845 1 3 
 1502 833 1 3 
 1502 833 1 3 
 1502 833 1 2 
 1103 822 2 1 
 1096 820 4 6 
 1096 818 5 8 
 1095 818 6 7 
 1095 818 6 7 
 1095 818 6 7 
 664 76 3 3 
 1488 840 1 2 
 663 76 4 3 
 1485 844 5 11 
 663 76 4 3 
 1492 847 2 1 
 663 76 4 3 
 1487 840 2 2 
 663 76 4 3 
 1484 844 6 14 
 663 76 4 3 
 1484 846 4 12 
 1485 856 2 2 
 663 76 4 3 
 664 76 3 3 
 1484 850 4 5 
 1485 847 3 4 
 1092 821 3 2 
 1092 821 3 2 
 1092 821 3 2 
 1093 823 3 2 
 1487 840 2 1 
 1486 848 2 3 
 1094 820 6 7 
 1095 821 5 5 
 1483 842 6 19 
 1482 843 7 20 
 1481 845 7 18 
 1496 829 5 6 
