 37 174 2 2 
 30 184 2 1 
 38 193 2 2 
 28 233 2 3 
 24 312 2 2 
 18 324 1 2 
 18 324 1 2 
 29 338 1 2 
 18 324 1 2 
 56 385 2 1 
 26 413 2 3 
 27 414 1 2 
 54 497 2 1 
 68 570 2 1 
 72 575 2 2 
 72 575 2 2 
 77 581 2 2 
 72 575 2 2 
 81 600 1 2 
 72 575 2 2 
 81 600 1 2 
 32 627 3 3 
 81 600 1 2 
 68 608 1 2 
 80 687 2 1 
 81 600 1 2 
 68 608 1 2 
 31 627 4 3 
 85 710 3 2 
 81 600 1 2 
 32 627 2 3 
 80 681 2 2 
 80 687 2 1 
 48 715 4 4 
 32 627 2 3 
 79 680 4 4 
 76 686 1 2 
 80 687 3 1 
 34 704 2 2 
 85 706 2 3 
 49 709 2 2 
 48 715 4 4 
 51 721 3 6 
 653 80 3 2 
 72 404 2 1 
 51 723 4 4 
 79 680 3 3 
 61 730 2 3 
 68 740 1 2 
 12 218 2 2 
 651 980 2 2 
 68 606 2 2 
 12 218 2 2 
 82 596 1 2 
 33 384 2 2 
 68 606 2 2 
 33 384 2 2 
 33 384 2 2 
 1508 994 4 4 
 657 62 3 2 
 816 972 4 4 
 816 972 4 4 
 657 62 3 2 
 657 62 3 2 
 657 62 3 2 
 657 62 3 2 
 657 62 3 2 
 657 62 3 2 
 653 66 2 1 
 416 808 3 3 
 9 784 3 2 
 612 984 9 6 
 607 1017 2 2 
 607 1017 2 2 
 60 578 2 1 
 607 1017 2 2 
 607 1017 2 2 
 607 1017 2 2 
 607 1017 2 2 
 52 947 2 2 
 60 944 5 3 
 60 943 5 4 
 59 943 4 3 
 95 977 2 2 
 611 981 3 3 
 606 985 2 1 
 655 81 2 2 
 655 81 2 2 
 655 81 2 2 
 655 81 2 2 
 655 81 3 2 
 655 81 2 2 
 655 81 3 2 
 431 1066 11 8 
 429 1067 9 7 
 655 81 3 2 
 429 1066 9 7 
 18 243 2 2 
 56 228 2 3 
 438 1066 4 3 
 56 228 2 3 
 438 1066 4 3 
 56 228 2 3 
 438 1068 4 1 
 61 256 4 4 
 62 258 3 2 
 621 991 2 1 
 620 988 4 4 
 620 987 3 3 
 619 987 4 4 
 619 986 4 4 
 619 986 4 4 
