 20 445 2 2 
 20 445 2 2 
 36 478 2 3 
 36 479 2 2 
 34 499 2 2 
 60 570 2 2 
 80 660 1 2 
 83 668 2 1 
 77 729 1 2 
 52 746 2 1 
 52 734 2 1 
 81 670 2 1 
 81 670 2 1 
 77 729 2 2 
 81 670 2 1 
 77 730 2 1 
 52 734 2 1 
 52 734 2 1 
 76 743 2 3 
 50 747 2 2 
 40 756 2 2 
 61 807 3 2 
 665 62 4 4 
 89 971 2 2 
 665 62 4 4 
 89 971 2 2 
 88 971 3 2 
 665 62 4 4 
 88 971 3 2 
 665 62 4 4 
 89 971 2 3 
 665 62 4 4 
 665 62 4 4 
 89 971 2 2 
 665 62 4 4 
 92 991 3 2 
 92 991 3 2 
 92 991 3 2 
 92 991 3 2 
 92 991 3 2 
 798 1035 6 5 
 83 625 2 2 
 82 623 2 3 
 79 627 3 1 
 798 1036 6 4 
 73 943 2 2 
 768 819 1 2 
 767 817 2 2 
 766 817 3 2 
 81 628 1 3 
 93 996 3 2 
 67 861 1 4 
 67 861 1 4 
 67 861 1 4 
 67 861 1 4 
 67 861 1 4 
 67 861 1 4 
 67 863 1 2 
 77 942 2 1 
 74 943 2 2 
 71 942 1 2 
 70 942 2 2 
 70 942 2 2 
 79 948 2 2 
 89 963 2 2 
 63 874 1 2 
 38 479 2 2 
 88 968 2 1 
 89 963 7 3 
 54 551 2 2 
 92 994 2 1 
 92 994 2 1 
 54 550 3 4 
 89 962 7 4 
 89 962 7 4 
 79 622 3 3 
 79 622 3 3 
 58 584 3 2 
 89 988 2 2 
 62 583 2 1 
 89 988 2 2 
 666 74 4 3 
 74 980 2 2 
 666 74 4 3 
 89 988 2 2 
 25 378 1 2 
 62 583 2 1 
 666 74 4 3 
 89 985 2 5 
 62 583 2 1 
 88 985 4 8 
 666 74 4 3 
 36 395 2 2 
 88 985 4 8 
 666 74 4 3 
 24 375 1 2 
 57 583 7 4 
 88 985 4 8 
 666 74 4 3 
 24 375 1 2 
 57 583 7 5 
 88 985 4 8 
 666 74 4 3 
 38 340 3 6 
 88 985 4 8 
 650 75 2 3 
 37 338 5 7 
 84 990 4 6 
 54 299 1 3 
 89 990 3 3 
 36 335 7 9 
 63 549 3 4 
 89 990 3 3 
 35 322 2 2 
 63 549 3 4 
 89 990 2 3 
 32 320 4 3 
 63 549 3 4 
 83 988 1 2 
 32 320 3 3 
 89 991 2 2 
 62 255 1 2 
 85 993 3 3 
 54 265 2 1 
 65 216 2 2 
 65 216 2 2 
 94 974 3 2 
 66 188 2 2 
 94 974 3 2 
 30 477 2 2 
 68 187 2 2 
 94 974 3 2 
 41 706 1 2 
 68 187 2 2 
 94 974 2 2 
