 83 201 6 7 
 82 203 6 7 
 82 204 5 8 
 81 206 4 7 
 80 209 5 6 
 78 210 6 7 
 77 212 6 7 
 76 213 5 8 
 75 214 5 9 
 74 216 5 9 
 73 218 6 9 
 73 221 5 7 
 71 223 7 7 
 70 225 7 6 
 69 226 7 7 
 69 228 5 7 
 69 232 4 7 
 68 234 4 4 
 69 237 1 2 
 66 240 2 3 
 63 242 4 5 
 62 243 5 6 
 54 257 3 4 
 52 260 4 7 
 1511 948 1 2 
 1511 949 2 1 
 1511 949 2 1 
 648 61 2 2 
 648 61 2 2 
 648 61 2 2 
 36 291 5 7 
 648 61 2 2 
 34 295 4 5 
 648 61 2 2 
 648 61 2 2 
 29 297 6 7 
 648 61 2 2 
 27 299 5 9 
 648 61 2 2 
 25 301 6 6 
 24 302 5 7 
 20 303 6 6 
 1511 949 2 1 
 1511 949 2 1 
 1511 949 2 1 
 1510 991 3 4 
 1509 992 4 3 
 3 308 5 8 
 682 1019 9 15 
 1700 1013 2 2 
 666 73 3 2 
 666 73 3 2 
 666 73 3 2 
 666 73 3 2 
 666 73 3 2 
 666 73 3 2 
 1476 867 2 2 
 666 73 3 2 
 666 73 3 2 
 1421 845 2 1 
 1421 845 2 1 
 1421 845 2 2 
