 61 874 2 4 
 77 942 3 2 
 86 962 4 4 
 82 964 2 1 
 61 874 1 2 
 61 877 2 1 
 60 884 1 2 
 67 896 2 2 
 77 942 3 2 
 71 960 1 2 
 86 962 4 3 
 82 964 2 1 
 91 965 4 2 
 68 836 2 2 
 60 874 2 4 
 60 884 1 2 
 67 896 2 2 
 77 942 3 2 
 71 960 1 2 
 86 962 4 3 
 82 964 2 1 
 91 965 4 2 
 79 970 3 3 
 68 836 2 2 
 51 863 1 2 
 60 874 2 3 
 71 960 1 2 
 86 962 4 3 
 82 964 2 1 
 91 965 4 2 
 95 968 2 2 
 79 970 3 3 
 100 972 2 1 
 98 970 1 2 
 49 862 3 3 
 60 874 2 3 
 71 960 1 2 
 85 962 5 3 
 82 964 2 1 
 91 965 4 2 
 94 969 3 1 
 97 977 3 8 
 97 978 3 3 
 79 970 3 3 
 100 971 2 2 
 98 970 1 2 
 71 960 1 2 
 85 961 5 4 
 85 980 1 2 
 93 965 2 2 
 94 968 3 3 
 90 969 3 2 
 97 977 3 8 
 97 978 3 3 
 79 970 3 3 
 98 970 1 2 
 100 971 2 2 
 85 986 1 2 
 93 998 2 1 
 83 1003 1 2 
 590 1030 2 1 
 617 1013 1 2 
 595 1027 2 2 
 76 959 2 3 
 51 965 4 5 
 51 966 3 4 
 51 966 3 4 
 569 1071 2 1 
 569 1071 3 2 
 570 1072 2 1 
 595 1028 1 2 
 614 1016 4 3 
 571 1011 3 2 
 571 1011 3 2 
 571 1011 3 2 
 623 63 3 3 
 568 1012 2 2 
 623 63 3 3 
 568 1012 2 2 
 623 63 3 3 
 623 63 3 3 
 623 63 3 3 
 623 63 3 3 
 623 63 3 3 
 623 63 3 3 
 637 989 2 1 
 88 968 2 1 
 88 968 3 1 
 88 968 3 1 
 68 688 2 2 
 51 963 2 3 
 58 259 2 2 
 88 968 3 1 
 58 259 2 2 
 607 1009 2 3 
 607 1009 2 3 
 58 259 2 2 
 58 259 2 2 
 607 1009 2 3 
 58 259 2 2 
 58 259 2 2 
 58 259 2 2 
 58 259 2 2 
 58 259 2 2 
 44 229 2 1 
 66 896 3 2 
 27 379 1 2 
 653 64 2 2 
 66 895 3 3 
 29 508 2 1 
 653 64 2 2 
 54 912 1 2 
 27 379 1 2 
 653 64 2 2 
 54 912 1 2 
 27 379 1 2 
 653 64 2 2 
 54 912 1 2 
 27 379 1 2 
 653 64 2 2 
 61 872 1 2 
 24 425 2 2 
 653 64 2 2 
 60 872 2 3 
 24 425 2 2 
 653 64 2 2 
 52 965 5 5 
 653 64 2 2 
 65 406 2 3 
 493 812 3 4 
 1437 900 2 2 
 493 813 3 3 
 1417 868 4 2 
 1417 868 4 2 
 1417 867 3 3 
 1513 854 4 3 
 1512 854 3 3 
 1474 867 2 3 
 1474 867 2 3 
 1381 876 4 4 
 1382 876 3 3 
 1382 876 3 3 
 47 764 1 2 
 47 764 1 2 
 47 764 1 2 
 662 71 1 2 
 662 71 1 2 
 662 71 1 2 
 662 71 1 2 
