 898 1007 13 10 
 913 1007 2 1 
 900 1008 11 9 
 912 1009 3 3 
 916 1009 3 5 
 918 1009 2 1 
 916 1009 4 3 
 912 1011 2 2 
 918 1013 2 3 
 922 1013 6 2 
 925 1026 3 4 
 924 1014 6 6 
 929 1040 1 3 
 925 1015 7 5 
 926 1014 6 6 
 931 1026 3 4 
 955 1026 4 3 
 928 1014 3 5 
 931 1026 3 4 
 955 1027 2 2 
 955 1027 2 2 
 922 1062 3 3 
 875 1073 8 7 
 876 1077 3 3 
 882 1074 6 6 
 883 1075 3 3 
 918 1076 6 4 
 852 1075 2 2 
 922 1078 2 1 
 924 1012 3 3 
 924 1012 3 3 
 923 1013 3 3 
 929 1012 5 4 
 930 1012 5 5 
 932 1013 6 6 
 897 1074 8 6 
 938 1016 3 3 
 936 1012 2 2 
 942 1016 4 3 
 942 1016 4 4 
 942 1016 4 4 
 944 1016 3 4 
 956 1017 3 3 
 952 1015 4 3 
 953 1015 3 3 
 958 1017 3 3 
 870 1078 3 2 
 874 1077 3 3 
 969 1015 3 3 
 957 1013 18 10 
 957 1014 18 9 
 957 1016 18 8 
 958 1016 17 8 
 1024 1077 3 3 
 964 1016 3 1 
 956 1017 3 3 
 956 1017 3 3 
 956 1017 3 3 
 956 1017 3 3 
 948 1013 13 7 
 948 1013 13 7 
 953 1013 8 6 
 954 1015 7 4 
 954 1016 5 3 
 954 1016 5 3 
 955 1016 4 3 
 1142 1078 2 1 
 956 1017 2 1 
 945 1020 1 2 
 945 1020 3 3 
 945 1020 3 3 
 945 1020 3 3 
 945 1020 1 2 
 945 1020 1 2 
 945 1020 1 2 
 940 1017 6 4 
 943 1016 3 4 
 942 1016 3 4 
 943 1018 2 2 
 942 1016 3 3 
 944 1016 3 2 
 943 1016 4 4 
 943 1016 4 3 
 942 1015 3 3 
 945 1015 3 3 
 953 1013 3 3 
 951 1011 13 9 
 942 1015 3 3 
 959 1014 4 3 
 959 1014 4 3 
