 71 417 2 2 
 50 855 2 2 
 64 842 1 2 
 65 820 2 2 
 65 820 2 2 
 63 841 2 3 
 0 817 2 1 
 63 829 1 2 
 63 841 2 2 
 65 851 4 4 
 67 851 2 3 
 50 854 2 2 
 67 837 2 1 
 67 852 1 2 
 59 859 2 2 
 53 770 1 2 
 67 852 1 2 
 59 859 2 2 
 70 866 1 2 
 62 878 4 6 
 53 770 1 2 
 72 850 2 2 
 59 859 2 1 
 64 871 4 4 
 62 877 5 7 
 68 896 2 2 
 66 902 2 3 
 60 904 5 5 
 53 770 1 2 
 67 836 1 2 
 72 849 2 3 
 60 859 3 2 
 54 861 2 2 
 50 865 3 3 
 62 868 4 5 
 62 876 5 8 
 68 896 2 2 
 66 902 2 3 
 60 904 3 2 
 63 950 1 2 
 50 865 3 3 
 61 868 5 5 
 66 874 1 2 
 62 876 5 9 
 58 881 2 1 
 68 896 2 2 
 73 950 2 1 
 63 950 1 2 
 70 963 1 2 
 43 959 2 2 
 67 978 2 1 
 66 969 1 2 
 64 967 1 2 
 80 966 2 2 
 650 67 2 3 
 663 73 4 3 
 66 836 2 1 
 1653 972 2 2 
 54 861 4 3 
 26 887 3 4 
 67 978 3 2 
 66 969 1 2 
 64 967 1 2 
 67 978 3 2 
 66 969 1 2 
 67 978 3 2 
 1572 837 1 2 
 1653 832 2 2 
 63 829 2 2 
 63 829 2 1 
 63 829 2 1 
 1600 829 2 1 
 1600 829 2 1 
 1600 829 2 1 
 610 1023 2 2 
 1600 829 2 1 
 1505 833 2 1 
 1505 833 2 1 
 44 399 1 2 
 1540 841 4 3 
 1536 843 2 2 
 1536 843 2 2 
 1536 843 2 1 
 659 71 3 3 
 608 1030 4 3 
 660 71 2 3 
 596 1033 4 5 
 660 72 2 2 
 597 1034 3 2 
 660 72 2 2 
 601 1032 2 2 
 660 72 2 2 
 558 1066 1 2 
 1425 848 2 2 
 660 72 2 2 
 601 1032 2 2 
 660 72 2 2 
 598 1034 2 1 
 660 72 2 2 
 598 1034 2 1 
 660 72 2 2 
 598 1034 2 1 
 37 477 1 3 
 37 477 1 3 
 1398 915 2 1 
 40 468 2 2 
 1396 914 4 3 
 40 468 1 2 
 557 1067 2 3 
 40 468 2 2 
 1397 915 2 2 
 40 468 1 2 
 463 845 2 1 
 1546 1030 3 3 
 1546 1031 3 2 
 575 1011 2 2 
 575 1011 2 2 
 1382 918 2 2 
 624 1020 2 2 
 1509 995 2 2 
 625 1010 2 2 
 1511 995 2 2 
 1676 940 2 2 
 575 1012 1 2 
 575 1012 2 2 
 656 61 1 2 
 656 61 1 2 
 621 1015 2 1 
 656 61 1 2 
 658 61 3 2 
 621 1015 2 2 
 658 61 3 2 
 621 1015 2 2 
 658 61 3 2 
 658 61 3 2 
 76 732 2 2 
 658 61 3 2 
 76 732 2 2 
