 928 1016 5 6 
 934 1017 5 4 
 977 1018 3 2 
 977 1019 2 1 
 945 1022 3 2 
 976 1022 2 2 
 976 1022 2 2 
 991 1031 2 2 
 974 1021 1 2 
 976 1022 2 2 
 991 1031 2 2 
 1015 1050 2 1 
 974 1022 3 2 
 1015 1050 3 1 
 1019 1055 1 2 
 1021 1055 2 1 
 974 1022 3 2 
 1015 1050 2 2 
 1018 1054 2 3 
 1015 1062 5 5 
 1016 1068 1 2 
 1022 1071 10 6 
 1029 1074 3 3 
 1022 1071 3 3 
 527 51 3 2 
 1016 1070 11 5 
 1023 1071 2 2 
 936 1017 4 4 
 936 1017 4 4 
 935 1017 5 4 
 835 1007 3 4 
 937 1018 3 2 
 935 1019 3 1 
 870 1017 2 2 
 825 1021 2 2 
 868 1019 1 2 
 828 1012 2 2 
 828 1012 2 2 
 828 1012 2 2 
 868 1015 2 2 
 868 1015 2 2 
 776 1078 3 2 
 836 1009 2 2 
 832 1008 2 1 
 831 1006 7 5 
 829 1006 8 4 
 828 1006 7 4 
 831 1006 5 4 
 830 1008 1 2 
 870 1017 1 2 
 828 1009 3 2 
 819 1023 2 1 
 868 1015 2 2 
 870 1014 2 3 
 866 1017 2 2 
 819 1022 2 2 
 936 1019 3 1 
 935 1018 4 3 
 869 1017 3 4 
 830 1008 1 2 
 833 1007 2 2 
 834 1006 3 3 
 834 1006 3 3 
 979 1022 1 2 
 934 1025 2 4 
 934 1025 2 4 
 933 1022 2 2 
 933 1022 2 2 
 835 1009 4 3 
 833 1006 6 5 
 940 1017 1 3 
 833 1006 5 5 
 940 1018 3 3 
 1033 1063 2 1 
 1033 1063 2 1 
 937 1018 3 2 
 933 1022 3 3 
 836 1009 2 2 
 837 1008 1 3 
 933 1022 2 2 
 982 1024 2 1 
 833 1005 10 8 
 833 1006 10 8 
 835 1009 3 2 
 841 1012 2 1 
 841 1012 2 1 
 841 1012 2 1 
 942 1018 5 3 
 944 1018 3 3 
 944 1018 6 4 
 836 1009 2 2 
 836 1009 2 2 
 836 1009 2 2 
 839 1008 3 4 
 491 33 6 13 
 1026 1057 5 3 
 491 33 6 13 
 1077 1063 1 2 
 491 33 6 13 
 1077 1063 1 2 
 491 33 6 13 
 1077 1063 1 2 
 491 33 6 12 
 880 1022 2 3 
 491 33 6 12 
 945 1019 5 3 
 491 33 6 12 
 1032 1062 2 3 
