 1061 1070 4 4 
 1049 1065 3 4 
 884 1017 2 3 
 867 1031 2 1 
 844 1054 6 7 
 923 1037 3 2 
 1018 1046 1 2 
 1062 1072 1 2 
 834 1066 4 5 
 1022 1033 2 1 
 1022 1033 2 1 
 977 1039 1 3 
 1036 1040 3 1 
 1022 1033 2 1 
 977 1039 1 3 
 1036 1040 3 1 
 1021 1046 1 2 
 1062 1073 3 2 
 1036 1040 3 1 
 1021 1046 1 2 
 1048 1075 4 5 
 1050 1077 2 3 
 1050 1079 2 1 
 1340 141 3 3 
 831 1075 6 5 
 1342 134 2 1 
 831 1075 5 5 
 837 1072 2 2 
 443 33 7 7 
 1550 0 3 3 
 839 1070 2 2 
 443 33 7 7 
 839 1070 2 2 
 443 33 7 7 
 1061 1076 2 4 
 443 33 7 7 
 838 1071 2 2 
 1061 1077 2 3 
 443 33 7 7 
 1335 319 2 1 
 1061 1077 2 3 
 443 33 7 7 
 1335 319 2 1 
 1061 1077 2 3 
 443 33 7 7 
 1338 302 2 2 
 1028 1047 1 2 
 1287 133 2 3 
 1286 132 2 3 
 834 1065 1 2 
 1286 132 2 2 
 834 1069 2 3 
 1361 405 3 5 
 1286 133 2 1 
 844 1061 2 3 
 1361 405 3 5 
 838 1067 1 2 
 1286 133 2 1 
 1361 405 3 5 
 1286 133 2 1 
 842 1060 4 4 
 1330 141 4 3 
 834 1069 2 3 
 1329 139 5 5 
 842 1061 4 3 
 1329 139 4 3 
 843 1060 3 4 
 671 65 2 2 
 845 1061 2 2 
 1354 313 1 2 
 1329 140 3 2 
 845 1061 2 2 
 1151 442 3 1 
 844 1059 4 3 
 886 169 3 1 
 1165 444 2 1 
 834 1065 7 6 
 886 169 3 1 
 1165 444 2 1 
 666 65 2 1 
 834 1067 5 5 
 1442 337 4 3 
 666 65 2 1 
 1152 454 1 2 
 666 65 2 1 
 1442 337 4 3 
 666 65 2 1 
 1406 321 2 1 
 523 34 2 2 
 1406 321 2 1 
 523 34 2 2 
 826 1060 3 2 
 1406 321 2 1 
 523 34 2 2 
 822 1069 4 5 
 1406 321 2 1 
 523 34 2 2 
 821 1069 5 5 
 1406 321 2 1 
 523 34 2 2 
 876 1026 3 2 
 1406 321 2 1 
 1556 5 3 2 
 821 1068 7 5 
 1394 212 2 1 
 1154 452 2 1 
 1556 5 3 2 
 825 1069 3 2 
 1394 212 2 1 
 1155 446 2 2 
 1556 5 3 2 
 881 1057 1 2 
 1394 212 2 1 
 1147 446 2 2 
 1556 5 3 2 
 863 1021 2 1 
 1394 212 2 1 
 1147 446 2 2 
 1556 5 3 2 
 951 1077 3 3 
 1394 212 2 1 
 951 1077 3 3 
 1335 128 2 3 
 1457 332 3 4 
 951 1077 3 3 
 1407 215 4 5 
 459 34 2 2 
 993 1063 2 4 
 1404 323 2 1 
 1274 721 5 4 
 1555 5 3 1 
 1408 216 1 2 
 993 1063 2 4 
 1407 215 2 3 
 993 1063 2 4 
 951 1078 3 2 
 1303 121 3 2 
 1458 334 2 2 
 1303 142 1 2 
 993 1064 2 3 
 1408 216 1 2 
 994 1064 1 3 
 1408 216 1 2 
 972 1057 2 3 
 1301 142 2 2 
 972 1057 2 3 
 1558 7 2 3 
 1404 217 1 2 
 1558 7 2 3 
 1404 217 1 2 
 1558 7 2 3 
 1427 221 11 10 
 1327 131 3 2 
 1298 710 1 3 
 1328 131 2 3 
 1623 332 3 2 
 1296 700 2 2 
 736 1073 2 1 
 925 168 7 8 
 925 168 8 8 
 961 1040 1 2 
 1427 222 3 4 
 1295 126 1 2 
 1622 332 6 4 
 930 170 6 8 
 717 1071 3 3 
 744 753 5 3 
 1303 118 3 3 
 717 1071 3 3 
 1277 728 1 2 
 1301 117 5 4 
 877 1071 2 1 
 1302 117 2 2 
 877 1071 2 1 
 1618 330 2 1 
 741 753 7 5 
 1302 117 2 2 
 717 1071 3 3 
 1618 330 2 1 
 1301 116 3 3 
 1618 330 2 1 
 712 1067 2 2 
 741 753 8 5 
 1301 116 3 3 
 712 1067 2 2 
 1618 330 2 1 
 1301 116 3 3 
 712 1067 2 2 
 1621 330 2 2 
 1301 117 3 2 
 1621 330 2 2 
 1301 117 3 2 
 712 1067 3 3 
 1621 330 2 2 
 1301 117 2 2 
 1621 330 2 2 
 1338 130 2 3 
 1621 333 2 1 
 834 1069 5 4 
 1282 690 2 12 
 1338 130 2 3 
 833 1069 6 4 
 1630 337 2 3 
 1281 723 1 2 
 1338 130 2 3 
 834 1069 3 3 
 1630 337 2 3 
 742 749 6 4 
 1321 130 2 1 
 834 1069 3 3 
 742 749 6 6 
 1630 337 2 3 
 1320 129 7 6 
 834 1069 3 3 
 1630 337 2 3 
 743 749 2 2 
 1320 128 3 3 
 924 1071 3 2 
 1630 337 2 3 
 743 749 2 2 
 1320 128 3 3 
 974 1055 2 2 
 1630 337 2 3 
 1285 699 1 2 
 1320 128 3 3 
 1031 1065 3 2 
 1630 337 2 3 
