 20 417 2 2 
 3 333 2 2 
 20 417 2 2 
 32 471 2 1 
 39 464 1 2 
 32 471 2 1 
 35 475 5 4 
 32 471 2 1 
 35 476 3 3 
 35 475 5 4 
 34 495 2 1 
 28 503 3 3 
 28 503 3 3 
 89 967 2 2 
 70 193 1 2 
 20 444 2 2 
 72 194 2 1 
 36 501 2 1 
 72 194 2 1 
 46 484 2 2 
 31 223 2 1 
 77 646 2 1 
 53 228 2 2 
 26 450 2 3 
 30 231 2 1 
 68 476 2 1 
 87 995 4 3 
 29 377 2 4 
 56 230 2 1 
 55 230 3 1 
 658 64 2 2 
 30 481 6 6 
 658 64 2 2 
 30 481 5 6 
 658 64 2 2 
 30 481 5 5 
 658 64 2 2 
 30 481 5 5 
 658 64 2 2 
 28 508 2 1 
 658 64 2 2 
 32 481 1 3 
 658 64 2 2 
 31 481 3 4 
 658 64 2 2 
 52 571 3 4 
 52 571 2 1 
 37 288 1 2 
 1751 1003 2 3 
 57 377 2 3 
 1751 1003 2 4 
 73 412 1 2 
 72 406 2 2 
 55 380 2 1 
 660 70 2 2 
 660 70 2 2 
 72 406 2 2 
 660 70 2 2 
 1751 1004 2 3 
 72 406 2 2 
 659 70 3 2 
 69 408 3 1 
 659 70 3 2 
 52 408 2 2 
 659 70 3 2 
 84 960 3 2 
 659 70 3 2 
 659 70 3 2 
 72 406 2 2 
