 1047 1013 14 12 
 1048 1014 15 11 
 1051 1016 14 9 
 1065 1022 4 3 
 1065 1026 3 3 
 1049 1031 8 5 
 1029 1031 4 4 
 1034 1032 1 2 
 1029 1031 6 3 
 1025 1032 4 3 
 1063 1037 2 1 
 1121 1049 3 3 
 1115 1053 2 1 
 1032 1024 4 3 
 1030 1031 3 3 
 1046 1035 2 2 
 1043 1039 2 2 
 1035 1055 2 2 
 1040 1055 3 2 
 1081 1056 2 2 
 1029 1060 2 1 
 1035 1055 2 2 
 1108 1055 2 1 
 1041 1056 2 2 
 1034 1063 13 4 
 1029 1060 2 1 
 1035 1055 2 2 
 1040 1056 3 2 
 1105 1056 2 2 
 983 1069 2 2 
 1018 1067 4 2 
 1033 1063 14 4 
 1028 1052 3 2 
 1040 1056 3 2 
 1077 1057 2 4 
 1033 1064 3 3 
 1032 1063 15 4 
 989 1069 2 3 
 1016 1070 4 3 
 1030 1053 4 4 
 1040 1056 3 2 
 1029 1058 1 2 
 1024 1059 4 3 
 1033 1064 3 3 
 1032 1063 15 4 
 996 1067 4 3 
 1014 1070 8 5 
 985 1071 2 1 
 1016 1050 11 3 
 1040 1056 3 2 
 1020 1060 8 6 
 1033 1064 3 3 
 1032 1063 15 4 
 1014 1072 7 5 
 1017 1073 3 3 
 996 1069 11 4 
 1020 1053 3 3 
 1020 1053 5 6 
 1035 1055 2 2 
 1025 1056 1 2 
 1024 1060 1 2 
 1033 1064 3 3 
 1033 1064 14 3 
 1014 1074 8 6 
 1015 1075 3 3 
 1021 1066 2 2 
 999 1070 3 3 
 998 1071 3 3 
 1000 1071 3 3 
 999 1072 3 3 
 998 1068 11 8 
 1019 1077 3 2 
 1000 1079 2 1 
 990 1078 2 1 
 983 1078 2 2 
 983 1079 2 1 
 987 1073 2 2 
 998 1073 3 3 
 1080 1071 7 7 
 1023 1077 2 3 
 44 875 3 3 
 31 873 2 2 
 1074 1076 2 1 
 1060 1069 4 7 
 1088 1077 4 3 
 993 1033 2 2 
 959 1045 3 2 
 959 1045 3 2 
 994 1043 1 2 
 960 1045 2 2 
 896 1057 4 4 
 962 1018 4 3 
 1065 1035 4 3 
 521 35 4 4 
 840 1075 4 2 
 521 35 4 4 
 846 1078 3 2 
 521 35 4 4 
 834 1074 2 2 
 521 35 4 4 
 828 1075 2 1 
 1004 1075 2 2 
 1024 1061 3 1 
 1017 1041 2 1 
 1017 1041 2 1 
 1028 1028 4 2 
 1056 1044 4 3 
 1058 1045 2 2 
 1045 1035 1 2 
 823 1063 9 9 
 824 1069 4 3 
 822 1062 3 6 
 831 1074 2 2 
 1059 1040 4 3 
 1059 1040 4 3 
 1061 1040 2 3 
 530 42 3 2 
 1113 1048 1 2 
 530 42 3 2 
 1106 1048 2 2 
 530 42 3 2 
 846 1078 1 2 
 530 42 3 2 
 1049 1060 2 3 
 530 42 3 2 
 985 1067 2 1 
 530 42 2 2 
 1035 1048 1 2 
 530 42 2 2 
 1022 1047 4 3 
 530 42 2 2 
 960 1073 2 1 
 835 1072 2 1 
 985 1064 2 2 
 805 1067 1 2 
 971 1061 2 2 
 832 1070 3 3 
 983 1041 2 3 
 982 1031 3 2 
 969 1025 4 4 
 968 1025 5 4 
 967 1024 5 5 
 966 1024 2 1 
 959 1021 8 8 
 960 1022 3 3 
 991 1017 3 6 
 991 1017 3 6 
 963 1021 4 4 
