 468 1038 2 3 
 472 1054 5 5 
 471 1051 3 2 
 467 1043 3 5 
 462 1044 2 1 
 462 1044 2 1 
 465 1046 7 9 
 462 1044 2 2 
 465 1048 9 11 
 467 1044 3 2 
 465 1048 3 3 
 471 1054 3 5 
 466 1048 2 4 
 470 1055 4 4 
 468 1064 3 4 
 470 1067 2 2 
 1023 1060 2 2 
 1040 1063 2 1 
 1035 1064 1 2 
 1039 1071 2 1 
 1039 1071 2 1 
 469 1049 2 2 
 469 1049 2 2 
 1036 1063 3 3 
 466 1059 2 4 
 465 1061 2 3 
 465 1059 2 5 
 466 1061 1 2 
 466 1061 1 2 
 465 1062 7 5 
 467 1062 5 4 
 465 1060 8 7 
 465 1060 8 7 
 464 1060 9 7 
 464 1060 9 7 
 466 1058 2 1 
 469 1064 4 3 
 464 1062 1 2 
 464 1062 1 2 
 465 1056 4 10 
 465 1057 4 4 
 465 1059 2 2 
 465 1059 2 2 
 465 1059 2 2 
 1043 1074 2 2 
 1039 1066 3 2 
 1044 1074 3 3 
 1044 1074 3 3 
 1039 1066 4 2 
 1039 1066 4 2 
 1039 1066 4 2 
 1041 1067 2 1 
 1037 1065 4 3 
 495 36 3 3 
 464 1016 3 3 
 495 36 3 3 
 1045 1074 2 3 
 495 36 3 3 
 495 36 3 3 
 1042 1074 2 2 
 1034 1073 3 4 
 1034 1074 3 3 
 1034 1075 2 1 
 521 34 2 1 
 521 34 2 1 
