 798 898 6 5 
 802 898 2 2 
 799 900 3 1 
 794 901 3 5 
 794 903 1 2 
 789 910 2 1 
 789 910 2 1 
 786 911 2 5 
 785 912 3 4 
 785 912 3 4 
 771 913 2 2 
 772 917 10 6 
 775 918 4 3 
 755 919 16 11 
 752 918 11 12 
 763 920 8 6 
 755 924 3 3 
 753 916 9 11 
 767 921 4 2 
 764 924 3 1 
 756 917 5 5 
 769 921 2 2 
 770 924 2 1 
 754 925 3 3 
 763 924 2 2 
 754 924 8 4 
 757 917 4 5 
 769 924 3 2 
 754 926 7 3 
 755 928 4 2 
 765 928 2 1 
 763 934 1 2 
 775 930 2 1 
 762 942 2 1 
 766 935 4 3 
 765 942 3 3 
 765 936 3 3 
 769 937 2 1 
 766 939 4 1 
 767 939 3 1 
 768 939 2 1 
 774 943 2 3 
 595 1021 3 2 
 595 1021 3 2 
 595 1021 3 2 
 595 1021 3 2 
 595 1021 3 2 
 595 1021 3 2 
 780 920 2 2 
 786 908 2 2 
 790 906 2 2 
 790 906 2 2 
 593 1023 3 3 
 593 1023 3 3 
 802 899 2 2 
 802 898 3 3 
 802 898 3 3 
 802 898 3 3 
 1127 506 2 2 
 593 1047 1 2 
 802 899 2 2 
 802 899 2 2 
 802 899 2 2 
 763 913 12 8 
 761 912 13 11 
 1124 507 2 2 
 761 912 12 11 
 758 913 16 12 
 758 915 14 11 
 756 918 9 7 
 756 919 7 6 
