 64 767 1 2 
 65 833 2 3 
 56 661 2 2 
 43 752 2 3 
 64 767 1 2 
 43 752 2 3 
 64 767 1 2 
 60 794 1 2 
 56 661 2 2 
 64 767 1 2 
 60 794 1 2 
 62 795 1 2 
 56 661 2 2 
 40 750 1 2 
 64 767 1 2 
 60 794 1 2 
 62 794 2 2 
 59 809 1 2 
 56 661 2 2 
 85 710 2 5 
 40 750 1 2 
 60 794 3 3 
 59 809 1 2 
 69 812 1 2 
 85 710 2 5 
 60 795 3 2 
 59 809 1 2 
 68 810 2 4 
 70 816 2 2 
 70 815 2 3 
 65 885 3 5 
 80 647 2 3 
 87 651 2 5 
 81 684 2 2 
 54 759 1 2 
 56 771 2 1 
 60 795 3 3 
 69 801 1 2 
 49 805 2 3 
 70 864 1 2 
 72 862 2 2 
 62 808 1 2 
 67 811 3 3 
 67 829 2 2 
 73 822 1 2 
 70 814 2 3 
 80 647 2 3 
 87 651 2 5 
 81 684 2 2 
 54 759 1 2 
 56 771 2 1 
 60 795 3 3 
 74 867 2 2 
 68 800 2 3 
 49 805 2 3 
 62 808 1 2 
 72 862 2 2 
 67 811 2 1 
 67 829 2 2 
 73 822 2 3 
 73 819 2 2 
 70 814 2 3 
 80 647 2 3 
 86 651 2 3 
 81 684 2 2 
 60 697 2 2 
 54 759 1 2 
 56 771 2 1 
 69 800 2 3 
 62 808 1 2 
 57 810 2 2 
 66 868 1 2 
 74 867 2 2 
 67 811 2 1 
 70 814 2 3 
 72 862 2 4 
 71 818 1 2 
 73 819 2 2 
 72 822 3 3 
 67 829 2 2 
 80 647 2 3 
 81 684 2 2 
 60 697 2 2 
 54 759 1 2 
 56 771 2 1 
 64 795 3 2 
 61 796 2 2 
 69 800 2 3 
 62 808 1 2 
 56 810 3 2 
 66 811 3 1 
 70 814 2 3 
 67 876 2 3 
 66 868 1 2 
 70 862 6 7 
 73 819 2 2 
 73 822 2 3 
 67 829 2 2 
 81 684 2 2 
 60 697 2 2 
 74 763 1 2 
 56 771 2 1 
 64 795 3 2 
 61 796 2 2 
 69 800 2 3 
 49 805 2 3 
 69 879 2 4 
 56 807 1 2 
 67 876 2 3 
 66 868 1 2 
 70 864 5 5 
 62 808 1 2 
 56 810 3 2 
 70 814 2 3 
 73 819 2 2 
 67 829 2 2 
 73 822 2 3 
 50 956 2 2 
 64 795 3 2 
 69 801 1 2 
 49 805 2 3 
 56 810 3 2 
 71 814 1 2 
 73 822 2 3 
 72 864 3 4 
 66 868 1 2 
 67 877 2 2 
 69 879 2 4 
 64 887 4 5 
 67 877 2 2 
 69 879 2 4 
 64 887 4 5 
 60 898 2 1 
 97 972 2 1 
 92 969 2 2 
 84 986 2 1 
 102 985 1 2 
 10 254 4 2 
 103 980 3 1 
 53 464 2 2 
 11 254 3 2 
 107 979 2 2 
 67 766 2 2 
 656 67 2 1 
 107 979 2 2 
 39 285 2 2 
 67 766 3 2 
 656 67 2 1 
 39 285 2 2 
 92 970 2 2 
 66 766 4 3 
 656 67 2 1 
 56 282 2 2 
 93 970 1 2 
 656 67 2 1 
 56 282 2 2 
 656 67 2 1 
 58 895 4 2 
 30 283 2 2 
 656 67 2 1 
 58 895 2 2 
 30 283 2 2 
 656 67 2 1 
 33 272 3 4 
 78 653 2 1 
 656 67 2 1 
 33 273 3 3 
 61 710 2 2 
 66 205 7 3 
 0 407 2 3 
 66 205 7 3 
 0 407 2 3 
 66 205 7 3 
 0 407 2 3 
 66 205 7 2 
 1103 1037 2 3 
 33 512 4 4 
 68 205 5 2 
 1103 1037 2 1 
 39 409 2 2 
 69 205 4 2 
 1103 1037 2 1 
 0 408 2 2 
 69 205 4 2 
 1103 1039 2 1 
 26 436 2 1 
 1103 1039 2 1 
 59 238 1 2 
 86 721 3 2 
 22 322 3 4 
 1103 1039 2 1 
 63 769 2 1 
 22 322 3 4 
 1103 1039 2 1 
 59 585 3 4 
 1077 1050 2 3 
 16 315 2 2 
 67 765 3 4 
 22 323 3 3 
 1103 1039 2 1 
 75 769 3 4 
 25 359 2 2 
 75 769 3 4 
 25 359 2 2 
 75 769 3 4 
 25 359 1 2 
 67 765 4 4 
 25 359 1 2 
 75 769 3 4 
 36 432 2 3 
 75 769 1 2 
 667 64 2 2 
 37 433 1 2 
 77 753 1 2 
 667 64 2 2 
 37 433 1 2 
 667 64 2 2 
 37 433 1 2 
 667 64 2 2 
 63 486 2 2 
 667 64 2 2 
 67 929 2 3 
 28 521 3 2 
 667 64 2 2 
 28 521 3 2 
 667 64 2 2 
 26 883 2 2 
 667 64 2 2 
 26 883 2 2 
 59 587 2 2 
 26 883 2 2 
 59 586 2 2 
 26 883 2 2 
 60 586 1 2 
 71 665 2 3 
 71 665 5 3 
 71 665 5 3 
 71 665 5 3 
 25 883 3 2 
 74 665 2 2 
 51 690 1 2 
 73 865 2 3 
 73 865 2 3 
 73 865 2 3 
 74 865 1 2 
 48 750 2 1 
 63 713 1 2 
 75 763 2 2 
 59 697 2 3 
 59 697 2 3 
 59 697 2 3 
 62 711 2 4 
 678 903 2 2 
 678 903 2 2 
 678 903 2 2 
 678 903 2 2 
 678 903 2 2 
 678 903 2 1 
 715 963 2 3 
 678 1015 1 2 
