 1918 554 1 2 
 1915 564 2 3 
 1918 554 1 2 
 1915 564 2 3 
 1919 594 1 2 
 1917 554 2 2 
 1917 557 2 1 
 1915 563 5 6 
 1919 594 1 2 
 1917 602 2 1 
 1917 554 2 2 
 1917 557 2 1 
 1915 565 3 3 
 1914 562 6 7 
 1919 593 1 3 
 1917 602 2 1 
 1917 611 3 4 
 1917 554 2 2 
 1917 557 2 1 
 1915 565 3 3 
 1914 562 6 7 
 1919 593 1 3 
 1917 602 2 1 
 1917 611 3 4 
 1912 616 2 3 
 1917 554 2 2 
 1917 557 2 1 
 1915 565 3 3 
 1917 565 3 4 
 1914 562 6 7 
 1915 589 2 2 
 1919 593 1 3 
 1917 602 2 1 
 1916 611 2 3 
 1912 617 2 2 
 1915 647 3 3 
 1916 738 2 2 
 1886 714 2 2 
 1918 653 2 4 
 1914 662 2 2 
 1916 678 1 2 
 1918 677 2 4 
 1916 738 2 2 
 1916 678 1 2 
 1918 677 2 4 
 1914 662 2 2 
 31 447 2 3 
 73 782 1 2 
 31 447 2 3 
 66 821 2 1 
 31 447 2 3 
 73 782 1 2 
 6 390 2 1 
 74 820 1 2 
 6 390 2 1 
 74 820 1 2 
 6 372 2 2 
 74 820 1 2 
 45 582 3 1 
 6 371 3 3 
 33 826 4 4 
 70 586 5 3 
 56 848 2 1 
 6 371 3 3 
 6 371 3 3 
 57 847 2 2 
 49 854 3 3 
 13 375 1 2 
 9 373 2 1 
 49 854 3 3 
 9 373 2 1 
 60 857 2 3 
