 999 1022 2 3 
 523 44 2 1 
 955 1023 5 6 
 955 1023 5 6 
 1003 1040 3 3 
 955 1023 5 6 
 1003 1039 3 4 
 1018 1052 4 2 
 1026 1067 3 2 
 1002 1039 4 4 
 1017 1041 2 2 
 1031 1061 1 2 
 1033 1060 3 2 
 1018 1051 4 3 
 1013 1046 3 1 
 1029 1073 12 7 
 1025 1078 4 2 
 1038 1076 3 3 
 1025 1078 4 2 
 995 1019 7 7 
 995 1019 7 7 
 995 1019 7 7 
 997 1020 5 6 
 1033 1074 2 1 
 1029 1073 2 2 
 955 1023 2 2 
 955 1022 2 4 
 954 1020 4 6 
 1026 1066 3 2 
 846 1011 3 4 
 953 1019 5 6 
 953 1019 5 6 
 1028 1072 13 6 
 1027 1072 14 6 
 997 1021 5 5 
 997 1021 5 5 
 1024 1077 5 3 
 996 1021 6 5 
 1027 1071 13 6 
 998 1020 3 3 
 1027 1071 13 6 
 994 1020 6 6 
 998 1020 3 3 
 993 1019 7 8 
 993 1018 7 9 
 993 1018 7 9 
 993 1018 7 9 
 993 1018 6 9 
 993 1018 6 9 
 994 1018 5 5 
 995 1018 4 4 
 998 1018 1 2 
 1029 1072 2 1 
 1031 1072 3 2 
 995 1020 4 5 
 995 1020 4 5 
 995 1020 4 5 
 995 1020 4 5 
 995 1020 4 5 
 995 1020 4 5 
 996 1020 3 2 
 1000 1020 1 3 
 1030 1073 2 2 
 995 1022 2 2 
 995 1022 2 2 
 995 1022 2 2 
 995 1022 2 2 
 532 48 2 2 
 532 48 2 2 
 532 48 2 2 
 532 48 2 2 
 532 48 2 2 
 532 48 2 2 
 532 48 2 2 
 532 48 2 2 
