 471 782 3 3 
 468 782 8 13 
 472 783 3 4 
 471 786 3 3 
 469 783 8 12 
 472 783 3 4 
 470 783 5 4 
 473 790 3 3 
 472 788 5 7 
 472 783 3 4 
 471 783 4 4 
 473 790 3 3 
 473 788 4 7 
 471 800 7 5 
 472 783 3 4 
 471 783 4 4 
 473 790 3 3 
 473 788 4 7 
 471 801 3 3 
 471 800 7 5 
 471 783 5 4 
 471 788 6 8 
 471 801 3 3 
 471 796 7 9 
 483 802 5 6 
 473 783 3 4 
 473 788 4 4 
 471 793 5 3 
 473 797 3 3 
 475 799 3 3 
 472 796 6 8 
 484 803 3 4 
 483 802 7 6 
 473 783 3 4 
 473 788 4 4 
 471 793 5 3 
 473 797 3 3 
 477 801 3 3 
 472 796 8 9 
 484 804 3 3 
 483 802 6 6 
 488 806 2 5 
 473 783 4 4 
 473 788 4 4 
 471 793 5 3 
 473 797 3 3 
 474 799 3 3 
 477 801 3 3 
 473 796 7 9 
 483 802 6 4 
 488 806 2 5 
 491 810 7 9 
 474 783 3 4 
 476 789 1 3 
 472 793 2 2 
 473 797 3 3 
 474 799 3 3 
 477 801 3 3 
 473 797 7 8 
 483 802 6 4 
 488 806 2 5 
 493 812 3 3 
 491 810 7 9 
 475 787 3 3 
 474 783 4 7 
 472 793 2 2 
 473 797 3 3 
 474 799 3 3 
 477 801 3 3 
 473 797 7 8 
 485 802 4 4 
 488 807 2 4 
 493 812 3 3 
 494 813 3 3 
 491 810 9 10 
 487 813 2 1 
 476 783 3 3 
 475 787 3 3 
 474 783 5 7 
 472 793 2 2 
 475 794 2 2 
 473 797 3 3 
 475 797 4 3 
 474 799 3 3 
 477 801 3 3 
 473 797 7 7 
 485 802 4 4 
 488 807 2 4 
 493 812 3 3 
 494 813 3 3 
 491 810 9 10 
 487 813 2 1 
 445 817 2 2 
 475 787 3 3 
 474 783 4 7 
 472 793 2 2 
 475 794 2 2 
 473 797 3 3 
 475 797 4 3 
 474 799 3 3 
 473 796 7 8 
 484 801 5 5 
 480 807 3 3 
 488 807 3 2 
 494 813 3 3 
 491 810 9 10 
 445 817 2 2 
 451 818 2 1 
 502 819 2 2 
 475 787 3 3 
 474 783 4 7 
 472 793 2 2 
 475 794 2 2 
 473 797 3 3 
 475 797 4 3 
 473 796 7 8 
 484 801 5 6 
 493 812 3 3 
 494 813 3 3 
 491 810 8 9 
 445 817 2 2 
 447 817 2 4 
 442 818 2 1 
 451 818 2 1 
 502 819 2 2 
 499 821 2 1 
 492 810 8 11 
 445 817 2 2 
 447 817 2 4 
 451 818 2 1 
 455 819 2 3 
 491 834 2 1 
 494 834 2 2 
 456 903 2 2 
 443 952 2 1 
 651 79 2 1 
 490 809 3 1 
 651 79 2 1 
 490 809 3 1 
 490 809 2 1 
 483 814 2 2 
 66 760 2 2 
 64 757 4 3 
 66 757 2 2 
 66 760 2 2 
 1379 708 3 2 
 1379 707 6 4 
 1383 706 3 3 
 538 957 2 2 
 850 376 3 3 
 538 958 2 1 
 54 183 2 2 
 538 958 2 1 
 54 183 2 2 
 854 386 2 1 
 538 957 2 2 
 1404 704 4 5 
 662 64 2 2 
 538 957 2 2 
 1379 706 8 6 
 859 375 2 4 
 662 64 2 2 
 538 957 3 2 
 859 375 2 4 
 1379 706 11 6 
 662 64 2 2 
 859 375 2 4 
 493 808 4 5 
 662 64 2 2 
 859 375 2 4 
 493 808 4 5 
 662 64 2 2 
 859 375 2 4 
 1405 704 3 7 
 662 64 2 2 
 859 375 2 4 
 1391 706 2 2 
 662 64 2 2 
 859 375 2 2 
 1391 706 2 2 
 662 64 2 2 
 859 375 2 3 
 1391 706 2 2 
 472 787 1 2 
 1425 717 2 5 
 496 815 2 2 
 647 61 2 2 
 1420 716 1 3 
 647 61 2 2 
 1420 716 1 2 
 647 61 2 2 
 1420 716 1 2 
 647 61 2 2 
 1420 716 1 2 
 647 61 2 2 
 1420 716 1 2 
 647 61 2 2 
 493 832 2 1 
 647 61 2 2 
 493 832 2 1 
 647 61 2 2 
 493 832 2 1 
 1773 713 3 3 
 39 201 2 1 
 493 832 6 6 
 31 169 2 2 
 493 832 1 2 
 30 169 3 5 
 30 169 3 5 
 30 171 2 3 
 30 171 2 3 
 322 1038 2 1 
 331 1042 4 2 
 332 1042 2 2 
 332 1040 3 4 
 488 800 2 2 
 329 1047 3 5 
 488 800 2 2 
 327 1048 1 3 
 488 800 2 2 
 327 1045 6 7 
 488 800 2 2 
 326 1045 7 7 
 326 1045 7 7 
 665 76 2 1 
 326 1045 7 7 
 665 76 2 2 
 326 1045 7 7 
 665 76 2 2 
 327 1045 6 6 
 665 76 2 2 
 326 1045 7 7 
 665 76 2 2 
 327 1048 3 3 
 665 76 2 2 
 327 1036 2 2 
 665 76 2 2 
 311 1007 2 2 
 665 76 2 2 
 311 1007 1 2 
 311 1007 1 2 
 301 993 2 1 
 29 793 2 4 
 310 1004 1 2 
 1762 720 2 3 
 1240 806 2 2 
 1251 809 1 2 
