 184 249 2 2 
 190 267 2 1 
 203 322 2 1 
 213 378 2 2 
 216 396 4 4 
 226 437 3 3 
 229 448 2 2 
 233 468 3 3 
 234 479 3 3 
 235 489 4 3 
 240 519 2 2 
 241 529 3 3 
 244 539 3 3 
 246 550 3 3 
 247 560 4 4 
 250 571 3 3 
 254 593 2 2 
 276 694 2 3 
 281 716 2 1 
 286 736 3 3 
 289 747 2 2 
 291 757 3 2 
 294 768 3 2 
 299 779 1 2 
 301 790 3 3 
 304 802 4 3 
 309 813 2 3 
 316 850 4 3 
 320 863 2 1 
 332 900 4 2 
 335 912 4 4 
 349 964 4 4 
 353 977 3 3 
 356 989 4 4 
 851 1032 3 2 
 529 57 4 7 
 528 59 5 5 
 534 35 2 2 
 534 35 2 2 
 534 35 2 2 
 915 1060 4 2 
 534 35 2 2 
 534 35 2 2 
 1003 1076 4 3 
 534 35 2 2 
 982 1063 3 3 
 1000 1073 1 2 
 917 1059 2 2 
