 1906 606 2 2 
 1908 588 1 2 
 1906 587 1 2 
 1912 549 1 2 
 1900 606 3 3 
 1898 605 3 3 
 1902 604 3 3 
 1900 603 3 3 
 1898 601 3 3 
 1897 600 3 3 
 1842 600 3 3 
 1894 599 3 3 
 1900 597 3 3 
 1891 597 3 3 
 1901 586 4 4 
 1896 586 3 3 
 1894 586 3 3 
 1899 585 4 4 
 1892 584 4 3 
 1899 581 3 3 
 1908 580 3 3 
 1903 580 3 3 
 1904 578 3 3 
 1897 578 3 3 
 1907 575 3 3 
 1901 575 4 5 
 1903 574 3 3 
 1902 573 3 3 
 1899 573 3 3 
 1904 572 3 3 
 1900 572 3 3 
 1892 565 3 3 
 1818 562 3 3 
 1907 554 3 3 
 1907 552 3 3 
 1908 551 3 3 
 1890 551 3 3 
 1906 550 3 3 
 1906 547 3 3 
 1901 545 3 3 
 1907 543 3 3 
 1899 542 3 3 
 1892 537 3 3 
 1905 532 3 3 
 1906 529 3 3 
 1907 527 3 3 
 1894 524 3 3 
 1907 523 3 3 
 1895 489 3 3 
 1882 460 3 3 
 1862 436 3 3 
 1861 435 3 3 
 1860 433 3 4 
 1856 429 3 3 
 1853 426 3 3 
 1852 425 3 3 
 1845 417 3 3 
 1855 513 1 2 
 1881 609 3 3 
 1859 592 3 3 
 1863 585 3 3 
 1859 583 3 3 
 1867 581 3 3 
 1859 580 3 3 
 1856 575 5 4 
 1872 574 3 3 
 1860 572 3 3 
 1858 571 3 3 
 1862 567 3 3 
 1862 563 3 3 
 1861 560 3 3 
 1866 554 3 3 
 1864 552 3 3 
 1862 551 3 3 
 1860 550 3 3 
 1862 548 3 3 
 1857 547 3 3 
 1858 544 3 3 
 1858 541 3 3 
 1856 541 3 4 
 1857 540 3 3 
 1868 536 3 3 
 1858 535 3 4 
 1859 533 3 3 
 1857 533 3 3 
 1860 531 4 3 
 1856 530 4 4 
 1861 528 3 4 
 1878 527 3 3 
 1858 526 3 3 
 1861 524 3 3 
 1862 523 3 3 
 1860 523 3 3 
 1863 519 3 3 
 1859 519 5 5 
 1866 514 3 3 
 1864 510 3 3 
 1856 608 2 5 
 1854 610 1 2 
 1857 612 6 4 
 1850 616 6 4 
 1849 621 3 3 
 1846 620 6 6 
 1843 627 6 6 
 1842 632 3 3 
 1840 632 6 8 
 1837 640 6 7 
 1834 645 6 8 
 1834 652 3 3 
 1830 652 7 10 
 1828 659 6 12 
 1830 680 7 15 
 1834 692 8 13 
 1838 703 3 3 
 1838 702 9 13 
 1844 712 8 9 
 1848 717 9 11 
 1852 724 9 12 
 1857 734 3 3 
 1861 748 9 18 
 1869 768 12 17 
 1881 785 14 13 
 1283 1003 18 11 
 1267 1010 16 11 
 854 1020 2 1 
 854 1018 3 3 
 854 1018 3 3 
 854 1018 3 3 
 854 1018 3 3 
 854 1018 3 3 
 854 1018 3 3 
 855 1018 2 2 
 855 1018 2 2 
 855 1018 2 2 
 869 1021 4 3 
 869 1021 4 3 
 869 1021 4 3 
 869 1021 4 3 
 842 1032 1 2 
 810 1063 1 3 
 621 498 7 7 
