 843 1005 8 5 
 882 1005 9 10 
 843 1006 5 4 
 997 1020 3 3 
 1050 1076 4 4 
 830 1035 7 9 
 1087 1069 5 5 
 1031 1059 5 4 
 843 1006 5 4 
 838 1007 3 3 
 837 1007 7 5 
 840 1008 3 3 
 837 1007 7 5 
 825 1027 1 3 
 831 1036 3 3 
 840 1008 3 3 
 836 1006 8 7 
 824 1027 2 2 
 823 1030 2 1 
 831 1035 1 2 
 832 1038 2 1 
 834 1006 10 6 
 824 1028 1 3 
 831 1035 1 2 
 832 1040 1 2 
 828 1042 2 3 
 834 1006 10 6 
 822 1031 2 2 
 831 1035 1 2 
 832 1040 1 2 
 827 1043 2 2 
 825 1048 4 3 
 840 1008 3 3 
 834 1006 9 6 
 822 1031 2 2 
 831 1035 1 2 
 832 1040 1 2 
 827 1043 2 2 
 825 1048 3 2 
 821 1054 3 3 
 840 1008 3 3 
 834 1006 9 6 
 822 1031 2 2 
 831 1035 1 2 
 832 1040 1 2 
 827 1043 2 3 
 821 1055 2 2 
 840 1008 3 3 
 836 1006 7 6 
 834 1007 2 3 
 822 1031 2 2 
 831 1035 1 2 
 832 1040 1 2 
 827 1044 1 2 
 821 1055 2 2 
 812 1059 3 4 
 840 1008 3 3 
 834 1006 9 6 
 824 1028 1 3 
 822 1031 2 2 
 827 1044 1 2 
 794 1069 4 5 
 836 1006 3 3 
 837 1007 3 3 
 834 1006 7 5 
 793 1072 3 1 
 712 1072 2 2 
 824 1028 1 3 
 822 1031 2 2 
 827 1043 2 3 
 797 1069 1 2 
 836 1006 3 3 
 834 1006 8 4 
 757 1074 1 2 
 793 1072 2 1 
 824 1028 1 3 
 822 1031 2 2 
 827 1043 2 3 
 789 1075 3 5 
 800 1078 1 2 
 809 1076 1 2 
 764 1076 3 4 
 786 1077 2 2 
 987 1015 5 5 
 985 1017 3 3 
 825 1010 7 3 
 821 1010 9 4 
 820 1010 10 7 
 823 1014 3 3 
 813 1011 8 7 
 816 1012 4 2 
 824 1012 7 9 
 828 1014 3 4 
 822 1010 2 6 
 943 1022 4 4 
 943 1022 4 4 
 526 37 1 2 
 835 1016 9 5 
 526 37 1 2 
 789 1075 2 1 
 526 37 1 2 
 802 1075 3 2 
 526 37 1 2 
 1867 701 2 2 
 837 1003 13 14 
 526 37 1 2 
 1858 704 5 4 
 838 1007 3 3 
 1853 706 3 4 
 833 1002 16 13 
 1834 721 6 7 
 836 1008 3 3 
 1824 760 4 7 
 881 1009 3 3 
 1824 769 5 9 
 876 1010 3 3 
 1827 776 7 8 
 876 1006 8 10 
 878 1007 8 10 
 813 1078 1 2 
 887 1013 1 2 
 887 1013 1 2 
 811 1078 1 2 
 1863 753 7 5 
 880 1010 6 8 
 880 1009 7 9 
