 1526 841 2 3 
 1526 841 2 3 
 1523 842 3 5 
 1652 890 1 2 
 1543 867 1 2 
 1628 838 2 4 
 1524 844 2 2 
 1629 816 4 3 
 1643 816 3 5 
 1523 841 3 5 
 1497 850 5 4 
 1629 816 4 3 
 1643 817 3 2 
 1647 818 2 2 
 1523 841 2 4 
 1497 850 5 4 
 1541 865 2 2 
 1643 816 3 3 
 1630 817 3 2 
 1647 818 2 2 
 1642 821 2 2 
 1602 823 3 3 
 1523 841 2 3 
 1499 852 3 2 
 1541 865 2 2 
 1524 868 2 4 
 1527 871 2 3 
 1643 816 3 3 
 1630 817 3 2 
 1647 818 2 2 
 1642 821 2 3 
 1602 823 3 3 
 1522 841 3 3 
 1522 845 2 3 
 1554 874 9 8 
 1527 871 2 2 
 1500 852 2 1 
 1522 866 4 8 
 1522 867 4 4 
 1643 816 3 3 
 1630 817 2 2 
 1642 821 2 3 
 1603 823 2 3 
 1521 841 4 7 
 1554 877 10 4 
 1495 849 3 3 
 1494 849 5 6 
 1499 852 2 1 
 1507 853 2 2 
 1522 866 4 8 
 1523 871 3 3 
 1520 855 1 3 
 1528 856 3 3 
 1603 823 2 3 
 1520 841 5 7 
 1495 849 3 3 
 1494 848 4 7 
 1554 879 6 3 
 1561 878 5 5 
 1507 854 2 1 
 1528 856 4 3 
 1539 863 1 2 
 1523 871 3 3 
 1521 866 5 8 
 1520 841 5 7 
 1495 849 3 3 
 1494 848 4 7 
 1507 854 2 1 
 1539 863 1 2 
 1522 866 4 7 
 1556 880 1 2 
 1531 918 3 5 
 1534 917 1 2 
 1487 970 1 2 
 1489 969 1 2 
 65 913 1 2 
 1650 816 2 2 
 65 913 1 2 
 642 61 3 3 
 1754 969 1 2 
 642 61 3 3 
 642 61 3 3 
 1754 969 1 2 
 642 61 3 3 
 1752 987 2 2 
 642 61 3 3 
 571 1010 4 2 
 652 984 3 4 
 623 62 5 3 
 642 61 3 3 
 1486 969 2 4 
 642 61 3 3 
 1659 933 2 2 
 1640 1063 4 4 
 16 220 2 2 
 63 687 1 2 
 1640 1064 3 3 
 16 220 2 2 
 79 716 2 2 
 16 220 2 2 
 1652 1007 3 4 
 79 716 2 3 
 16 220 2 2 
 1652 1007 3 4 
 79 716 2 3 
 656 65 3 3 
 1652 1008 3 3 
 1915 594 2 2 
 43 804 2 4 
 656 65 3 3 
 1915 594 2 2 
 1495 972 2 2 
 656 65 3 3 
 1915 594 2 2 
 44 805 1 3 
 656 65 3 3 
 1915 594 2 2 
 1495 972 2 2 
 653 65 8 3 
 1915 594 2 2 
 1629 817 2 2 
 655 65 6 3 
 1915 594 2 2 
 1503 992 3 2 
 655 65 4 3 
 1915 594 2 2 
 1471 986 2 4 
 655 65 4 3 
 1491 997 3 3 
 1915 594 2 2 
 1488 1001 1 2 
 1911 629 2 1 
 415 811 2 2 
 1522 869 5 6 
 1518 851 1 2 
 659 70 2 3 
 1677 1038 3 4 
 659 70 2 3 
 1519 843 3 6 
 659 70 2 3 
 1518 843 3 3 
 31 102 2 1 
 1544 1064 5 7 
 1 336 3 2 
 1437 849 1 2 
 37 171 2 2 
 1539 1065 10 11 
 1496 851 2 1 
 1539 1066 10 10 
 37 171 2 2 
 1446 1036 8 7 
 76 420 2 2 
 1544 1067 4 4 
 1515 850 3 3 
 6 251 1 2 
 1545 1068 2 3 
 1519 844 3 4 
 6 251 3 2 
 1544 1067 3 3 
 1515 843 4 4 
 53 173 3 2 
 1546 1064 3 2 
 1512 845 6 9 
 30 100 9 7 
 1542 1074 1 3 
 1433 833 2 2 
 37 102 2 1 
 1500 995 5 4 
 1501 994 5 6 
 56 583 3 3 
 1518 851 1 2 
 38 346 2 3 
 1483 975 2 3 
 72 602 2 2 
 1547 1072 2 2 
 38 165 3 3 
 1434 848 4 5 
