 60 549 1 2 
 75 595 2 2 
 75 595 2 2 
 72 611 2 1 
 72 611 2 1 
 65 614 2 4 
 72 611 2 1 
 65 614 2 4 
 78 704 1 2 
 72 610 2 2 
 65 614 2 4 
 87 642 2 2 
 77 702 2 4 
 63 731 2 1 
 72 610 2 2 
 65 614 2 4 
 77 628 2 2 
 87 639 2 1 
 87 642 2 2 
 84 691 1 2 
 75 700 4 6 
 63 731 2 1 
 81 737 2 1 
 72 610 2 2 
 87 639 2 1 
 87 642 2 2 
 84 691 1 2 
 75 700 4 6 
 81 737 2 1 
 41 742 3 3 
 68 743 1 4 
 49 753 3 3 
 68 743 1 4 
 41 742 3 3 
 81 737 2 1 
 71 610 3 3 
 81 636 2 2 
 87 639 2 1 
 87 642 2 2 
 80 683 1 2 
 84 691 2 3 
 75 701 3 3 
 75 700 4 6 
 91 701 2 2 
 76 755 2 5 
 49 753 2 2 
 68 743 1 4 
 41 742 3 3 
 81 737 2 1 
 76 736 1 2 
 83 729 1 2 
 80 683 1 2 
 81 722 1 2 
 80 691 2 1 
 84 691 2 3 
 75 701 3 3 
 75 700 4 6 
 76 756 2 4 
 76 758 1 2 
 63 758 2 2 
 70 757 2 2 
 655 62 2 2 
 81 737 2 1 
 655 62 2 2 
 83 730 2 1 
 83 730 2 1 
 73 654 1 2 
 39 731 1 2 
 39 731 1 2 
 65 678 2 3 
 65 678 2 3 
 65 678 2 4 
 661 70 3 3 
 65 678 2 4 
 661 70 3 3 
 65 678 2 4 
 661 70 3 3 
 65 678 2 4 
 661 70 3 3 
 52 723 2 4 
 661 70 3 3 
 661 70 3 3 
 661 70 3 3 
 661 70 3 3 
 68 190 3 2 
 68 190 3 2 
 68 190 3 2 
 68 190 3 2 
 68 190 3 2 
 68 190 3 2 
 68 190 4 2 
 70 190 2 1 
 70 190 2 1 
 653 73 2 4 
 653 73 2 4 
 653 73 2 4 
 653 73 2 4 
 653 73 2 4 
 653 73 2 4 
 653 73 2 4 
 653 73 2 4 
 55 257 1 3 
 55 258 1 2 
 55 258 1 2 
 7 320 2 2 
 82 752 2 2 
 2 382 2 2 
 76 703 2 2 
 29 340 2 2 
 82 729 2 2 
 57 294 2 2 
 87 709 2 1 
 29 340 2 2 
 64 758 4 5 
 29 340 2 2 
 77 759 2 1 
 29 340 2 2 
 77 759 2 1 
 70 241 2 1 
 26 455 1 2 
 70 241 2 1 
 26 455 1 2 
 655 62 5 3 
 76 758 2 3 
 8 344 2 2 
 655 62 5 3 
 76 758 2 3 
 8 344 2 2 
 655 62 5 3 
 76 758 2 3 
 28 416 2 3 
 655 62 5 3 
 61 757 3 2 
 0 399 2 1 
 655 62 5 3 
 41 742 2 2 
 0 401 2 2 
 655 62 5 3 
 81 725 1 2 
 656 62 4 3 
 81 725 1 2 
