 1595 825 1 2 
 1617 833 2 2 
 1648 834 2 2 
 1531 835 3 3 
 1537 837 2 2 
 1652 844 2 1 
 1638 863 2 3 
 1648 864 1 2 
 1635 868 9 10 
 1595 825 1 2 
 1617 833 2 2 
 1648 834 2 2 
 1531 836 2 1 
 1602 836 2 3 
 1537 837 2 2 
 1539 844 1 3 
 1652 844 2 1 
 1543 846 2 3 
 1646 858 2 3 
 1628 860 3 2 
 1657 869 2 2 
 1635 869 9 9 
 1595 825 1 2 
 1640 825 2 2 
 1619 831 1 2 
 1617 833 2 2 
 1531 836 2 1 
 1602 836 2 3 
 1537 837 2 2 
 1633 839 2 1 
 1646 870 3 8 
 1651 843 3 3 
 1539 844 1 4 
 1634 868 10 10 
 1637 870 3 3 
 1543 846 2 3 
 1634 862 2 1 
 1567 862 2 2 
 1627 860 4 2 
 1646 858 2 3 
 1633 839 2 1 
 1595 825 1 2 
 1619 831 1 2 
 1617 833 2 4 
 1652 834 3 3 
 1652 834 3 3 
 1647 835 3 2 
 1531 836 3 3 
 1602 836 2 3 
 1646 872 2 6 
 1621 871 2 1 
 1615 871 2 3 
 1633 839 2 2 
 1634 869 9 9 
 1650 843 3 4 
 1536 844 4 3 
 1653 867 2 1 
 1643 867 1 2 
 1522 848 2 1 
 1646 859 1 2 
 1567 862 2 2 
 1629 860 2 2 
 1595 825 1 2 
 1619 831 1 2 
 1618 834 1 3 
 1647 835 3 2 
 1652 835 3 2 
 1531 836 3 3 
 1602 836 2 3 
 1633 839 2 2 
 1629 877 1 2 
 1536 844 1 2 
 1646 873 2 5 
 1622 873 3 1 
 1640 872 3 4 
 1621 871 2 1 
 1615 871 2 3 
 1634 870 6 3 
 1650 844 2 3 
 1600 869 1 2 
 1522 848 2 1 
 1646 859 1 2 
 1567 862 2 2 
 1629 860 2 2 
 1595 825 1 2 
 1618 834 1 3 
 1647 835 3 2 
 1654 835 1 2 
 1531 836 3 3 
 1602 836 2 3 
 1633 839 2 2 
 1651 844 1 3 
 1628 860 3 2 
 1567 862 2 2 
 1622 879 2 2 
 1617 879 2 2 
 1609 879 1 2 
 1629 877 1 2 
 1605 877 2 2 
 1646 874 2 4 
 1622 873 3 1 
 1640 872 3 4 
 1621 871 2 1 
 1615 871 2 3 
 1624 865 2 2 
 1633 869 6 4 
 1600 869 1 2 
 1643 867 1 2 
 1619 831 1 2 
 1591 832 2 2 
 1617 834 2 3 
 1653 834 2 3 
 1647 835 3 2 
 1531 837 3 2 
 1633 839 2 2 
 1536 844 1 2 
 1651 844 1 2 
 1539 846 2 2 
 1629 881 3 3 
 1622 879 2 2 
 1617 879 2 2 
 1608 878 2 3 
 1543 848 1 2 
 1629 877 1 2 
 1604 876 3 3 
 1646 875 2 1 
 1640 873 3 3 
 1615 872 2 2 
 1628 860 3 2 
 1621 871 2 1 
 1580 861 1 3 
 1567 862 2 2 
 1633 869 5 4 
 1643 867 1 2 
 1593 825 3 2 
 1619 831 1 2 
 1654 834 1 3 
 1617 835 2 2 
 1531 838 2 1 
 1633 839 2 2 
 1647 884 1 2 
 1601 883 1 2 
 1536 844 1 2 
 1629 881 3 3 
 1651 844 1 2 
 1539 846 2 2 
 1617 879 2 2 
 1604 876 6 4 
 1646 875 2 1 
 1542 848 2 3 
 1640 874 1 2 
 1622 873 3 1 
 1614 873 2 4 
 1621 871 2 1 
 1587 854 2 2 
 1647 869 1 3 
 1633 869 4 4 
 1634 870 3 3 
 1607 856 1 2 
 1643 867 1 2 
 1628 860 3 2 
 1580 861 1 3 
 1584 861 2 2 
 1567 862 2 2 
 1619 831 1 2 
 1654 834 1 3 
 1617 835 2 2 
 1531 838 2 1 
 1647 888 1 3 
 1633 838 2 3 
 1646 884 2 3 
 1600 883 2 3 
 1629 881 2 2 
 1649 880 2 2 
 1617 879 2 2 
 1620 840 2 1 
 1536 844 5 5 
 1604 876 6 5 
 1646 875 2 1 
 1640 874 1 2 
 1542 849 2 2 
 1614 873 2 4 
 1607 856 1 2 
 1621 871 2 1 
 1580 861 1 3 
 1584 861 2 2 
 1633 869 4 3 
 1599 869 2 1 
 1643 867 1 2 
 1654 835 1 2 
 1617 836 2 1 
 1531 838 2 1 
 1620 840 2 1 
 1536 844 5 4 
 1604 894 2 1 
 1587 854 2 2 
 1655 889 2 5 
 1647 888 1 3 
 1646 884 2 3 
 1600 883 2 3 
 1629 882 2 1 
 1607 856 1 2 
 1617 879 2 2 
 1584 861 2 2 
 1580 862 1 2 
 1604 876 6 5 
 1643 867 1 2 
 1640 874 1 2 
 1599 869 2 1 
 1634 870 3 2 
 1614 873 2 4 
 1621 871 2 1 
 1591 832 2 2 
 1617 836 2 1 
 1531 837 2 2 
 1620 840 2 1 
 1539 846 1 2 
 1607 856 1 2 
 1584 861 2 2 
 1580 862 1 2 
 1642 867 2 2 
 1634 870 3 2 
 1606 896 3 2 
 1604 894 2 1 
 1621 871 2 1 
 1614 873 3 4 
 1640 874 1 2 
 1655 889 2 5 
 1604 876 6 4 
 1649 880 2 2 
 1600 883 2 3 
 1587 832 1 2 
 1591 832 2 2 
 1653 835 2 3 
 1693 913 1 2 
 1625 904 2 3 
 1617 836 2 1 
 1647 836 1 2 
 1531 837 2 1 
 1587 854 1 2 
 1655 889 2 5 
 1607 856 1 2 
 1584 861 2 2 
 1600 883 2 3 
 1580 862 1 2 
 1649 880 2 2 
 1608 878 2 2 
 1604 876 3 3 
 1643 867 1 2 
 1614 873 2 4 
 1683 993 4 4 
 1670 993 1 2 
 1722 983 2 2 
 1721 981 2 2 
 1714 968 1 2 
 1587 832 1 2 
 1693 913 1 2 
 1591 832 2 2 
 1652 835 3 3 
 1633 840 2 1 
 1607 896 2 2 
 1655 890 2 4 
 1607 856 1 2 
 1584 861 2 2 
 1600 883 2 3 
 1580 862 1 2 
 1643 867 1 2 
 1599 869 2 1 
 1605 876 2 3 
 1614 874 2 3 
 1587 832 1 2 
 1683 994 4 3 
 1722 983 2 2 
 1584 861 2 2 
 1643 867 1 2 
 1614 874 2 2 
 1714 968 1 2 
 1605 876 2 3 
 1604 894 2 1 
 1607 896 2 2 
 1625 904 2 3 
 1693 913 1 2 
 1659 1002 3 2 
 1683 994 4 3 
 1675 988 3 3 
 1722 983 2 2 
 1720 982 2 2 
 1681 979 2 2 
 1714 967 1 3 
 1721 957 2 1 
 1724 954 2 2 
 1625 904 2 3 
 1660 1005 2 1 
 1659 1002 3 2 
 1683 994 4 3 
 1675 988 3 3 
 1722 983 2 2 
 1720 982 2 2 
 1681 979 2 3 
 1713 967 2 3 
 1721 957 2 2 
 1724 954 2 3 
 1681 1028 5 5 
 1710 1007 2 1 
 1692 963 2 1 
 1671 942 2 2 
 1718 1069 2 2 
 1672 1029 2 2 
 1685 1078 2 2 
 1710 1068 2 2 
 1672 1031 2 1 
 1685 1078 1 2 
 1688 1069 2 2 
 1710 1068 2 2 
 1705 1066 3 3 
 1654 1062 3 1 
 1722 1046 4 3 
 1685 1078 1 2 
 1688 1069 2 2 
 1710 1068 2 2 
 1704 1066 4 3 
 1732 1056 2 2 
 1741 1051 2 2 
 1748 1047 2 2 
 1685 1078 1 2 
 1696 1073 3 2 
 1709 1072 1 2 
 1688 1069 2 2 
 1704 1066 4 3 
 1734 1060 4 2 
 1732 1056 2 2 
 1741 1051 3 5 
 1747 1048 2 1 
 1733 1076 2 2 
 1696 1073 2 2 
 1709 1072 1 2 
 1704 1066 4 3 
 1735 1060 3 2 
 1732 1056 2 2 
 1741 1051 3 5 
 1706 1050 1 2 
 1733 1076 2 2 
 1696 1073 3 3 
 1704 1066 4 3 
 1735 1060 2 2 
 1732 1056 2 3 
 1741 1051 3 4 
 65 216 2 2 
 1696 1073 3 3 
 4 552 1 2 
 65 216 2 2 
 4 552 1 2 
 1705 1067 1 2 
 65 216 2 2 
 13 557 1 2 
 1689 922 1 2 
 65 216 2 2 
 13 557 1 2 
 1069 1060 3 2 
 65 216 2 2 
 0 419 2 1 
 1519 848 2 2 
 1058 1061 2 1 
 18 358 2 1 
 1072 1072 2 2 
 1653 866 2 1 
 0 308 2 2 
 1669 943 2 2 
 61 284 2 1 
 1073 1073 1 2 
 61 284 2 1 
 1090 1062 1 2 
 658 65 2 2 
 61 284 2 1 
 1072 1073 2 2 
 647 62 3 3 
 1072 1073 2 2 
 61 284 2 1 
 1518 849 2 2 
 647 62 3 3 
 1072 1074 2 1 
 61 284 2 1 
 647 62 3 3 
 1072 1074 2 1 
 0 307 2 2 
 53 519 2 1 
 647 62 3 3 
 1075 1075 3 3 
 0 307 2 2 
 53 519 2 1 
 647 62 3 3 
 1072 1074 2 1 
 0 307 2 2 
 53 519 2 1 
 647 62 3 3 
 1072 1074 2 1 
 3 328 2 2 
 70 599 2 1 
 647 62 3 3 
 1069 1070 2 2 
 70 599 2 1 
 647 62 3 3 
 1072 1074 2 2 
 1681 980 1 2 
 67 189 2 1 
 31 636 2 3 
 1681 980 1 2 
 1091 1062 2 1 
 64 215 3 1 
 1663 1001 2 2 
 1663 1001 2 2 
 8 561 2 2 
 1668 940 1 2 
 8 561 2 2 
 1668 940 2 2 
 20 296 1 2 
 1660 1005 2 1 
 8 542 2 5 
 1709 1004 3 2 
 8 542 2 5 
 1645 1073 2 1 
 59 284 3 2 
 1645 1073 2 1 
 78 614 2 2 
 78 614 2 2 
 75 613 2 2 
 75 613 2 2 
 75 613 2 2 
 75 613 2 2 
 2 403 2 2 
 78 614 2 2 
 2 403 2 2 
 83 622 2 2 
 2 403 2 2 
 75 692 1 2 
 6 401 2 1 
 83 623 2 4 
 1668 936 2 2 
 6 401 2 1 
 1647 988 2 2 
 83 624 2 2 
 1624 1069 2 2 
 6 401 2 1 
 83 624 3 4 
 1624 1069 2 2 
 61 284 1 2 
 1 561 5 3 
 17 321 2 2 
 1647 988 2 2 
 60 523 1 2 
 1647 988 2 2 
 58 462 2 6 
 57 462 3 6 
 1647 988 2 2 
 83 728 2 4 
 16 402 3 3 
 72 750 1 2 
 16 402 3 3 
 64 751 2 3 
 43 380 1 2 
 69 603 2 3 
 56 250 2 2 
 27 537 2 1 
 55 209 2 2 
 16 520 1 2 
 55 209 2 2 
 16 520 1 2 
 55 209 2 3 
 15 520 2 2 
 47 215 2 2 
 77 752 2 2 
 15 520 2 2 
 26 268 1 2 
 65 753 3 2 
 47 215 2 2 
 77 752 2 2 
 16 490 1 2 
 26 268 1 2 
 65 753 2 2 
 0 320 1 2 
 40 782 2 2 
 25 410 2 3 
 57 743 2 1 
 32 497 4 4 
 66 732 2 3 
 665 63 3 3 
 49 753 2 1 
 15 521 1 2 
 665 63 3 3 
 49 753 2 1 
 15 303 2 2 
 665 63 3 3 
 14 303 3 3 
 75 744 2 1 
 665 63 3 3 
 43 264 2 2 
 75 744 2 1 
 665 63 3 3 
 43 264 2 3 
 77 749 2 2 
 665 63 3 3 
 43 264 2 3 
 76 748 1 2 
