 46 504 1 2 
 36 510 2 2 
 34 526 1 3 
 32 532 3 4 
 36 510 3 2 
 34 526 1 3 
 32 533 3 3 
 36 508 3 4 
 34 526 1 3 
 32 533 3 3 
 54 553 2 2 
 33 614 1 3 
 59 584 2 2 
 74 677 1 2 
 78 698 1 2 
 59 782 2 2 
 52 793 2 4 
 65 799 2 4 
 64 795 2 2 
 40 658 2 1 
 84 744 1 2 
 71 867 1 3 
 65 799 2 4 
 55 796 2 3 
 10 825 3 3 
 65 799 2 4 
 67 916 1 2 
 67 916 1 2 
 93 969 4 5 
 31 534 3 4 
 108 972 4 4 
 31 535 7 3 
 123 974 4 4 
 33 535 5 3 
 139 977 4 4 
 33 535 5 3 
 156 979 4 4 
 36 512 3 4 
 173 981 5 3 
 36 512 3 4 
 56 915 1 3 
 37 768 2 2 
 32 770 1 2 
 650 76 2 2 
 59 838 3 3 
 650 76 2 2 
 56 915 1 3 
 650 76 2 2 
 43 795 2 1 
 650 76 2 2 
 45 790 2 3 
 650 76 2 2 
 45 790 3 3 
 650 76 2 2 
 45 790 3 3 
 650 76 2 2 
 33 777 1 2 
 650 76 2 2 
 33 777 1 2 
 45 790 3 3 
 74 692 1 2 
 48 732 2 1 
 48 732 2 1 
 48 732 2 1 
 48 732 2 1 
 48 732 2 1 
 35 775 2 2 
 68 869 2 2 
 68 869 2 2 
 72 888 2 2 
 23 408 2 1 
 23 408 2 1 
 29 319 2 2 
 29 244 2 3 
 59 215 2 2 
 656 61 2 2 
 66 738 2 1 
 30 300 3 1 
 656 61 2 2 
 66 738 2 3 
 27 272 2 1 
 656 61 2 2 
 66 738 2 3 
 15 268 1 2 
 656 61 2 2 
 84 761 2 1 
 15 268 1 2 
 656 61 2 2 
 82 760 4 3 
 15 268 1 2 
 656 61 2 2 
 82 760 4 3 
 15 268 1 2 
 656 61 2 2 
 66 738 2 3 
 15 268 1 2 
 656 61 2 2 
 66 738 2 3 
 32 300 1 2 
 59 221 2 2 
 0 431 2 1 
 59 221 2 2 
 56 249 2 2 
 56 249 2 2 
 56 249 2 2 
 894 928 2 1 
