 302 858 3 5 
 301 872 3 4 
 301 885 3 7 
 302 900 3 3 
 301 900 4 4 
 302 911 3 6 
 305 925 2 2 
 306 937 2 3 
 308 947 3 5 
 309 958 3 4 
 311 970 2 5 
 311 980 4 6 
 312 992 4 5 
 314 1014 4 5 
 316 1027 4 4 
 318 1039 3 2 
 326 1076 2 4 
 518 52 2 2 
 523 50 2 5 
 523 50 2 5 
 523 50 2 5 
 1039 1068 8 4 
 1039 1068 8 5 
 1039 1068 8 5 
 1039 1068 5 4 
 1039 1068 5 5 
 1045 1069 2 4 
 1045 1070 2 3 
 1045 1070 2 3 
 519 36 4 4 
 1045 1070 2 3 
 520 36 3 4 
 1039 1071 2 1 
 520 36 3 4 
 1039 1071 2 1 
 520 36 3 4 
 1044 1070 2 1 
 520 36 3 4 
 1039 1070 8 4 
 520 36 3 4 
 520 36 3 4 
 1039 1070 7 4 
 520 36 3 4 
 1040 1065 3 1 
 1040 1065 2 1 
 1040 1065 2 1 
 1039 1064 3 2 
