 280 100 6 8 
 279 103 6 8 
 278 106 6 7 
 277 109 5 7 
 276 112 6 8 
 276 116 5 7 
 275 119 6 6 
 274 121 7 6 
 273 124 7 6 
 273 127 7 6 
 273 129 6 6 
 273 132 6 5 
 273 134 6 6 
 273 137 6 6 
 273 139 6 7 
 273 142 5 7 
 272 146 5 9 
 268 153 6 5 
 1789 710 12 21 
 1816 715 5 8 
 717 1032 2 2 
 653 74 2 2 
 653 74 2 2 
 653 74 2 2 
 653 74 2 2 
 579 564 3 5 
 653 74 2 2 
 653 74 2 2 
 653 74 2 2 
 653 74 2 2 
 208 145 7 8 
 579 563 2 3 
 196 144 7 8 
 656 62 3 2 
 656 62 3 2 
 656 62 3 2 
 656 62 3 2 
 656 62 3 2 
 656 62 3 2 
 656 62 3 2 
 656 62 3 2 
 168 147 6 7 
 165 148 7 6 
 163 149 7 6 
 160 150 8 6 
 158 151 7 7 
 156 153 7 6 
 154 154 6 7 
 152 156 6 6 
 150 158 5 6 
 143 160 7 9 
 140 162 8 8 
 138 163 7 9 
 135 166 8 7 
 132 168 8 7 
 130 169 7 8 
 127 170 7 8 
 668 61 2 1 
 668 61 2 1 
 668 61 2 1 
 668 61 2 1 
 668 61 2 1 
 668 61 2 1 
 668 61 2 1 
 100 185 7 8 
 97 187 7 7 
 93 190 8 7 
 91 191 7 8 
 88 193 6 10 
