 77 738 2 1 
 70 783 2 2 
 68 792 1 2 
 59 770 3 4 
 59 773 2 1 
 69 782 2 3 
 62 824 2 2 
 62 878 2 2 
 60 970 1 2 
 61 973 2 2 
 59 771 3 2 
 59 771 3 2 
 68 793 2 2 
 59 771 3 2 
 68 793 2 2 
 65 810 2 2 
 69 864 2 3 
 107 978 2 2 
 62 878 2 1 
 55 887 3 2 
 81 974 2 1 
 56 887 2 2 
 60 771 2 2 
 94 991 4 3 
 96 991 2 2 
 58 772 2 1 
 77 737 2 2 
 77 737 2 2 
 77 737 2 2 
 1631 956 2 1 
 77 737 2 2 
 1631 956 2 2 
 41 719 2 1 
 1631 956 2 2 
 41 719 2 1 
 1647 957 2 2 
 43 721 2 2 
 55 579 1 2 
 55 579 1 2 
 55 579 1 2 
 55 579 1 2 
 665 63 1 2 
 55 579 1 2 
 665 63 1 2 
 54 580 1 2 
 665 63 1 2 
 39 953 3 2 
 79 656 3 2 
 665 63 1 2 
 1590 949 1 2 
 54 580 1 2 
 665 63 1 2 
 54 580 1 2 
 1590 949 1 2 
 665 63 1 2 
 48 728 1 2 
 1590 949 1 2 
 665 63 1 2 
 1507 997 1 2 
 665 63 1 2 
 1507 997 1 2 
 1505 998 4 4 
 1505 998 4 4 
 60 876 2 2 
 1555 1020 4 2 
 65 797 1 2 
 64 796 3 3 
 58 743 2 1 
 1505 998 4 4 
 64 796 3 3 
 1556 1020 3 2 
 64 796 3 3 
 64 796 3 3 
 64 796 2 3 
 64 796 2 3 
 65 796 1 2 
 1422 1003 2 1 
 1446 845 2 1 
 0 812 4 4 
 0 812 4 4 
 1 813 3 3 
 1 813 3 3 
 67 828 4 3 
 57 740 2 1 
 57 740 2 1 
 57 740 2 1 
 67 774 2 1 
 67 774 2 1 
 67 774 2 1 
 651 76 2 1 
 48 492 2 1 
 433 807 2 1 
 651 76 2 1 
 54 578 1 2 
 433 806 3 3 
 1507 1072 2 1 
 85 607 1 2 
 59 870 2 2 
 74 408 2 1 
 476 788 2 2 
 74 408 2 1 
 476 788 2 2 
 53 465 2 1 
 82 953 2 2 
 40 383 2 1 
 84 606 2 3 
 414 811 6 5 
