 1892 477 14 9 
 1879 480 16 8 
 1872 484 12 8 
 1860 489 13 9 
 1847 494 15 11 
 1837 501 14 15 
 1827 513 12 15 
 1820 525 11 19 
 1816 538 9 22 
 1816 556 7 20 
 1819 575 8 19 
 1824 593 11 22 
 1833 613 14 22 
 1833 614 3 3 
 1846 632 16 21 
 1846 633 3 3 
 1861 654 18 15 
 1880 671 16 12 
 1904 688 8 5 
 1899 683 5 5 
 1917 692 3 5 
 1881 768 2 2 
 1869 779 2 1 
 1862 783 3 3 
 1847 799 2 3 
 1841 805 2 2 
 1833 819 2 2 
 1818 840 4 4 
 1810 857 4 4 
 1805 881 2 2 
 1797 912 5 6 
 1800 902 4 4 
 1790 922 9 17 
 1773 946 10 10 
 1780 946 3 3 
 1768 949 9 9 
 1764 951 9 11 
 1757 959 11 12 
 1750 970 10 13 
 1744 984 9 15 
 1740 1001 6 14 
 1736 1026 2 1 
 1717 1043 11 13 
 1709 1070 3 2 
 493 42 3 3 
 493 42 3 3 
 493 42 3 3 
 493 42 3 3 
 493 42 3 3 
 1422 180 3 3 
