 33 605 1 2 
 68 637 1 3 
 77 674 2 1 
 66 640 3 5 
 37 755 2 2 
 66 641 3 3 
 66 641 3 4 
 63 671 2 3 
 77 679 1 2 
 36 757 2 2 
 77 679 1 2 
 68 672 1 2 
 34 765 3 3 
 68 672 1 2 
 64 733 2 2 
 34 766 2 2 
 41 776 2 1 
 69 790 2 1 
 41 778 2 2 
 68 787 2 2 
 69 787 1 2 
 4 303 2 2 
 62 666 2 2 
 4 303 2 2 
 62 665 2 3 
 4 303 2 2 
 62 665 1 2 
 4 303 2 2 
 71 682 2 2 
 4 303 2 2 
 46 650 1 2 
 4 303 2 2 
 46 650 1 2 
 4 303 2 2 
 70 739 3 3 
 37 656 3 4 
 37 656 3 4 
 71 638 2 1 
 65 633 2 2 
 64 633 4 3 
 64 633 4 3 
 64 633 4 3 
 66 667 2 3 
 64 634 2 2 
 43 280 2 3 
 43 280 2 3 
 43 280 2 3 
 43 280 2 3 
 51 904 2 2 
 51 904 2 2 
 51 904 2 2 
 657 64 4 3 
 68 672 1 2 
 657 64 4 3 
 68 672 1 2 
 657 64 4 3 
 657 64 4 3 
 49 740 4 4 
 657 64 4 3 
 657 64 4 3 
 49 741 4 4 
 657 64 4 3 
 49 742 4 3 
 657 64 4 3 
 49 777 1 2 
 79 682 2 2 
 47 618 3 2 
 25 388 2 2 
 80 682 1 2 
 25 388 2 2 
 26 387 2 2 
 53 780 1 2 
 26 387 2 2 
 69 684 2 2 
 67 783 1 3 
 76 786 1 2 
 69 683 5 6 
 69 683 5 6 
 69 683 5 7 
 69 684 5 6 
 69 684 5 6 
 69 684 5 6 
 69 685 5 5 
 44 652 1 2 
 665 69 3 3 
 70 741 3 3 
 665 69 3 3 
 70 741 3 3 
 665 69 3 3 
 70 741 3 3 
 665 69 3 3 
 665 69 3 3 
 665 69 3 3 
 665 69 3 3 
 665 69 3 3 
 11 394 2 1 
 10 393 3 3 
