 73 609 2 1 
 56 640 4 3 
 73 609 2 2 
 61 637 3 3 
 61 637 3 3 
 65 686 2 2 
 61 637 3 3 
 65 686 2 2 
 75 691 1 2 
 57 721 2 3 
 72 730 2 2 
 52 733 1 2 
 52 733 1 2 
 65 685 2 3 
 75 691 1 2 
 657 61 4 4 
 100 986 1 2 
 657 61 4 4 
 99 982 3 3 
 657 61 4 4 
 83 988 2 1 
 657 61 4 4 
 83 988 2 1 
 657 61 4 4 
 83 988 2 1 
 657 61 4 4 
 83 988 2 1 
 103 982 6 5 
 60 887 1 2 
 60 887 1 2 
 60 887 1 2 
 89 967 2 1 
 107 982 2 3 
 93 971 2 2 
 93 971 2 2 
 93 971 2 2 
 93 971 2 2 
 93 971 2 2 
 93 971 2 2 
 93 971 2 2 
 666 62 2 1 
 666 62 2 1 
 716 1047 3 2 
 666 62 2 1 
 723 1045 2 2 
 666 62 2 1 
 666 62 2 1 
 666 62 2 1 
 666 62 2 1 
 666 62 2 1 
