 1013 400 3 8 
 1038 428 2 1 
 1049 407 2 1 
 1028 412 3 2 
 1019 420 1 2 
 1023 396 13 10 
 1023 396 6 10 
 1030 397 4 2 
 1030 400 6 5 
 1023 396 6 6 
 1030 397 4 2 
 1037 398 2 2 
 1016 399 3 2 
 1030 400 5 3 
 1023 402 4 4 
 1007 405 4 6 
 1035 405 2 2 
 1015 397 3 3 
 1015 396 5 5 
 1023 396 6 6 
 1030 397 2 2 
 1031 400 5 5 
 1022 403 5 3 
 1006 405 5 7 
 1032 406 2 1 
 1015 397 3 3 
 1015 396 5 6 
 1022 396 7 11 
 1030 397 2 2 
 1031 402 5 1 
 1007 407 3 3 
 1007 405 5 9 
 1032 412 2 2 
 1032 406 2 1 
 1016 396 3 3 
 1015 397 3 3 
 1015 395 5 7 
 1022 396 7 11 
 1030 397 2 2 
 1033 397 1 2 
 1032 406 2 1 
 1007 407 5 7 
 1032 412 2 2 
 1024 413 4 3 
 1015 395 4 6 
 1021 396 8 11 
 1030 396 2 3 
 1017 401 2 2 
 1018 403 2 4 
 1008 407 4 7 
 1032 412 2 2 
 1024 413 3 2 
 1028 416 2 2 
 1016 399 4 3 
 1018 399 5 5 
 1014 395 15 14 
 1030 396 2 3 
 1009 409 2 3 
 1024 413 3 2 
 1010 417 2 2 
 1012 422 23 12 
 1028 417 3 2 
 1016 399 4 3 
 1018 399 4 5 
 1020 402 4 5 
 1015 395 9 14 
 1012 423 21 9 
 1021 396 5 4 
 1027 396 2 3 
 1028 417 4 2 
 1010 417 2 2 
 1030 396 2 3 
 1024 413 3 2 
 1026 402 1 3 
 1020 409 3 2 
 1028 428 4 4 
 1011 421 8 8 
 1035 430 2 2 
 1024 429 1 2 
 1035 430 2 2 
 649 63 2 2 
 1032 428 5 3 
 649 63 2 2 
 1016 424 3 2 
 649 63 2 2 
 1030 427 6 3 
 649 63 2 2 
 1027 430 3 1 
 658 74 2 1 
 1026 431 8 2 
 658 74 2 1 
 1033 429 3 1 
 1024 426 2 1 
 1017 424 2 3 
 1044 417 1 2 
 1044 417 1 2 
 1431 776 3 3 
 1029 427 3 2 
 1044 417 1 2 
 1017 419 2 2 
 1017 417 2 1 
 1039 419 5 4 
 1026 417 4 2 
 1039 420 3 3 
 1039 419 4 4 
 1029 399 2 2 
 1022 425 2 2 
 1009 407 1 2 
 1025 427 1 2 
 1025 427 1 2 
 1007 405 4 9 
 1007 405 4 9 
 1007 407 4 7 
 1009 407 4 5 
 1012 409 1 2 
 1031 425 3 3 
 1031 425 3 3 
 1021 420 2 2 
 1017 420 6 5 
 1018 419 2 1 
 1016 419 6 7 
 199 273 2 2 
 1016 419 4 3 
 1032 429 2 1 
 1040 433 1 2 
 198 276 2 2 
 198 276 2 2 
 598 247 2 1 
 198 276 2 2 
 198 276 2 2 
 668 75 2 2 
 198 276 2 2 
 668 75 2 2 
 1042 412 2 2 
 668 75 2 2 
 668 75 2 2 
 668 75 2 2 
 668 75 2 2 
 1008 407 2 2 
 1007 405 3 6 
 1007 408 3 3 
 1007 408 2 3 
 1008 407 2 2 
 1008 407 2 2 
 191 275 3 4 
 1017 419 3 1 
 1017 419 3 1 
 1017 419 2 1 
 1017 419 2 1 
