 649 80 2 2 
 38 391 3 5 
 75 412 2 2 
 41 402 2 2 
 38 391 3 5 
 47 381 2 3 
 57 382 3 3 
 57 382 3 3 
 57 475 1 2 
 38 391 3 2 
 41 402 2 2 
 72 412 5 2 
 69 415 3 2 
 54 502 2 1 
 57 474 1 3 
 58 450 1 2 
 67 412 10 5 
 55 445 2 1 
 57 575 1 2 
 36 507 2 1 
 45 381 6 4 
 75 600 2 3 
 56 585 1 2 
 34 396 3 2 
 77 636 6 5 
 79 620 2 2 
 81 729 4 4 
 82 729 3 3 
 75 726 2 1 
 80 721 1 2 
 74 702 4 6 
 76 634 6 8 
 77 637 3 3 
 82 623 3 3 
 66 757 3 3 
 75 752 1 2 
 51 745 2 1 
 50 742 2 2 
 72 738 2 1 
 74 736 2 2 
 81 729 4 4 
 82 729 3 3 
 75 726 2 1 
 80 721 1 2 
 74 702 4 5 
 76 634 6 8 
 66 757 3 3 
 75 752 1 2 
 50 742 2 2 
 74 736 4 3 
 81 729 4 4 
 82 729 3 3 
 75 725 2 2 
 80 721 1 2 
 76 705 2 2 
 74 702 2 2 
 67 758 2 1 
 75 752 1 2 
 50 742 2 2 
 76 738 2 1 
 81 729 4 3 
 82 729 3 3 
 75 725 2 2 
 80 721 1 2 
 67 758 1 2 
 38 177 2 2 
 79 633 1 2 
 65 194 2 2 
 33 253 2 1 
 26 331 2 1 
 44 379 3 2 
 1503 994 3 3 
 44 380 3 2 
 44 380 3 1 
 44 380 3 1 
 665 63 3 2 
 665 63 3 2 
 665 63 3 2 
 1630 929 2 2 
 665 63 3 2 
 1630 929 2 2 
 665 63 3 2 
 1630 929 2 2 
 665 63 3 2 
 1691 989 2 2 
 1250 736 4 6 
 1275 735 3 1 
 1515 694 4 4 
 1515 691 2 3 
 1515 691 2 3 
 1515 691 2 3 
 1515 691 2 3 
 1515 691 2 3 
 1515 691 2 3 
 1515 691 2 3 
 1516 692 1 2 
 1468 1045 3 3 
 1516 692 1 2 
 1535 921 1 2 
 1250 728 2 2 
 1484 973 3 3 
 1544 1070 2 2 
 1540 1075 3 5 
 624 61 4 7 
 1541 1075 2 1 
 624 61 4 7 
 1541 1075 2 1 
 624 61 4 7 
 624 61 4 7 
 624 61 4 7 
 625 61 3 5 
 625 61 3 5 
 625 61 3 5 
 625 61 3 5 
 1485 973 3 4 
 653 64 2 1 
 653 64 2 1 
 653 64 2 1 
 653 64 2 1 
 653 64 2 1 
