 1011 1042 1 2 
 989 1049 1 2 
 993 1069 1 2 
 978 1058 3 2 
 981 1032 3 3 
 981 1032 3 3 
 1030 1046 2 1 
 1024 1050 2 3 
 1014 1032 1 2 
 1030 1046 2 1 
 1023 1048 3 5 
 978 1058 1 2 
 1006 1059 1 2 
 1014 1032 1 2 
 1030 1046 2 2 
 1023 1049 3 4 
 1038 1065 2 2 
 1006 1059 1 2 
 1020 1037 2 2 
 993 1045 2 2 
 1030 1046 2 2 
 1023 1049 3 4 
 1042 1067 1 2 
 1037 1065 3 2 
 944 1054 1 2 
 1020 1036 2 3 
 993 1045 2 2 
 1030 1046 2 2 
 992 1068 2 5 
 1023 1049 3 4 
 1037 1065 3 2 
 944 1054 1 2 
 975 1071 2 2 
 1020 1037 2 2 
 993 1045 2 2 
 1030 1046 2 2 
 992 1068 2 5 
 1024 1050 2 3 
 1037 1065 3 2 
 993 1045 2 2 
 1019 1072 2 2 
 944 1054 1 2 
 972 1063 2 1 
 1028 1078 4 2 
 994 1073 2 3 
 1028 1078 4 2 
 853 1044 2 2 
 853 1044 3 3 
 853 1045 3 2 
 853 1045 3 2 
 853 1045 3 2 
 853 1045 3 2 
 874 1029 2 1 
 874 1029 2 1 
 852 1045 5 3 
 874 1029 2 1 
 852 1045 3 2 
 834 1054 1 2 
 902 1063 2 2 
 996 1069 1 2 
 902 1063 2 2 
 902 1064 2 1 
 871 1031 3 1 
 831 1065 2 3 
 897 1072 5 4 
 495 35 3 3 
 495 35 3 3 
 495 35 3 3 
 495 35 3 3 
 897 1073 3 3 
 897 1073 3 3 
 495 35 3 3 
 897 1073 3 3 
 495 35 3 3 
 898 1074 2 2 
 494 34 11 5 
 898 1074 2 2 
 494 34 11 5 
