 31 81 3 3 
 29 82 4 3 
 28 80 8 6 
 33 86 2 3 
 31 90 2 2 
 29 95 2 2 
 7 96 18 10 
 31 81 3 3 
 27 80 7 6 
 24 87 3 4 
 31 90 3 6 
 29 93 2 1 
 29 95 2 2 
 12 97 3 3 
 0 96 25 14 
 28 81 5 4 
 31 81 3 3 
 26 83 4 3 
 26 80 8 6 
 24 89 3 3 
 23 88 4 4 
 24 93 2 2 
 32 94 2 2 
 12 97 3 3 
 17 98 4 4 
 6 99 4 3 
 12 99 3 4 
 0 95 25 15 
 28 81 5 4 
 31 81 3 3 
 27 83 3 3 
 26 84 3 3 
 24 89 3 3 
 23 80 11 12 
 40 83 3 3 
 24 93 2 2 
 10 95 3 3 
 11 96 3 3 
 0 94 15 16 
 32 94 2 2 
 17 98 4 4 
 18 100 4 5 
 13 96 12 10 
 28 81 5 4 
 31 81 3 3 
 27 83 3 3 
 26 84 3 3 
 24 89 3 3 
 24 80 10 12 
 40 83 3 3 
 24 93 2 2 
 11 96 3 3 
 0 94 15 16 
 32 94 2 2 
 17 98 5 8 
 21 99 4 4 
 14 96 11 10 
 1 114 2 2 
 31 81 3 3 
 25 80 9 7 
 40 84 2 2 
 24 87 3 5 
 11 96 3 3 
 0 93 15 17 
 24 93 2 2 
 14 97 7 6 
 21 100 4 5 
 18 104 3 2 
 31 147 1 2 
 31 81 3 3 
 1 102 3 3 
 17 97 3 2 
 30 80 4 3 
 26 82 3 3 
 7 95 3 3 
 9 96 3 3 
 11 96 3 3 
 8 97 3 3 
 32 150 2 1 
 3 98 3 3 
 4 100 3 3 
 2 101 3 3 
 1 102 3 3 
 28 146 6 13 
 31 153 3 3 
 30 152 3 3 
 28 147 4 4 
 0 93 15 13 
 17 97 3 2 
 20 99 2 2 
 23 100 2 2 
 21 102 3 3 
 30 80 4 3 
 27 82 2 2 
 7 95 3 3 
 7 93 7 7 
 17 97 3 2 
 32 148 2 3 
 0 98 8 6 
 26 147 9 14 
 30 154 3 3 
 31 153 3 3 
 30 152 3 3 
 26 150 3 3 
 27 149 3 3 
 20 98 3 3 
 21 102 2 1 
 1 104 2 2 
 27 82 2 2 
 24 87 2 3 
 32 92 2 3 
 7 95 3 3 
 7 93 7 6 
 37 96 2 2 
 26 148 10 16 
 29 155 3 3 
 30 154 3 3 
 31 153 3 3 
 30 152 3 3 
 18 97 2 2 
 31 147 1 2 
 4 98 3 3 
 21 98 2 2 
 0 99 3 5 
 1 104 2 2 
 24 87 2 2 
 32 92 2 2 
 10 95 3 3 
 26 148 10 21 
 28 157 3 3 
 29 155 3 3 
 30 154 3 3 
 31 153 3 3 
 30 152 3 3 
 8 94 7 5 
 31 147 1 2 
 21 98 3 2 
 0 101 3 4 
 29 81 2 2 
 32 92 2 2 
 10 95 2 2 
 26 150 10 21 
 29 159 3 3 
 28 157 3 3 
 30 152 4 5 
 33 148 1 2 
 14 97 3 3 
 31 147 1 2 
 14 95 5 5 
 8 98 2 2 
 21 98 3 2 
 1 101 5 4 
 29 81 2 2 
 20 94 3 4 
 16 96 3 3 
 28 150 8 16 
 30 161 3 3 
 29 159 3 3 
 33 155 3 3 
 33 148 1 2 
 31 147 1 2 
 2 102 3 2 
 3 107 1 2 
 33 155 3 3 
 29 153 7 13 
 31 162 3 3 
 29 162 3 3 
 34 86 1 2 
 33 155 3 3 
 26 159 8 14 
 27 168 3 3 
 31 164 3 3 
 31 162 3 3 
 30 154 6 6 
 34 86 1 2 
 8 101 3 3 
 4 104 2 1 
 32 154 3 3 
 32 154 4 3 
 33 158 2 2 
 29 162 3 3 
 26 159 8 16 
 26 169 3 3 
 31 164 3 3 
 31 162 3 3 
 34 86 1 2 
 7 102 3 2 
 33 155 3 2 
 33 158 2 2 
 31 164 3 3 
 27 162 7 10 
 29 173 2 2 
 7 105 1 2 
 34 155 2 2 
 31 164 3 3 
 27 163 7 10 
 29 174 2 1 
 31 175 2 2 
 19 102 2 1 
 4 107 1 2 
 31 163 3 3 
 29 169 2 1 
 26 171 2 3 
 28 174 5 5 
 33 178 2 2 
 35 183 2 2 
 35 185 3 3 
 31 186 2 2 
 69 270 1 2 
 72 265 2 1 
 69 270 1 2 
 1460 970 3 6 
 629 62 5 5 
 629 62 5 5 
 1464 934 3 3 
 629 62 5 5 
 630 62 4 4 
 630 62 4 4 
 630 62 4 4 
 1914 719 2 3 
 1914 624 3 2 
 1511 854 1 3 
 0 243 3 4 
 1455 750 2 1 
 1464 934 3 2 
 0 242 3 4 
 1464 934 3 2 
 656 72 4 2 
 1476 1011 3 2 
 24 293 4 3 
 656 72 2 1 
 1464 934 3 2 
 24 293 2 2 
 656 72 2 1 
 24 293 2 2 
 1455 750 2 1 
 656 72 2 1 
 656 72 2 1 
 656 72 2 1 
 656 72 2 1 
 656 72 2 1 
 23 206 3 3 
 1464 934 3 3 
 23 206 2 3 
 23 206 2 3 
 23 206 2 2 
 10 106 3 2 
 648 89 2 1 
 648 89 2 1 
 21 201 1 2 
 1463 934 2 2 
 1461 936 5 4 
 1461 937 5 3 
 1461 938 2 2 
 1462 938 3 3 
 652 65 3 3 
 60 949 2 2 
 652 65 3 3 
 58 949 5 6 
 652 65 3 3 
 63 951 2 2 
 652 65 3 3 
 58 949 5 5 
 652 65 3 3 
 58 949 5 5 
 652 65 3 3 
 652 65 3 3 
 652 65 3 3 
 1463 936 3 3 
 87 615 2 2 
 87 615 2 2 
 50 957 1 2 
 58 885 2 2 
 60 880 3 3 
