 64 544 1 2 
 60 542 2 1 
 64 544 1 2 
 55 546 3 3 
 60 542 2 1 
 64 544 1 2 
 55 546 3 3 
 54 549 3 2 
 54 549 3 2 
 60 564 2 1 
 87 611 5 10 
 62 613 2 1 
 54 549 3 2 
 60 563 2 2 
 62 613 2 1 
 87 613 3 2 
 89 616 2 1 
 47 488 2 2 
 54 549 2 2 
 60 563 3 3 
 55 566 1 3 
 62 612 2 2 
 73 629 2 3 
 53 448 2 1 
 31 452 2 1 
 54 546 2 2 
 54 549 2 2 
 60 564 3 2 
 62 612 2 2 
 73 630 2 2 
 28 516 3 3 
 54 547 2 4 
 61 564 3 2 
 68 574 2 1 
 74 578 2 2 
 69 596 1 2 
 62 612 2 2 
 73 629 2 3 
 62 632 1 2 
 37 637 3 4 
 68 641 3 3 
 62 612 3 3 
 62 632 1 2 
 37 637 4 5 
 68 639 3 5 
 53 669 2 4 
 37 707 2 1 
 62 717 5 3 
 63 716 2 1 
 61 712 2 3 
 70 744 2 2 
 37 723 2 1 
 62 716 3 3 
 71 744 2 2 
 49 729 2 2 
 37 723 2 1 
 71 745 2 1 
 65 744 2 2 
 78 738 1 3 
 68 729 2 2 
 49 727 4 4 
 72 726 2 2 
 71 744 2 2 
 66 742 4 3 
 78 738 2 3 
 62 737 1 2 
 76 736 2 2 
 71 734 2 1 
 60 733 3 3 
 73 729 3 3 
 68 729 1 2 
 48 728 2 3 
 41 743 3 3 
 66 741 7 4 
 64 741 2 2 
 62 737 1 2 
 71 734 2 1 
 61 734 2 2 
 75 733 5 8 
 73 729 3 3 
 71 729 1 3 
 68 729 2 2 
 41 744 3 2 
 63 738 11 9 
 66 742 3 3 
 63 739 3 3 
 77 735 3 6 
 71 734 2 1 
 60 734 3 5 
 70 744 2 1 
 41 744 3 2 
 68 742 2 1 
 63 738 6 7 
 63 739 3 3 
 48 736 2 2 
 62 735 2 4 
 41 744 4 2 
 66 743 3 2 
 68 742 2 1 
 63 739 3 3 
 78 738 1 3 
 62 736 1 3 
 48 736 2 2 
 41 744 3 2 
 66 743 1 2 
 68 742 2 1 
 78 739 1 2 
 56 375 3 3 
 917 1070 4 3 
 85 714 1 2 
 57 375 2 3 
 917 1070 4 3 
 84 608 1 3 
 53 239 2 2 
 1677 1040 2 3 
 18 485 2 3 
 34 385 3 3 
 1668 1024 2 1 
 71 592 3 5 
 61 563 3 3 
 1668 1024 2 1 
 72 405 2 2 
 37 629 4 4 
 63 592 2 2 
 1695 1019 2 2 
 665 63 5 3 
 1695 1019 2 2 
 54 710 2 3 
 665 63 3 3 
 80 600 2 2 
 665 63 3 3 
 59 582 2 3 
 665 63 3 3 
 59 736 2 2 
 665 63 3 3 
 57 582 4 3 
 665 63 3 3 
 57 582 2 2 
 665 63 3 3 
 33 520 2 2 
 665 63 3 3 
 33 520 2 1 
 583 1016 1 2 
 2 545 2 2 
 81 617 2 1 
 71 630 3 2 
 61 555 2 4 
 61 555 2 4 
 580 1018 5 3 
 58 602 3 2 
 1506 849 2 2 
 72 612 2 1 
 455 1071 2 3 
 9 373 1 2 
 577 1016 4 6 
 576 1016 5 6 
 23 352 2 1 
 576 1018 4 4 
 565 1077 4 3 
 27 330 2 2 
 34 339 3 4 
 701 1025 4 4 
 921 1069 3 3 
 34 338 4 5 
 61 564 2 2 
 37 336 4 6 
 630 1033 3 3 
 37 338 2 2 
 1493 1062 1 2 
 1493 1062 1 2 
 70 593 3 3 
 648 74 2 2 
 60 563 1 2 
 712 1037 1 2 
 648 74 2 2 
 35 289 2 1 
 693 1039 1 2 
 6 542 2 3 
 648 74 2 2 
 8 322 1 2 
 693 1038 2 3 
 60 563 4 3 
 648 74 2 2 
 47 276 1 2 
 693 1038 2 3 
 13 517 2 1 
 648 74 2 2 
 47 276 2 2 
 692 1030 2 1 
 13 523 2 2 
