 797 897 2 2 
 797 897 2 2 
 794 900 2 2 
 811 901 2 1 
 813 898 2 2 
 811 901 2 1 
 810 903 3 2 
 813 898 2 2 
 811 901 2 1 
 810 903 4 4 
 797 910 13 15 
 811 898 4 9 
 806 910 3 4 
 802 916 3 3 
 795 909 17 18 
 813 898 3 3 
 811 902 4 5 
 808 912 3 3 
 803 914 3 3 
 806 914 3 4 
 804 915 3 3 
 802 916 3 3 
 795 910 17 17 
 805 917 3 3 
 813 898 3 3 
 812 902 3 4 
 808 912 3 3 
 803 913 6 5 
 795 910 17 18 
 795 923 3 3 
 805 917 3 3 
 802 916 3 3 
 813 898 3 3 
 812 902 3 4 
 803 910 6 9 
 808 912 3 3 
 786 927 2 2 
 795 910 17 18 
 796 925 3 3 
 805 917 3 3 
 802 916 3 3 
 796 929 2 3 
 799 928 2 3 
 793 933 3 3 
 794 934 3 3 
 808 910 4 8 
 791 948 3 2 
 811 906 1 2 
 593 1044 3 2 
 593 1044 3 2 
 593 1044 3 2 
 1169 494 1 2 
 808 909 1 3 
 1169 494 1 2 
 578 1041 2 3 
 1169 494 1 2 
 808 910 2 2 
 808 910 2 2 
 808 910 2 2 
 808 910 2 2 
 808 910 2 2 
 808 910 2 2 
 808 910 2 1 
 807 911 1 2 
 783 916 2 3 
 766 930 3 9 
 764 929 3 2 
 757 922 2 2 
 756 926 7 3 
 784 931 2 2 
 785 933 2 2 
 763 932 3 1 
 760 934 6 4 
 761 935 5 4 
 761 935 5 4 
 790 934 1 2 
 763 936 3 4 
 1530 325 4 2 
 1527 324 6 4 
 1525 323 11 6 
 586 1022 2 2 
 1524 323 10 5 
 586 1022 2 2 
 1525 322 9 5 
 799 899 2 3 
 798 899 3 2 
 1526 322 7 5 
 777 911 3 3 
 775 911 3 3 
 1525 323 3 3 
 786 899 3 3 
 777 902 9 6 
 777 906 3 3 
 771 904 2 1 
 753 906 3 3 
 774 921 2 1 
 774 921 4 2 
 774 921 4 2 
 773 923 2 1 
 773 923 2 1 
 776 922 3 4 
 330 496 2 2 
 765 922 1 2 
 330 496 2 2 
 330 496 2 2 
 758 928 3 4 
 330 496 2 2 
