 42 743 2 1 
 42 743 2 1 
 56 755 2 2 
 42 743 2 1 
 56 755 2 2 
 54 762 2 1 
 42 743 2 1 
 56 755 1 2 
 57 763 2 2 
 66 800 1 2 
 60 795 1 2 
 62 826 3 3 
 60 795 1 2 
 70 849 1 2 
 68 837 2 2 
 70 848 1 3 
 74 867 2 2 
 71 859 2 2 
 70 848 1 3 
 72 854 2 3 
 50 875 4 6 
 74 867 2 2 
 71 859 2 2 
 72 854 2 3 
 62 890 2 4 
 70 848 1 3 
 72 854 2 3 
 71 859 2 2 
 74 867 2 2 
 51 877 3 3 
 50 876 4 5 
 62 890 2 4 
 77 945 3 2 
 70 848 1 3 
 72 854 2 3 
 71 859 2 2 
 73 933 1 2 
 74 867 2 2 
 50 876 4 3 
 70 848 1 3 
 62 960 2 2 
 58 957 2 2 
 55 956 1 2 
 72 854 2 2 
 77 945 4 3 
 71 859 2 2 
 52 877 2 2 
 67 887 1 2 
 73 933 1 2 
 65 926 2 1 
 67 931 2 2 
 63 931 2 2 
 68 837 2 2 
 70 848 1 3 
 78 961 2 1 
 62 960 2 2 
 58 957 3 3 
 55 956 1 2 
 80 952 2 4 
 77 944 4 4 
 72 854 2 3 
 52 877 2 2 
 80 940 1 2 
 71 933 4 2 
 64 932 2 1 
 67 931 2 2 
 65 925 2 2 
 49 923 1 3 
 70 848 1 3 
 72 854 2 2 
 50 875 4 3 
 80 963 3 4 
 49 923 2 3 
 78 960 3 2 
 58 957 6 5 
 55 956 1 2 
 80 952 4 4 
 77 944 3 3 
 65 925 2 2 
 63 930 13 6 
 72 854 2 1 
 71 971 2 4 
 50 875 4 3 
 80 963 3 4 
 49 924 2 2 
 78 960 3 2 
 60 959 5 3 
 58 957 1 2 
 55 956 1 2 
 80 952 4 4 
 81 953 3 3 
 77 944 4 3 
 65 925 2 2 
 79 939 2 1 
 73 932 3 3 
 63 929 14 7 
 74 933 3 3 
 69 981 2 3 
 70 971 4 4 
 77 960 6 6 
 60 959 5 3 
 58 956 1 3 
 55 956 1 2 
 80 952 4 4 
 77 944 4 3 
 78 944 3 3 
 80 941 2 1 
 77 938 5 2 
 79 935 2 2 
 61 923 2 1 
 63 931 2 2 
 66 929 11 6 
 73 932 3 3 
 65 925 2 2 
 49 924 2 2 
 86 989 1 2 
 95 995 2 2 
 77 993 2 2 
 104 990 2 2 
 103 994 2 2 
 95 994 3 4 
 81 991 1 2 
 91 999 1 2 
 89 997 1 2 
 95 992 3 6 
 89 997 3 4 
 87 994 2 2 
 84 993 8 7 
 67 879 3 3 
 67 879 2 3 
 67 879 2 3 
 67 879 1 2 
 80 996 2 2 
 91 998 2 1 
 91 998 2 1 
 104 980 3 3 
 103 979 4 3 
 105 980 3 3 
 96 974 13 10 
 96 974 13 8 
 96 974 13 8 
 96 974 3 1 
 664 70 6 5 
 102 988 1 2 
 664 70 6 5 
 102 988 1 2 
 664 70 6 5 
 97 981 3 1 
 664 70 6 5 
 87 986 2 2 
 664 70 6 5 
 87 986 2 2 
 664 70 6 5 
 87 986 2 2 
 664 70 6 5 
 100 988 1 2 
 665 70 5 5 
 96 992 2 3 
 96 992 2 3 
 101 978 6 4 
 96 993 2 2 
 96 993 2 3 
 98 978 4 2 
 97 978 2 1 
 96 978 5 2 
 83 981 2 3 
 83 981 2 3 
 83 982 2 2 
 98 980 2 1 
 654 73 2 2 
 654 73 2 2 
 654 73 2 2 
 654 73 2 2 
 654 73 2 2 
 654 73 2 2 
 654 73 2 2 
 654 73 2 2 
 63 817 2 2 
 47 497 4 2 
 1501 988 1 2 
 63 492 2 3 
 1501 988 1 2 
 63 493 2 2 
 1501 988 1 2 
 63 493 2 2 
 1501 988 1 2 
 46 481 1 2 
 1501 988 1 2 
 658 62 2 2 
 75 608 2 5 
 36 392 2 2 
 658 62 2 2 
 1501 988 1 2 
 75 598 2 2 
 36 392 2 2 
 658 62 2 2 
 75 598 2 2 
 36 392 2 3 
 658 62 2 2 
 69 583 3 3 
 658 62 2 2 
 36 392 2 3 
