 656 932 3 1 
 577 954 1 2 
 625 955 8 6 
 646 958 4 8 
 646 969 2 2 
 643 990 1 2 
 656 932 3 1 
 577 954 1 2 
 625 955 8 5 
 646 958 4 6 
 645 969 3 2 
 643 990 1 2 
 608 993 2 3 
 656 932 3 1 
 577 954 1 2 
 626 955 7 5 
 646 958 4 4 
 603 959 1 2 
 645 969 3 2 
 643 990 1 2 
 608 993 2 3 
 602 998 2 1 
 656 932 3 1 
 605 950 2 2 
 577 954 1 2 
 627 955 7 4 
 646 958 4 4 
 603 959 1 2 
 645 969 3 2 
 609 988 2 1 
 608 993 2 3 
 607 999 2 2 
 605 950 2 2 
 577 954 1 2 
 627 955 7 4 
 646 958 4 4 
 603 959 1 2 
 646 970 2 1 
 609 988 2 1 
 600 1003 1 2 
 607 993 3 3 
 618 1000 2 1 
 606 999 3 3 
 602 998 2 1 
 607 993 3 3 
 605 950 2 2 
 577 954 1 2 
 627 955 4 2 
 632 956 2 3 
 646 958 4 4 
 603 959 1 2 
 609 1004 3 2 
 646 970 2 1 
 609 988 2 1 
 618 1000 2 1 
 606 999 3 3 
 601 998 2 1 
 607 993 3 3 
 607 993 3 3 
 597 1014 2 2 
 635 1017 2 2 
 575 1017 5 4 
 585 1016 1 2 
 578 1017 3 3 
 677 953 3 5 
 650 960 1 3 
 609 988 2 1 
 580 1018 2 2 
 39 281 2 2 
 461 1072 4 2 
 69 653 4 6 
 39 281 2 2 
 461 1072 2 1 
 70 601 1 2 
 39 281 2 2 
 70 601 1 2 
 1570 1023 1 2 
 39 281 2 2 
 70 601 1 2 
 1551 1026 3 4 
 70 601 1 2 
 1570 1023 1 2 
 70 601 1 2 
 1569 1022 2 3 
 70 601 1 2 
 1552 1018 3 2 
 39 281 2 2 
 70 601 1 2 
 1552 1018 3 2 
 33 285 2 2 
 70 601 1 2 
 815 911 3 2 
 44 273 2 1 
 71 653 2 2 
 1552 1018 3 2 
 44 273 2 1 
 792 1071 3 3 
 74 707 1 2 
 16 246 2 2 
 787 1005 2 2 
 83 716 2 3 
 666 63 4 2 
 787 1005 2 2 
 36 275 2 1 
 70 654 2 3 
 666 63 4 2 
 36 275 2 1 
 75 992 2 1 
 666 63 4 2 
 90 995 1 2 
 32 338 1 2 
 666 63 4 2 
 90 995 3 3 
 32 338 1 2 
 666 63 4 2 
 90 995 3 3 
 45 751 2 2 
 666 63 4 2 
 102 992 2 1 
 67 750 2 3 
 666 63 4 2 
 89 995 4 4 
 45 751 2 2 
 666 63 4 2 
 89 996 4 3 
 45 735 2 1 
 89 996 4 3 
 45 735 2 1 
 78 733 2 2 
 105 986 6 5 
 45 735 2 1 
 83 990 6 5 
 84 704 2 1 
 475 909 2 4 
 84 704 2 1 
 84 704 2 1 
 708 1036 3 2 
 84 704 2 1 
 708 1036 3 2 
 84 704 2 1 
 51 964 1 2 
 84 704 2 1 
 51 964 1 2 
 84 704 2 1 
 51 964 1 2 
 84 704 2 1 
 50 963 2 3 
 48 749 2 2 
 49 752 2 2 
 50 752 1 2 
 50 752 1 2 
 706 1035 2 1 
 706 1035 2 1 
 58 803 7 3 
 56 803 9 5 
 56 803 10 5 
 707 1035 2 2 
 649 73 2 2 
 58 804 3 3 
 649 73 2 2 
 39 750 2 2 
 590 1004 3 5 
 649 73 2 2 
 50 761 2 2 
 589 1004 3 5 
 788 1073 2 2 
 649 73 2 2 
 50 761 2 2 
 649 73 2 2 
 74 713 1 2 
 589 1004 3 5 
 649 73 2 2 
 50 761 2 2 
 571 1006 2 1 
 649 73 2 2 
 50 761 2 2 
 587 1003 4 4 
 649 73 2 2 
 50 761 2 2 
 587 1003 4 4 
 49 761 3 2 
 591 1010 2 1 
 42 753 1 2 
 1510 955 3 2 
 42 753 1 2 
 591 1010 2 1 
 42 753 1 2 
 1550 1027 2 4 
 74 713 1 2 
 1773 1054 2 2 
 42 753 1 2 
 1545 1076 2 1 
 58 801 2 2 
 1545 1076 2 1 
 58 804 2 2 
 1545 1076 2 1 
 1545 1076 2 1 
 1385 920 3 2 
 1463 962 2 2 
 1463 962 2 2 
 60 802 1 2 
 1772 1041 3 3 
 1772 1041 3 3 
 1772 1041 3 3 
 1772 1041 3 4 
 666 74 4 3 
 1509 1001 3 3 
 666 74 4 3 
 1753 968 1 2 
 666 74 4 3 
 1773 1042 2 3 
 666 74 4 3 
 1567 1024 2 2 
 666 74 4 3 
 627 966 2 2 
 666 74 4 3 
 1753 968 1 2 
