 1482 972 2 2 
 1526 868 2 1 
 1534 901 4 3 
 1487 947 1 2 
 1533 898 4 7 
 1526 868 2 1 
 1534 899 3 6 
 1534 901 3 3 
 1531 919 2 2 
 1456 918 3 3 
 1482 940 2 3 
 1456 919 3 2 
 1452 954 2 2 
 1482 940 2 3 
 1457 919 2 2 
 1503 852 1 2 
 1483 969 5 4 
 1482 940 2 3 
 1457 919 2 2 
 1481 970 5 4 
 1537 967 2 3 
 1453 953 1 4 
 1503 992 1 2 
 1544 1061 4 6 
 1547 1062 4 4 
 1544 1070 2 2 
 1541 1076 4 4 
 656 66 2 1 
 432 805 3 2 
 1554 1050 3 2 
 656 66 2 1 
 487 802 2 4 
 1464 1044 4 5 
 656 66 2 1 
 82 606 2 2 
 417 807 3 3 
 1492 1042 3 2 
 656 66 2 1 
 78 589 1 2 
 1467 1045 1 3 
 488 804 1 2 
 656 66 2 1 
 1611 1044 2 3 
 78 589 1 2 
 488 804 1 2 
 656 66 2 1 
 1642 1072 2 3 
 78 589 1 2 
 478 803 2 2 
 656 66 2 1 
 478 803 2 2 
 1467 1045 4 3 
 64 450 2 2 
 417 810 2 2 
 1469 1046 1 2 
 1 377 3 2 
 599 1057 1 2 
 1435 831 2 3 
 59 279 2 1 
 1611 1043 2 3 
 26 521 2 2 
 1514 833 5 6 
 59 279 2 1 
 1611 1043 2 3 
 27 520 2 2 
 660 70 2 1 
 59 279 2 1 
 1502 1000 3 4 
 26 521 2 2 
 660 70 2 1 
 25 303 2 2 
 1502 1001 3 2 
 56 536 7 11 
 660 70 2 1 
 18 313 2 1 
 590 1029 1 2 
 60 528 2 1 
 1532 1076 8 4 
 660 70 2 1 
 8 322 1 2 
 56 540 6 6 
 660 70 2 1 
 31 362 2 2 
 81 601 4 5 
 403 1031 1 2 
 660 70 2 1 
 440 1072 2 1 
 72 576 3 3 
 660 70 2 1 
 427 1073 2 1 
 71 573 2 1 
 660 70 2 1 
 70 573 3 1 
 1446 1042 6 6 
 70 573 3 1 
 435 1068 2 2 
 15 370 1 2 
 71 573 2 1 
 592 1027 8 5 
 15 370 1 2 
 71 573 2 1 
 593 1028 3 4 
 15 370 1 2 
 598 1027 2 2 
 73 576 2 3 
 15 370 1 2 
 1447 1041 7 7 
 74 577 1 2 
 52 186 2 2 
 593 1028 3 3 
 25 440 2 1 
 52 186 2 2 
 594 1029 5 3 
 25 440 3 1 
 52 186 2 2 
 1442 1039 10 8 
 24 416 2 1 
 1443 1038 9 9 
 23 369 3 5 
 62 657 2 2 
 3 367 3 3 
 1445 1037 10 8 
 77 570 3 2 
 3 368 3 2 
 1445 1036 10 8 
 77 570 3 2 
 23 369 3 5 
 93 959 2 3 
 24 370 2 4 
 1536 1011 2 2 
 71 573 2 1 
 656 62 2 2 
 1445 1041 9 7 
 46 374 2 1 
 13 739 2 2 
 656 62 2 2 
 1448 1041 6 6 
 46 374 2 1 
 13 739 2 2 
 656 62 2 2 
 1450 1040 4 6 
 46 374 2 2 
 75 575 2 2 
 656 62 2 2 
 1451 1041 3 5 
 17 422 1 2 
 60 732 2 2 
 656 62 2 2 
 1451 1041 4 5 
 27 515 3 3 
 64 740 3 2 
 565 1015 2 2 
 81 581 2 3 
 81 581 2 3 
 563 1015 1 2 
 27 515 3 3 
 597 1030 3 1 
 58 717 2 1 
 83 604 1 3 
 597 1030 4 3 
 84 609 3 4 
 597 1029 6 5 
 46 375 2 2 
 84 707 2 2 
 597 1028 6 7 
 47 376 3 2 
 79 710 2 2 
 598 1029 5 3 
 51 728 2 1 
 599 1029 4 3 
 48 729 3 3 
 598 1029 5 3 
 68 615 2 2 
 598 1030 3 1 
 66 614 4 3 
 1537 927 1 2 
 1507 995 3 3 
 66 614 4 3 
 67 615 3 2 
 1537 927 1 2 
 67 615 2 2 
 939 1042 1 2 
 68 615 2 2 
 68 615 2 2 
 938 1043 2 2 
 941 1048 5 3 
 68 615 2 2 
 941 1048 3 2 
 72 596 2 1 
 72 593 2 4 
 947 1040 7 4 
 52 187 2 1 
 947 1040 7 4 
 86 614 2 2 
 72 594 2 2 
 950 1040 4 4 
 84 609 2 3 
 950 1040 4 4 
 84 609 3 4 
