 842 921 39 16 
 872 922 38 18 
 851 1009 2 1 
 857 1012 1 2 
 853 1020 1 2 
 853 1023 2 1 
 853 1023 2 1 
 843 1035 2 2 
 853 1020 3 4 
 843 1035 2 2 
 840 1040 2 2 
 901 1014 2 1 
 853 1020 3 6 
 843 1035 2 2 
 840 1040 2 2 
 835 1053 2 2 
 831 1054 2 2 
 901 1014 2 1 
 853 1020 3 6 
 843 1035 2 2 
 840 1040 2 2 
 835 1053 2 2 
 831 1054 2 2 
 826 1057 4 3 
 901 1014 2 1 
 853 1020 3 6 
 843 1036 2 1 
 840 1040 2 2 
 808 1064 2 2 
 826 1057 4 3 
 835 1053 2 2 
 853 1053 2 2 
 831 1054 2 2 
 853 1020 3 6 
 840 1040 2 2 
 804 1066 3 4 
 808 1064 2 2 
 826 1057 4 3 
 835 1050 5 5 
 831 1054 2 2 
 853 1053 2 2 
 833 1031 2 1 
 843 1034 2 4 
 821 1068 4 8 
 840 1040 2 2 
 803 1066 4 4 
 808 1064 2 2 
 826 1057 4 3 
 837 1050 3 3 
 835 1050 5 5 
 801 1071 3 6 
 816 1078 2 2 
 774 1078 2 1 
 812 1075 1 2 
 801 1075 3 3 
 816 1078 2 2 
 774 1077 3 3 
 816 1078 2 2 
 868 1021 3 2 
 1021 1026 2 2 
 1025 1027 2 3 
 735 1076 3 4 
 805 1069 2 2 
 805 1069 2 2 
 723 1071 2 3 
 524 36 4 4 
 524 36 4 4 
 524 36 4 4 
 524 36 4 4 
 524 36 4 4 
 524 36 4 4 
 528 43 1 2 
 517 54 2 1 
 517 54 2 1 
 517 54 2 1 
 517 54 2 1 
 517 54 2 1 
 517 54 2 1 
 517 54 2 1 
 1093 1072 1 2 
 1093 1072 1 2 
 1052 1075 3 1 
 1093 1072 1 2 
 1052 1075 2 1 
 1021 1030 4 2 
 850 1014 3 3 
 1019 1030 4 2 
 1019 1030 4 2 
 1019 1030 4 2 
 1019 1030 3 2 
 1019 1030 2 2 
 841 1038 2 1 
 521 47 2 1 
 1031 1051 2 2 
