 900 1021 3 3 
 866 1036 2 1 
 854 1041 2 2 
 869 1051 2 2 
 878 1006 3 3 
 886 1063 1 2 
 877 1012 2 2 
 866 1034 8 9 
 905 1020 2 1 
 866 1035 8 8 
 898 1031 2 2 
 874 1041 4 2 
 867 1034 7 9 
 869 1037 3 3 
 904 1031 2 1 
 904 1020 3 5 
 900 1029 2 3 
 868 1035 6 8 
 875 1040 4 3 
 871 1046 9 10 
 862 1064 4 4 
 871 1048 9 7 
 874 1040 5 3 
 871 1034 1 2 
 869 1039 3 4 
 870 1036 4 2 
 829 1072 4 5 
 836 1076 2 3 
 805 1073 7 7 
 806 1076 3 3 
 816 1079 2 1 
 843 1077 4 2 
 810 1074 10 6 
 814 1075 3 3 
 815 1074 3 3 
 814 1075 3 3 
 815 1077 3 3 
 817 1074 6 3 
 909 1012 2 2 
 913 1017 3 5 
 911 1017 6 9 
 888 1008 2 2 
 890 1009 1 2 
 890 1009 1 2 
 914 1019 3 3 
 914 1017 2 2 
 949 1078 2 2 
 916 1019 3 1 
 891 1008 1 2 
 889 1008 3 3 
 890 1006 6 6 
 890 1004 8 10 
 892 1010 3 3 
 892 1012 3 3 
 892 1010 5 5 
 894 1010 3 4 
 895 1009 4 3 
 895 1006 10 9 
 898 1011 3 3 
 900 1009 3 3 
 900 1009 3 3 
 900 1009 3 3 
 900 1009 3 3 
 898 1006 9 9 
 900 1009 3 3 
 901 1007 3 3 
 898 1007 7 11 
 900 1009 3 3 
 901 1008 3 2 
 899 1008 3 1 
 898 1008 3 2 
 899 1011 2 2 
 899 1011 2 2 
 899 1011 2 2 
 896 1011 1 3 
 896 1008 4 2 
 896 1008 2 2 
 915 1012 2 3 
 522 34 3 3 
 852 1073 2 1 
 522 34 3 3 
 818 1073 6 7 
 522 34 3 3 
 815 1074 7 6 
 522 34 3 3 
 815 1075 6 5 
 522 34 3 3 
 879 1022 1 2 
 522 34 3 3 
 807 1075 5 5 
 522 34 3 3 
 805 1076 4 4 
 522 35 2 2 
 874 1016 2 3 
 871 1014 4 5 
 869 1014 5 8 
 865 1014 6 9 
 867 1014 4 4 
 867 1013 3 5 
 866 1012 4 5 
 866 1012 4 5 
 866 1012 4 5 
 868 1011 3 3 
 868 1011 3 3 
 868 1011 4 5 
 868 1011 5 4 
 870 1011 4 4 
 871 1010 4 5 
 872 1010 4 6 
 873 1011 5 5 
 875 1011 4 5 
 876 1011 4 5 
 804 1074 6 6 
 879 1013 3 3 
 717 1071 2 5 
 882 1012 2 3 
 803 1074 6 6 
 741 1078 3 2 
