 7 7 2 2 
 25 13 2 2 
 19 0 2 1 
 19 0 2 1 
 13 4 1 3 
 19 0 2 1 
 7 6 2 2 
 13 15 2 2 
 10 19 2 1 
 19 0 2 1 
 13 4 2 1 
 7 6 2 2 
 13 15 2 2 
 4 19 2 3 
 1 21 2 2 
 7 6 2 1 
 13 15 2 2 
 4 20 2 2 
 28 25 2 1 
 13 15 2 2 
 17 27 2 2 
 13 15 2 2 
 17 27 2 2 
 24 37 2 1 
 21 2 3 3 
 13 15 2 2 
 8 28 2 3 
 5 32 2 1 
 24 37 2 2 
 9 40 2 2 
 25 55 2 2 
 21 2 3 3 
 13 15 2 2 
 8 28 2 3 
 5 32 2 1 
 24 37 2 2 
 40 39 2 2 
 9 40 2 2 
 5 41 2 2 
 30 50 2 1 
 25 55 2 2 
 26 67 2 2 
 10 90 1 2 
 0 905 2 2 
 0 738 2 1 
 0 897 1 2 
 1 832 1 2 
 0 854 2 3 
 0 868 2 1 
 4 252 2 1 
 4 262 2 1 
 0 277 3 4 
 0 294 2 2 
 4 322 2 1 
 14 4 1 2 
 1 19 1 2 
 1 37 2 3 
 1 493 2 2 
 3 77 2 2 
 1 5 2 2 
 5 0 2 2 
 594 1047 1 2 
 12 2 2 2 
 594 1047 1 2 
 12 2 2 2 
 594 1047 1 2 
 0 2 3 5 
 594 1047 1 2 
 0 273 2 3 
 0 424 2 1 
 0 424 2 1 
 1 256 2 1 
 1 188 2 1 
 1 256 2 1 
 1531 322 4 5 
 1529 322 6 8 
 1531 324 3 6 
 1531 324 3 3 
 1531 324 3 3 
 1532 325 2 2 
