 28 188 2 5 
 29 191 1 2 
 29 194 3 4 
 36 195 3 2 
 40 205 2 2 
 58 225 2 2 
 74 226 2 2 
 46 208 4 4 
 63 208 2 2 
 74 223 3 5 
 58 238 2 4 
 46 208 4 4 
 63 208 2 2 
 76 223 1 2 
 58 240 2 1 
 67 249 3 3 
 67 249 5 4 
 76 223 1 2 
 66 252 3 1 
 76 223 1 2 
 40 225 1 2 
 44 254 2 3 
 40 225 1 2 
 54 277 1 2 
 31 292 2 2 
 52 266 2 1 
 31 292 2 2 
 37 325 2 1 
 44 335 2 1 
 40 416 2 2 
 9 426 2 1 
 39 434 2 2 
 28 465 2 1 
 73 490 2 2 
 60 494 1 2 
 80 483 1 2 
 36 489 3 2 
 80 491 2 4 
 77 493 3 4 
 61 495 1 2 
 53 517 2 2 
 31 548 2 1 
 68 711 2 3 
 53 623 2 2 
 58 654 5 3 
 65 667 1 2 
 71 688 2 2 
 66 694 2 1 
 75 703 1 2 
 74 706 2 3 
 63 666 3 3 
 71 688 2 2 
 67 694 2 2 
 75 703 1 2 
 73 706 3 3 
 61 771 1 3 
 65 772 5 11 
 68 797 2 1 
 26 877 2 1 
 26 874 1 2 
 42 869 2 1 
 29 868 2 2 
 23 861 2 3 
 17 855 4 3 
 70 684 2 3 
 65 688 2 1 
 71 688 2 2 
 20 838 3 3 
 65 690 2 3 
 64 694 2 2 
 72 703 4 5 
 57 747 2 2 
 64 759 3 3 
 59 769 2 1 
 53 823 1 2 
 57 820 6 9 
 61 819 1 2 
 67 780 3 3 
 51 815 2 3 
 48 813 2 1 
 65 772 5 11 
 46 811 2 1 
 25 857 3 3 
 19 856 2 2 
 20 854 2 2 
 10 844 2 3 
 20 838 3 1 
 59 820 3 4 
 61 819 1 2 
 61 813 2 2 
 48 813 2 1 
 46 811 2 1 
 65 688 2 1 
 71 688 2 2 
 65 690 2 3 
 72 705 2 3 
 68 792 2 2 
 65 753 2 2 
 66 776 2 1 
 68 773 2 2 
 61 762 2 2 
 59 763 4 5 
 66 768 4 4 
 58 526 1 2 
 91 975 2 1 
 46 638 3 3 
 70 682 2 1 
 61 759 2 1 
 70 785 1 3 
 64 795 1 2 
 75 776 3 3 
 70 782 3 1 
 64 792 3 2 
 11 837 2 3 
 74 783 1 2 
 66 321 2 2 
 1607 1058 1 2 
 1918 603 2 1 
 1420 854 2 2 
 50 343 2 2 
 1490 1060 3 4 
 1917 559 3 3 
 5 424 2 3 
 944 1042 4 2 
 60 756 2 2 
 48 417 2 2 
 1551 1050 3 6 
 1434 833 2 2 
 54 448 2 2 
 1452 868 2 2 
 13 353 2 2 
 1460 884 3 2 
 59 442 2 2 
 574 1039 2 2 
 1551 1053 1 2 
 69 219 2 2 
 1506 865 1 3 
 69 219 2 2 
 1502 864 1 2 
 69 218 4 3 
 1604 1055 5 10 
