 70 676 2 2 
 59 686 2 2 
 47 725 1 3 
 40 744 3 4 
 82 663 2 2 
 77 673 1 2 
 46 725 2 3 
 46 768 2 3 
 82 663 2 2 
 77 673 1 2 
 60 687 1 2 
 45 726 4 2 
 46 768 2 3 
 50 776 3 3 
 84 620 1 2 
 77 673 1 2 
 62 688 1 2 
 44 717 3 2 
 45 726 4 4 
 46 768 2 3 
 49 773 1 2 
 51 776 2 3 
 53 785 2 3 
 59 785 4 4 
 77 673 1 2 
 60 686 5 4 
 63 695 2 1 
 46 726 3 4 
 40 744 3 5 
 46 768 2 3 
 49 773 1 2 
 51 776 2 4 
 53 785 2 3 
 59 786 3 3 
 58 785 11 8 
 62 686 2 1 
 62 688 3 2 
 63 695 2 1 
 45 727 5 4 
 40 745 3 4 
 39 742 5 8 
 57 759 2 1 
 49 773 1 2 
 51 776 2 4 
 59 786 3 3 
 62 787 3 3 
 58 785 11 8 
 53 786 3 2 
 69 795 2 2 
 63 695 2 1 
 41 720 2 2 
 45 727 5 3 
 38 740 3 3 
 40 745 3 3 
 38 739 6 11 
 57 759 2 1 
 51 776 2 4 
 58 783 1 2 
 62 787 3 3 
 58 785 12 10 
 53 786 3 2 
 69 795 2 3 
 54 798 8 8 
 62 718 2 2 
 41 720 3 4 
 44 725 6 5 
 38 739 6 9 
 57 759 2 1 
 51 778 2 2 
 58 783 1 2 
 62 787 3 3 
 58 785 12 10 
 54 798 8 8 
 54 799 3 3 
 61 796 1 3 
 69 795 2 2 
 53 786 3 2 
 77 674 1 2 
 82 712 1 2 
 62 717 2 3 
 42 722 2 2 
 45 724 3 3 
 44 724 7 6 
 62 799 3 3 
 49 731 2 2 
 54 798 6 8 
 55 800 3 3 
 54 799 3 3 
 40 741 4 5 
 51 749 2 2 
 69 795 2 2 
 57 759 2 1 
 49 774 2 3 
 53 786 3 2 
 58 785 12 10 
 57 782 2 3 
 52 778 1 2 
 63 807 2 2 
 61 686 3 3 
 41 720 4 4 
 45 724 3 3 
 45 726 4 4 
 47 729 3 3 
 44 724 8 9 
 52 734 2 2 
 66 737 1 2 
 40 741 2 2 
 52 749 2 2 
 58 804 2 2 
 66 802 8 14 
 48 750 1 2 
 42 752 2 5 
 54 799 3 4 
 69 798 3 2 
 57 753 2 1 
 52 786 4 3 
 58 785 13 12 
 61 786 3 3 
 58 784 1 2 
 49 776 3 1 
 49 778 4 2 
 50 868 1 2 
 56 878 3 1 
 56 878 3 1 
 49 868 2 2 
 54 845 2 2 
 65 824 2 2 
 64 821 2 2 
 62 809 5 5 
 66 803 8 13 
 70 798 2 1 
 61 796 4 4 
 52 787 4 4 
 56 786 14 10 
 58 884 1 2 
 92 973 1 2 
 52 889 2 2 
 52 874 2 2 
 35 481 2 2 
 86 691 2 1 
 72 647 2 2 
 31 888 1 2 
 75 645 2 2 
 31 888 4 6 
 0 404 2 4 
 72 644 8 5 
 37 896 2 3 
 85 622 2 2 
 37 896 2 3 
 72 643 8 6 
 37 897 2 2 
 73 643 7 5 
 27 896 1 2 
 73 643 7 5 
 41 912 2 1 
 75 643 3 3 
 41 912 2 1 
 75 643 3 3 
 75 643 3 4 
 29 897 1 2 
 75 643 4 4 
 29 896 1 3 
 73 643 7 3 
 29 896 1 3 
 75 643 5 3 
 91 960 2 3 
 64 721 3 2 
 91 960 2 3 
 64 721 3 2 
 81 654 2 3 
 24 896 2 1 
 76 644 3 2 
 24 896 2 1 
 665 64 1 2 
 77 942 2 1 
 41 723 3 4 
 665 64 1 2 
 85 959 2 1 
 41 723 2 3 
 665 64 1 2 
 60 901 3 2 
 1206 501 2 2 
 664 77 2 2 
 1204 503 1 2 
 40 722 3 4 
 664 77 2 2 
 29 636 2 2 
 62 905 3 4 
 664 77 2 2 
 93 977 2 1 
 29 636 2 3 
 664 77 2 2 
 93 977 2 1 
 34 491 2 2 
 664 77 2 2 
 93 977 2 1 
 34 491 2 2 
 34 491 3 2 
 63 905 4 6 
 35 480 2 2 
 96 966 2 2 
 66 750 1 2 
 34 479 3 3 
 96 965 4 3 
 66 750 1 2 
 34 479 3 3 
 98 965 2 2 
 66 750 1 2 
 34 490 3 3 
 98 965 2 2 
 66 750 1 2 
 34 490 3 3 
 78 691 2 2 
 34 490 3 3 
 78 691 2 2 
 58 747 2 2 
 38 474 3 3 
 78 748 2 2 
 20 445 2 2 
 63 902 2 1 
 19 444 4 3 
 58 747 2 2 
 19 444 4 3 
 83 958 2 2 
 19 444 4 3 
 83 958 2 3 
 19 444 4 3 
 62 880 2 2 
 19 443 4 4 
 60 774 2 2 
 19 443 4 4 
 83 957 2 4 
 48 663 1 2 
 19 443 4 4 
 65 837 5 3 
 19 443 4 4 
 65 837 5 3 
 19 443 4 4 
 86 958 6 2 
 47 661 3 4 
 18 443 2 1 
 61 852 1 2 
 18 443 2 1 
 61 868 1 2 
 59 564 1 2 
 1216 803 6 13 
 18 443 2 1 
 1251 805 2 2 
 71 409 2 1 
 29 633 5 6 
 76 408 1 2 
 29 633 5 4 
 1510 997 2 2 
 76 408 1 2 
 18 780 2 2 
 63 217 2 1 
 18 441 1 2 
 60 283 3 2 
 12 774 1 2 
 62 217 2 1 
 29 886 2 2 
 57 211 2 2 
 29 886 2 2 
