 70 852 4 4 
 70 852 4 5 
 48 864 2 2 
 14 815 1 2 
 70 852 4 6 
 48 864 2 2 
 67 868 3 3 
 65 885 1 2 
 86 955 6 5 
 82 955 4 4 
 70 852 4 6 
 48 864 2 2 
 67 868 3 3 
 65 885 1 2 
 70 852 4 6 
 48 864 2 2 
 67 868 3 3 
 65 885 1 2 
 87 955 3 3 
 95 960 1 2 
 83 955 9 4 
 81 957 2 2 
 70 852 4 5 
 48 864 2 2 
 67 868 3 3 
 65 885 1 2 
 83 955 3 2 
 87 955 3 3 
 86 955 6 6 
 81 957 2 2 
 95 961 2 3 
 70 852 4 5 
 48 864 2 2 
 95 963 3 3 
 81 957 2 2 
 67 868 3 3 
 86 955 6 4 
 87 955 3 3 
 83 955 3 2 
 65 885 1 2 
 67 869 3 2 
 65 885 1 2 
 84 955 2 2 
 87 955 3 3 
 86 955 6 4 
 94 964 3 3 
 85 966 2 3 
 93 963 6 4 
 70 852 3 4 
 83 955 3 3 
 87 955 5 4 
 94 964 5 4 
 85 966 2 2 
 91 968 2 3 
 66 874 2 2 
 86 956 1 2 
 88 956 1 3 
 94 965 6 4 
 94 974 2 1 
 66 874 2 2 
 82 976 2 2 
 92 973 4 3 
 88 972 2 1 
 91 971 1 2 
 85 957 2 1 
 94 965 6 5 
 87 981 3 4 
 83 980 3 2 
 82 976 2 2 
 93 973 3 3 
 89 972 1 2 
 92 965 9 7 
 60 983 1 2 
 87 981 3 3 
 83 981 2 1 
 82 976 2 2 
 93 973 4 4 
 89 972 1 2 
 92 970 4 2 
 93 965 8 6 
 88 986 5 6 
 88 987 6 6 
 90 988 3 3 
 85 997 2 1 
 82 994 2 2 
 90 991 3 3 
 91 990 3 3 
 49 781 2 2 
 87 980 8 14 
 65 907 2 2 
 82 994 2 2 
 90 991 3 3 
 89 998 2 1 
 82 994 2 2 
 1406 1005 1 3 
 653 73 1 2 
 1184 494 3 3 
 58 749 2 2 
 653 73 1 2 
 90 992 5 6 
 1183 494 4 3 
 1912 719 2 4 
 653 73 1 2 
 89 986 5 6 
 1183 494 4 3 
 1912 719 2 3 
 1914 598 4 7 
 90 988 3 2 
 1914 598 4 7 
 97 985 5 3 
 1915 598 3 5 
 90 988 3 2 
 1916 600 2 2 
 101 981 6 3 
 1180 499 1 2 
 99 985 3 3 
 1901 704 2 3 
 1919 598 1 2 
 87 975 2 1 
 1919 598 1 2 
 100 980 5 3 
 1919 598 1 2 
 1579 870 1 2 
 1179 499 1 3 
 1902 702 2 2 
 93 988 1 2 
 1916 699 2 1 
 1528 914 2 3 
 656 62 3 3 
 93 988 1 2 
 656 62 3 3 
 1446 1002 1 2 
 656 62 3 3 
 1413 1005 7 6 
 656 62 3 3 
 1413 1005 7 6 
 657 62 2 3 
 1459 1035 2 3 
 657 62 2 3 
 1459 1036 2 2 
 657 62 2 3 
 1459 1036 2 2 
 76 595 1 2 
 657 62 2 3 
 1459 1036 2 2 
 76 595 1 2 
 1459 1036 2 2 
 76 595 1 2 
 76 595 1 2 
 1498 850 2 2 
 1459 1036 2 2 
 1423 1040 2 3 
 1458 850 3 2 
 1460 850 1 2 
 1460 850 2 1 
 1460 850 2 1 
 1460 850 2 1 
 1380 1063 2 1 
 1536 847 2 1 
 1381 1063 1 2 
 1530 834 3 1 
 1530 834 3 1 
 257 1051 3 3 
 1530 834 3 1 
 1531 833 3 2 
 257 1052 3 2 
 1531 833 4 2 
 257 1052 3 2 
 1532 833 4 2 
 257 1052 2 2 
 1532 833 4 2 
 257 1052 2 2 
 666 61 3 3 
 257 1052 2 2 
 1533 833 3 1 
 666 61 3 3 
 463 1072 1 3 
 1534 833 2 1 
 666 61 3 3 
 77 926 3 2 
 666 61 3 3 
 1461 854 1 2 
 666 61 3 3 
 1610 1032 5 4 
 666 61 3 3 
 459 1072 3 2 
 1437 1075 4 3 
 666 61 3 3 
 666 61 3 3 
 1451 1048 1 2 
 1459 1041 2 3 
 70 968 2 2 
 70 968 2 2 
 1494 942 2 2 
 107 978 1 2 
 1611 1031 6 4 
 14 810 1 2 
 1611 1031 5 4 
 102 974 2 1 
 105 977 3 3 
 1342 960 2 1 
 1341 960 3 1 
 1388 915 2 2 
 1388 915 2 2 
 1562 1066 3 2 
 87 973 2 2 
 87 973 2 2 
 5 900 3 5 
 662 64 2 1 
 89 993 5 6 
 1468 865 3 3 
