 24 254 2 1 
 31 269 2 2 
 63 292 4 4 
 40 305 3 2 
 0 341 4 3 
 51 389 2 2 
 54 389 2 2 
 59 389 2 2 
 37 403 1 2 
 41 403 2 1 
 40 405 3 2 
 69 426 2 2 
 58 433 2 2 
 75 448 1 2 
 51 458 2 2 
 0 342 3 2 
 54 389 2 2 
 59 389 2 2 
 37 403 1 2 
 30 418 2 1 
 69 426 2 2 
 58 433 2 2 
 75 448 1 2 
 27 457 2 2 
 51 458 2 2 
 65 462 1 2 
 59 389 2 2 
 37 403 1 2 
 30 418 2 1 
 69 426 2 2 
 58 433 2 2 
 75 448 1 2 
 27 457 2 2 
 51 458 2 2 
 65 462 1 2 
 47 471 2 2 
 59 389 2 2 
 37 403 1 2 
 30 418 2 1 
 69 426 2 2 
 58 432 2 3 
 75 448 1 2 
 27 457 2 2 
 65 462 1 2 
 47 471 2 2 
 56 475 2 1 
 58 433 2 2 
 75 448 1 2 
 27 458 2 1 
 65 462 1 2 
 55 475 3 2 
 71 490 2 2 
 62 507 2 1 
 61 597 2 2 
 58 600 2 2 
 67 807 1 2 
 78 634 1 2 
 85 713 3 4 
 76 712 2 3 
 74 711 1 2 
 70 703 2 2 
 70 653 2 2 
 81 647 2 2 
 34 810 1 2 
 68 809 2 3 
 33 808 2 1 
 57 807 4 5 
 26 802 4 5 
 59 766 12 5 
 66 766 3 3 
 62 766 3 3 
 73 763 4 8 
 77 755 2 3 
 71 754 3 8 
 55 754 5 4 
 56 754 3 3 
 40 750 3 4 
 53 741 2 1 
 87 716 1 2 
 73 711 7 7 
 74 712 3 3 
 66 709 1 2 
 61 707 2 3 
 70 704 2 2 
 70 653 2 2 
 66 847 2 2 
 33 811 2 1 
 68 809 3 3 
 57 808 4 5 
 46 808 2 3 
 26 801 3 6 
 61 792 2 2 
 58 765 12 7 
 60 766 3 3 
 59 762 1 2 
 55 754 6 7 
 57 757 3 3 
 56 754 3 3 
 71 753 7 19 
 40 751 3 3 
 40 751 3 3 
 77 717 3 2 
 73 712 6 4 
 67 710 4 4 
 69 667 4 7 
 73 943 3 3 
 58 941 3 3 
 66 927 3 3 
 62 881 2 1 
 66 847 2 2 
 68 811 4 4 
 56 809 4 6 
 26 802 3 5 
 61 792 2 2 
 58 765 11 7 
 63 767 3 3 
 66 766 3 3 
 60 766 3 3 
 71 761 6 11 
 74 768 3 3 
 56 761 4 4 
 76 756 2 3 
 43 756 2 2 
 55 754 5 6 
 56 754 3 3 
 71 753 3 7 
 41 752 2 3 
 45 733 1 2 
 73 712 7 7 
 65 709 6 5 
 68 671 5 4 
 68 671 3 3 
 69 668 3 2 
 54 1040 2 2 
 25 1040 3 3 
 57 965 2 2 
 54 960 1 3 
 73 947 6 4 
 75 948 3 3 
 73 943 3 3 
 58 941 4 4 
 62 925 11 7 
 59 896 3 2 
 62 880 2 2 
 66 847 2 3 
 68 811 3 7 
 33 811 2 1 
 57 810 3 5 
 25 802 4 5 
 61 792 2 2 
 61 768 8 5 
 58 765 4 4 
 71 762 5 11 
 58 761 2 3 
 43 756 2 2 
 54 754 6 8 
 41 753 2 2 
 70 752 2 4 
 73 712 7 7 
 65 709 6 6 
 78 680 1 2 
 69 671 4 4 
 54 1040 2 2 
 24 1039 4 4 
 57 965 2 2 
 54 961 2 2 
 74 948 4 3 
 75 948 3 3 
 60 943 2 2 
 62 925 11 7 
 57 894 6 5 
 62 880 2 4 
 68 878 2 2 
 65 875 2 3 
 66 847 2 3 
 68 812 4 6 
 57 812 4 4 
 26 803 3 3 
 63 768 6 5 
 58 766 2 2 
 71 762 4 10 
 58 761 2 3 
 55 757 5 3 
 43 756 2 2 
 70 752 2 4 
 77 715 3 4 
 73 712 3 4 
 65 709 5 5 
 54 1040 2 2 
 24 1040 4 3 
 57 965 2 2 
 60 943 2 2 
 54 936 2 2 
 69 927 2 1 
 62 925 11 7 
 13 911 2 2 
 57 894 6 4 
 61 880 3 4 
 66 878 4 2 
 66 876 1 2 
 44 741 2 4 
 65 847 4 5 
 66 849 3 3 
 63 817 2 2 
 47 779 1 2 
 68 812 3 6 
 57 812 4 4 
 25 1040 3 4 
 44 743 2 2 
 48 750 1 2 
 66 763 2 3 
 60 943 2 2 
 47 779 1 2 
 57 812 4 4 
 67 929 6 2 
 68 812 3 3 
 63 925 3 4 
 70 816 1 2 
 14 911 1 2 
 57 894 6 4 
 61 881 3 3 
 66 878 4 2 
 66 876 1 2 
 63 817 2 2 
 65 847 3 3 
 65 464 2 2 
 65 463 2 3 
 48 471 1 2 
 71 490 2 1 
 1490 968 2 3 
 71 490 2 1 
 30 418 2 1 
 60 751 2 4 
 66 651 2 4 
 8 405 2 2 
 86 637 2 2 
 8 405 2 2 
 60 689 2 1 
 8 405 2 2 
 60 751 2 2 
 17 435 2 1 
 60 751 2 2 
 17 435 2 1 
 60 751 2 2 
 33 783 2 4 
 33 784 1 3 
 653 65 2 1 
 33 789 1 3 
 653 65 2 1 
 62 927 3 2 
 653 65 2 1 
 797 1048 4 3 
 653 65 2 1 
 653 65 2 1 
 653 65 2 1 
 653 65 2 1 
 653 65 2 1 
 38 178 2 3 
 666 64 4 1 
 668 64 2 1 
 668 64 2 1 
 668 64 2 1 
 668 64 2 1 
 668 64 2 1 
 668 64 2 1 
 668 64 2 1 
