 119 619 4 5 
 659 64 1 3 
 655 67 3 2 
 660 67 2 3 
 650 70 3 3 
 655 70 2 2 
 657 70 2 4 
 659 72 2 4 
 664 73 2 1 
 664 75 2 3 
 659 79 4 3 
 656 82 3 3 
 661 82 1 2 
 656 82 3 4 
 111 635 4 6 
 106 645 5 6 
 102 656 4 5 
 97 667 5 6 
 92 679 5 6 
 86 692 8 7 
 80 705 9 9 
 80 726 4 3 
 76 761 2 2 
 70 795 9 8 
 72 812 7 8 
 69 830 10 10 
 69 849 10 9 
 71 869 9 8 
 74 888 8 7 
 78 905 8 6 
 85 929 8 6 
 90 940 5 4 
 97 948 5 4 
 1903 672 3 1 
 99 956 10 4 
 1918 632 2 1 
 106 963 4 4 
 659 70 3 4 
 1918 632 2 1 
 110 969 4 3 
 659 70 3 4 
 113 975 6 3 
 659 70 3 4 
 115 981 4 3 
 659 70 3 4 
 1919 660 1 2 
 120 984 1 2 
 659 70 3 4 
 659 70 3 4 
 659 70 3 4 
 659 70 3 4 
 1402 610 3 3 
 653 73 1 5 
 653 73 1 5 
 653 73 1 5 
 653 73 1 5 
 653 73 1 5 
 653 73 1 5 
 653 73 1 5 
 653 73 1 5 
 655 61 5 4 
 655 61 5 4 
 655 61 5 4 
 655 61 5 4 
 655 61 5 4 
 655 61 5 4 
 655 61 5 4 
 655 61 5 4 
