 69 188 3 2 
 57 202 2 2 
 57 202 2 2 
 60 216 2 1 
 57 202 2 1 
 59 216 2 2 
 65 231 2 3 
 57 202 2 1 
 59 216 2 2 
 65 231 1 3 
 59 257 2 1 
 57 202 2 1 
 59 216 2 2 
 65 232 1 2 
 59 257 2 1 
 64 279 3 1 
 59 216 2 2 
 65 232 1 2 
 59 256 2 2 
 47 280 3 2 
 59 216 2 2 
 65 232 1 2 
 59 256 2 2 
 59 265 2 2 
 9 289 2 2 
 65 232 1 2 
 59 256 2 2 
 59 265 2 2 
 29 309 2 1 
 33 322 1 2 
 5 344 2 2 
 43 383 1 2 
 72 407 4 1 
 68 480 3 2 
 69 579 2 1 
 73 580 2 2 
 73 581 2 2 
 64 599 1 2 
 64 599 1 2 
 80 608 1 2 
 80 608 1 2 
 75 689 2 2 
 69 726 2 3 
 80 608 1 2 
 79 663 3 3 
 58 675 2 2 
 75 689 2 2 
 65 717 2 1 
 69 726 4 3 
 43 728 1 2 
 50 728 2 1 
 75 738 2 1 
 61 737 3 3 
 80 608 1 2 
 50 728 3 3 
 42 728 2 1 
 69 726 4 3 
 76 650 2 1 
 78 655 2 1 
 79 663 3 3 
 58 675 3 2 
 84 718 4 3 
 80 718 2 2 
 75 718 1 2 
 65 717 2 1 
 75 689 2 2 
 79 715 2 2 
 43 702 3 3 
 70 712 2 4 
 77 741 3 4 
 75 737 3 3 
 80 608 1 2 
 61 736 3 5 
 76 650 2 2 
 78 655 2 1 
 74 657 2 2 
 79 663 3 3 
 80 673 1 2 
 50 728 4 5 
 42 728 2 1 
 58 674 3 4 
 67 683 1 2 
 69 726 5 3 
 75 689 2 2 
 43 702 3 3 
 69 712 4 4 
 77 713 4 3 
 83 716 5 5 
 74 717 2 3 
 65 717 2 1 
 76 650 2 2 
 78 655 3 1 
 74 657 2 2 
 78 657 2 1 
 77 742 3 3 
 79 663 3 3 
 75 737 2 3 
 73 669 2 2 
 60 736 2 2 
 78 735 2 1 
 74 734 2 2 
 80 673 1 2 
 58 674 3 4 
 69 677 2 2 
 48 730 1 2 
 67 683 1 2 
 89 683 2 2 
 50 728 4 5 
 75 689 2 2 
 42 727 2 2 
 69 726 5 3 
 76 723 1 2 
 74 708 2 2 
 82 708 2 2 
 69 712 4 4 
 77 713 3 2 
 83 716 3 3 
 74 717 1 2 
 65 716 3 2 
 83 715 5 5 
 80 608 1 2 
 78 744 2 1 
 70 744 2 2 
 77 742 2 1 
 46 633 3 3 
 75 737 2 3 
 73 641 2 4 
 78 735 2 1 
 77 642 2 2 
 60 735 2 4 
 76 650 2 1 
 82 653 1 2 
 78 655 3 1 
 74 657 2 2 
 48 730 1 2 
 78 657 2 1 
 79 663 4 2 
 73 669 2 2 
 50 728 4 5 
 80 673 1 2 
 69 726 5 3 
 76 723 3 2 
 58 674 3 4 
 69 677 2 2 
 76 677 3 3 
 74 717 1 2 
 65 716 3 2 
 83 715 5 5 
 83 716 3 3 
 65 683 3 2 
 77 713 3 2 
 69 712 4 4 
 89 683 2 2 
 75 689 2 2 
 74 708 2 2 
 85 694 1 2 
 46 633 3 3 
 73 641 6 4 
 76 650 2 2 
 77 653 6 5 
 74 657 2 2 
 79 663 2 1 
 66 745 4 3 
 78 744 2 1 
 80 673 1 2 
 77 742 3 1 
 58 674 3 4 
 75 737 2 3 
 69 677 2 2 
 78 735 2 1 
 76 677 3 3 
 60 735 2 4 
 65 683 3 2 
 89 683 2 2 
 67 688 2 1 
 47 730 2 2 
 75 689 2 2 
 85 694 1 2 
 74 708 2 2 
 38 728 1 2 
 50 727 4 6 
 69 726 6 7 
 76 724 2 1 
 69 712 4 4 
 41 720 2 3 
 77 713 3 2 
 65 715 3 3 
 74 717 1 2 
 83 715 5 5 
 83 716 3 3 
 46 633 3 3 
 73 641 6 4 
 76 650 2 1 
 79 652 3 3 
 77 652 6 6 
 50 765 1 3 
 74 655 2 4 
 79 663 2 1 
 75 671 2 2 
 80 673 1 2 
 66 745 4 3 
 58 674 3 3 
 69 675 2 4 
 76 741 4 4 
 76 677 3 3 
 75 737 2 3 
 65 683 3 2 
 78 735 2 1 
 89 683 2 2 
 60 735 2 3 
 67 688 2 1 
 47 729 2 3 
 75 689 2 1 
 79 690 3 3 
 50 727 4 6 
 38 727 2 4 
 69 726 6 7 
 76 724 2 1 
 83 692 3 4 
 74 708 2 2 
 41 719 3 4 
 47 712 2 2 
 74 717 1 2 
 83 715 5 5 
 83 716 3 3 
 65 715 3 3 
 77 713 3 2 
 69 712 4 4 
 67 788 4 3 
 57 776 4 3 
 50 765 1 3 
 66 745 4 3 
 77 741 3 4 
 75 737 3 3 
 78 735 2 1 
 60 735 2 4 
 70 732 2 2 
 74 708 2 2 
 47 712 2 2 
 47 729 2 3 
 69 712 4 4 
 77 713 3 2 
 50 727 3 4 
 65 715 3 3 
 69 726 5 3 
 37 726 3 4 
 76 724 2 1 
 83 716 3 3 
 83 715 5 5 
 41 719 3 4 
 74 717 1 2 
 69 798 2 1 
 62 813 4 4 
 63 814 3 3 
 63 802 2 1 
 62 813 4 4 
 63 814 3 3 
 62 813 4 4 
 37 630 4 3 
 38 630 3 3 
 37 630 4 3 
 70 629 3 2 
 70 628 3 3 
 53 548 1 2 
 72 421 2 1 
 39 631 2 2 
 72 421 2 1 
 46 708 2 3 
 68 408 1 2 
 14 303 1 2 
 58 776 4 2 
 14 303 1 2 
 58 776 3 2 
 0 328 2 3 
 75 736 4 6 
 665 64 3 2 
 0 328 2 3 
 65 742 6 6 
 665 64 3 2 
 69 745 2 1 
 14 303 2 2 
 665 64 3 2 
 14 303 2 2 
 45 709 3 3 
 665 64 3 2 
 21 297 2 2 
 69 639 2 2 
 665 64 3 2 
 74 731 2 2 
 26 291 2 2 
 665 64 3 2 
 76 737 3 4 
 26 291 2 2 
 665 64 3 2 
 65 743 1 2 
 26 291 2 2 
 665 64 2 1 
 65 743 1 2 
 26 291 2 2 
 65 743 1 2 
 26 291 2 2 
 67 187 3 3 
 5 391 1 2 
 67 187 3 3 
 5 391 1 2 
 68 187 2 3 
 17 780 2 1 
 65 187 2 3 
 5 391 1 2 
 65 187 2 3 
 5 391 1 2 
 62 214 3 2 
 23 417 1 2 
 25 304 1 2 
 57 714 3 2 
 26 358 2 1 
 57 714 3 2 
 26 358 2 1 
 71 577 2 2 
 26 358 2 1 
 71 577 2 2 
 33 516 2 1 
 33 516 2 1 
 33 516 2 1 
 71 575 4 5 
 71 575 4 5 
 35 504 2 2 
 69 707 3 2 
 35 504 2 2 
 69 707 3 2 
 35 504 2 2 
 69 710 3 2 
 35 504 2 2 
 75 734 2 2 
 35 504 2 2 
 77 738 3 3 
 8 545 2 1 
 8 545 2 1 
 69 576 2 1 
 69 576 2 1 
 69 576 2 1 
 69 576 2 1 
 69 576 2 1 
 69 576 2 1 
 69 576 2 1 
 83 609 3 2 
 80 686 1 2 
 56 871 2 6 
 80 686 1 2 
 84 712 2 4 
 84 712 2 4 
 84 712 2 4 
 84 713 3 3 
 58 944 2 2 
 84 713 3 3 
 58 944 2 2 
 84 713 2 2 
 58 944 2 2 
 59 729 1 2 
 80 966 2 2 
 50 763 2 3 
 71 968 2 1 
 71 968 2 1 
 666 73 2 2 
 72 970 2 1 
 666 73 2 2 
 29 746 1 2 
 72 970 2 1 
 666 73 2 2 
 43 720 2 2 
 55 970 2 2 
 666 73 2 2 
 28 745 3 3 
 72 970 3 2 
 666 73 2 2 
 43 720 2 2 
 54 970 3 2 
 666 73 2 2 
 28 745 3 3 
 55 970 2 2 
 666 73 2 2 
 82 708 2 2 
 55 970 2 2 
 1 670 4 4 
 59 646 3 4 
 59 646 3 4 
 59 646 3 4 
 27 887 1 3 
