 17 434 2 3 
 29 533 2 2 
 51 615 3 2 
 605 1034 2 4 
 43 720 2 2 
 61 746 2 1 
 52 727 2 2 
 78 631 1 2 
 52 727 2 2 
 52 726 2 3 
 41 748 2 1 
 72 611 2 2 
 90 630 2 2 
 52 726 2 3 
 41 748 2 1 
 62 764 2 1 
 60 820 2 2 
 90 630 2 2 
 52 725 2 4 
 61 821 2 4 
 52 725 2 4 
 38 732 3 2 
 74 761 1 2 
 61 822 2 3 
 57 901 1 2 
 64 930 2 2 
 71 864 3 2 
 57 901 1 2 
 63 931 3 2 
 64 914 2 2 
 54 960 2 2 
 83 967 2 3 
 79 961 2 1 
 107 980 2 2 
 105 979 2 2 
 83 967 2 3 
 649 66 4 7 
 107 980 2 2 
 105 979 2 2 
 57 769 2 2 
 105 979 2 2 
 57 769 2 2 
 107 980 2 2 
 45 734 2 2 
 107 980 2 2 
 45 726 2 4 
 45 726 3 6 
 45 726 4 4 
 45 726 4 7 
 45 726 4 6 
 92 698 2 1 
 59 911 1 2 
 82 687 1 2 
 24 900 3 4 
 596 1037 5 3 
 82 687 1 2 
 600 1038 3 3 
 43 714 1 2 
 1380 1076 4 4 
 61 689 2 2 
 61 689 2 2 
 601 1041 4 4 
 603 1042 4 3 
 82 667 2 2 
 604 1043 4 3 
 72 666 2 2 
 606 1044 2 3 
 660 70 3 4 
 63 757 3 1 
 660 70 3 4 
 605 1044 3 3 
 65 759 3 2 
 606 1046 2 1 
 660 70 3 4 
 56 747 2 2 
 660 70 3 4 
 629 1031 5 7 
 72 667 4 2 
 660 70 3 4 
 629 1031 5 7 
 73 667 3 2 
 660 70 3 4 
 629 1031 5 7 
 16 437 4 5 
 73 667 3 2 
 660 70 3 4 
 629 1032 5 6 
 18 437 2 1 
 56 736 1 2 
 660 70 3 4 
 628 1033 5 5 
 70 812 2 2 
 600 1055 2 2 
 74 670 2 1 
 600 1055 2 2 
 16 364 2 2 
 77 731 2 1 
 626 1030 3 5 
 16 364 2 2 
 601 1044 2 2 
 77 730 2 2 
 77 730 2 2 
 599 1042 4 3 
 529 1068 3 2 
 530 1068 2 2 
 529 1069 2 1 
 87 971 1 2 
 87 971 1 2 
 61 693 1 2 
 529 1069 2 1 
 529 1069 2 1 
 61 693 1 2 
 61 693 1 2 
 61 693 1 2 
 57 761 1 2 
 57 761 2 2 
 49 745 2 1 
 62 746 2 2 
 64 762 1 2 
 51 596 2 2 
 57 581 1 2 
 16 387 2 2 
 56 598 2 1 
 16 387 2 2 
 56 598 2 1 
 51 596 2 3 
 16 388 2 1 
 77 963 1 2 
 51 596 2 3 
 9 388 2 2 
 51 596 1 2 
 9 388 2 2 
 55 597 3 3 
 58 582 3 3 
 26 901 2 3 
 59 583 2 2 
 26 901 2 3 
 39 399 1 2 
 69 600 2 3 
 39 399 1 2 
 66 888 2 2 
 59 583 2 2 
 26 901 4 4 
 59 583 2 2 
 26 902 4 3 
 59 583 2 2 
 26 902 4 3 
 59 583 2 2 
 26 902 4 3 
 2 344 1 2 
 66 593 3 2 
 2 344 1 2 
 62 931 1 2 
 2 344 1 2 
 47 779 2 3 
 1 344 3 2 
 47 779 2 1 
 1 343 2 3 
 47 779 2 1 
 1 343 2 3 
 56 808 3 6 
 651 62 7 6 
 59 896 4 7 
 1 343 2 3 
 651 62 7 6 
 58 896 5 7 
 1 344 2 2 
 651 62 7 6 
 65 890 2 1 
 0 343 2 2 
 651 62 7 6 
 59 896 4 7 
 12 384 2 2 
 651 62 7 6 
 72 868 1 2 
 651 62 7 6 
 59 896 3 4 
 651 64 5 4 
 58 814 2 1 
 665 64 1 2 
 70 658 2 2 
