 27 525 2 2 
 72 613 2 1 
 78 661 2 1 
 78 661 2 1 
 65 688 1 2 
 80 730 2 1 
 50 732 2 2 
 15 783 3 3 
 73 743 2 3 
 62 806 2 2 
 59 795 2 2 
 62 806 2 2 
 50 734 2 1 
 50 734 2 1 
 50 734 2 1 
 68 970 3 3 
 66 922 2 1 
 66 922 2 1 
 666 62 3 4 
 66 922 2 1 
 666 62 3 4 
 63 969 2 2 
 666 62 3 4 
 63 969 2 2 
 666 62 3 4 
 80 970 2 1 
 666 62 3 4 
 80 970 2 1 
 666 62 3 4 
 80 970 2 2 
 666 62 3 4 
 80 970 2 2 
 666 62 3 4 
 80 970 2 2 
 80 970 2 2 
 54 751 2 1 
 54 751 2 1 
 80 970 2 2 
 57 750 1 2 
 57 750 1 2 
 58 972 2 4 
 57 750 1 2 
 55 750 3 2 
 55 750 3 2 
 55 750 3 2 
 56 750 2 2 
 56 750 2 2 
 50 768 2 2 
 59 781 2 2 
 649 72 2 3 
 649 72 2 3 
 649 72 2 3 
 649 72 2 3 
 649 72 2 3 
 649 72 2 3 
 649 72 2 3 
 649 72 2 3 
 649 75 3 1 
 649 75 3 1 
 649 75 3 1 
 649 75 3 1 
 649 75 3 1 
 48 382 2 2 
 649 75 3 1 
 649 75 3 1 
 649 75 3 1 
