 1919 553 1 2 
 1914 555 3 3 
 1915 556 1 2 
 330 1048 4 2 
 1900 687 3 3 
 317 1029 1 2 
 1873 753 2 2 
 89 989 3 4 
 53 958 2 2 
 1916 572 1 2 
 95 995 2 3 
 1918 577 2 2 
 1908 652 1 2 
 1870 797 1 2 
 1917 589 3 2 
 1907 665 2 2 
 1913 617 3 4 
 1917 623 3 4 
 1913 670 3 4 
 1914 675 6 5 
 1918 730 2 2 
 1916 747 2 1 
 1916 556 2 2 
 1916 556 2 2 
 1916 573 1 2 
 1918 586 1 2 
 1916 556 2 2 
 1916 573 1 2 
 1917 586 3 4 
 1914 616 2 3 
 1916 573 1 2 
 1917 587 3 3 
 1914 616 2 3 
 1917 622 1 4 
 1916 558 2 2 
 1917 587 3 3 
 1913 617 2 2 
 1918 626 2 2 
 1909 655 2 2 
 1907 666 2 2 
 1913 672 7 9 
 1916 558 2 2 
 1918 587 2 4 
 1914 619 1 3 
 1917 626 3 2 
 1910 655 1 2 
 1915 678 3 3 
 1913 672 7 12 
 1913 617 2 4 
 1916 625 4 3 
 1919 629 1 2 
 1909 655 2 3 
 1913 672 7 12 
 1900 690 3 2 
 1909 691 2 2 
 1915 748 2 2 
 1919 556 1 3 
 250 973 2 2 
 1919 556 1 2 
 895 913 2 1 
 656 67 3 3 
 320 1001 1 2 
 1919 556 1 2 
 656 67 2 2 
 1919 595 1 2 
 247 980 2 2 
 656 67 2 2 
 320 1001 1 2 
 1918 627 2 1 
 656 67 2 2 
 1918 627 2 1 
 250 972 2 3 
 656 67 2 2 
 1918 627 2 1 
 459 848 2 3 
 661 67 2 2 
 1918 627 2 1 
 334 985 2 2 
 661 67 2 2 
 1911 672 1 2 
 332 995 3 2 
 661 67 2 2 
 1907 667 1 2 
 332 994 3 3 
 1907 667 1 2 
 334 998 4 5 
 1917 653 1 4 
 331 980 3 3 
 33 40 3 3 
 326 981 3 4 
 1913 652 2 1 
 33 40 3 3 
 1913 652 2 1 
 27 41 3 3 
 1919 595 1 2 
 750 836 2 1 
 33 42 3 2 
 335 1003 2 1 
 1919 595 1 2 
 33 42 3 2 
 329 1000 8 5 
 1919 595 1 2 
 33 42 3 2 
 634 1035 2 1 
 1914 676 6 5 
 33 43 3 1 
 655 1037 4 3 
 1907 666 2 2 
 33 43 3 1 
 633 1037 2 2 
 1918 586 2 2 
 633 1037 2 2 
 660 71 1 2 
 1918 586 2 2 
 660 71 1 2 
 633 1037 2 2 
 1917 624 3 3 
 660 71 1 2 
 633 1037 2 2 
 1913 673 2 2 
 633 1037 2 2 
 1918 589 2 1 
 619 198 2 3 
 625 1034 8 10 
 625 1033 8 10 
 661 64 3 3 
 634 1035 2 1 
 1914 571 2 1 
 658 61 1 2 
 627 1033 7 6 
 658 61 1 2 
 661 64 3 3 
 628 1033 6 5 
 661 64 3 3 
 632 1033 2 3 
 661 64 3 3 
 629 1034 2 2 
 661 64 3 3 
 631 1036 2 2 
 661 64 3 3 
 627 1037 1 2 
 0 411 1 2 
 0 411 1 2 
 0 411 1 2 
 42 344 2 2 
 1918 600 2 2 
 0 411 1 2 
 625 1037 3 3 
 1915 626 2 2 
 57 379 2 1 
 623 1037 7 4 
 1917 596 3 4 
 7 401 2 2 
 623 1035 7 8 
 1914 679 5 5 
 7 401 2 2 
 623 1035 7 8 
 1917 653 1 3 
 21 374 2 2 
 621 1045 4 3 
 1917 625 3 2 
 34 292 2 1 
 621 1045 4 3 
 1916 573 1 2 
 3 259 2 1 
 623 1035 7 8 
 1916 573 1 2 
 3 258 2 3 
 623 1035 6 8 
 1917 625 3 2 
 3 258 2 3 
 1914 677 3 3 
 626 1035 3 4 
 3 259 2 2 
 1917 654 1 2 
 843 324 2 3 
 1913 846 5 6 
 843 327 2 2 
 1904 842 2 5 
 841 332 3 8 
 1912 674 3 2 
 842 333 2 6 
 841 328 2 1 
 1917 654 1 2 
 0 465 1 5 
 1914 676 4 4 
 6 400 2 1 
 1914 676 4 4 
 20 431 2 2 
 1914 676 4 4 
