 47 764 3 2 
 68 836 2 3 
 47 764 2 1 
 68 836 2 3 
 62 860 2 1 
 68 836 2 3 
 57 871 1 2 
 65 895 4 6 
 65 895 4 6 
 71 968 2 3 
 81 976 2 1 
 106 980 2 2 
 108 982 1 2 
 95 993 3 2 
 81 976 2 1 
 71 967 2 2 
 1737 1009 1 2 
 78 608 2 2 
 58 946 2 2 
 720 1047 3 2 
 88 996 2 2 
 88 996 2 2 
 613 1016 2 3 
 69 737 2 2 
 69 737 2 2 
 611 1016 4 3 
 571 1012 1 2 
 571 1012 3 2 
 594 1008 2 2 
 594 1008 2 2 
 594 1008 2 2 
 606 1004 1 2 
 606 1004 1 2 
 606 1004 1 2 
 665 64 5 2 
 566 1012 1 2 
 665 64 4 2 
 596 1018 4 2 
 665 64 4 2 
 596 1018 4 2 
 665 64 4 2 
 596 1018 4 2 
 665 64 4 2 
 579 1031 1 2 
 665 64 4 2 
 579 1031 1 2 
 665 64 4 2 
 579 1031 1 2 
 665 64 4 2 
 579 1031 1 2 
 579 1030 1 2 
 97 984 2 2 
 598 1016 3 3 
 97 985 2 3 
 97 985 2 3 
 97 985 2 3 
 100 985 2 1 
 599 1011 2 1 
 600 1010 2 2 
 66 616 2 1 
 75 611 2 1 
 950 1033 2 2 
 898 1016 3 2 
