 68 192 2 2 
 59 222 2 1 
 52 227 2 1 
 59 222 2 1 
 63 286 2 1 
 0 333 2 2 
 0 337 2 1 
 59 222 2 1 
 63 286 2 1 
 21 373 3 3 
 42 247 2 2 
 63 286 2 1 
 21 373 3 3 
 55 380 2 2 
 63 286 2 1 
 21 373 3 3 
 55 380 2 2 
 23 388 2 1 
 31 394 2 2 
 21 373 3 2 
 55 380 2 2 
 23 388 2 1 
 41 388 2 2 
 31 394 2 2 
 52 412 2 2 
 55 380 2 2 
 23 388 2 1 
 31 394 2 2 
 52 412 2 2 
 14 433 1 2 
 55 380 2 2 
 23 388 2 1 
 31 394 1 2 
 52 412 2 2 
 13 432 2 3 
 2 438 2 1 
 73 425 2 2 
 13 432 2 3 
 2 438 2 1 
 49 512 2 1 
 49 512 2 1 
 34 521 2 2 
 54 573 2 3 
 54 569 2 2 
 73 585 2 2 
 42 717 2 3 
 70 601 3 2 
 42 718 2 1 
 68 582 2 2 
 71 601 1 2 
 84 676 5 3 
 42 718 2 1 
 42 750 3 4 
 84 676 5 3 
 42 718 2 1 
 42 750 3 5 
 40 751 2 3 
 40 751 2 3 
 42 751 3 4 
 56 761 3 4 
 56 790 3 2 
 56 761 2 4 
 42 751 3 4 
 40 751 2 3 
 63 849 2 2 
 659 64 3 6 
 64 930 2 2 
 29 368 1 2 
 48 385 5 2 
 74 442 2 1 
 84 676 3 2 
 76 976 2 2 
 73 954 3 2 
 67 932 2 3 
 76 976 2 1 
 73 955 4 1 
 656 62 1 2 
 68 932 1 2 
 25 303 1 2 
 656 62 1 2 
 70 952 2 2 
 41 750 5 2 
 13 310 2 1 
 656 62 1 2 
 59 959 2 2 
 32 756 1 2 
 1 340 2 1 
 14 250 1 2 
 83 954 1 2 
 43 748 3 4 
 14 250 1 2 
 60 960 2 1 
 86 637 1 2 
 42 226 2 2 
 83 954 1 2 
 42 226 2 2 
 69 855 3 3 
 42 226 2 2 
 83 954 1 2 
 42 226 3 2 
 69 853 3 5 
 42 226 2 2 
 83 953 2 2 
 42 226 2 2 
 83 953 2 2 
 42 226 2 2 
 91 986 2 2 
 92 986 1 2 
 51 735 1 2 
 83 628 2 3 
 56 951 1 2 
 93 993 4 4 
 58 571 2 1 
 71 660 1 3 
 101 975 3 3 
 69 605 1 2 
 96 976 3 3 
 69 605 1 2 
 96 976 3 3 
 60 572 2 1 
 93 975 12 10 
 660 72 1 2 
 93 975 12 10 
 61 749 9 8 
 92 994 4 4 
 660 72 1 2 
 57 779 2 2 
 660 72 1 2 
 93 975 12 10 
 29 640 2 2 
 660 72 1 2 
 94 975 10 10 
 29 640 3 2 
 660 72 1 2 
 92 995 3 3 
 29 640 2 2 
 660 72 1 2 
 94 977 2 2 
 0 339 2 1 
 57 742 2 2 
 660 72 1 2 
 60 956 3 3 
 0 339 2 1 
 660 72 1 2 
 60 956 3 3 
 0 339 2 1 
 60 956 3 3 
 28 371 1 2 
 60 289 2 1 
 22 891 2 1 
 67 199 2 1 
 22 890 2 2 
 60 289 2 1 
 22 890 2 2 
 31 354 1 2 
 78 946 2 2 
 78 629 2 2 
 48 870 4 4 
 50 587 2 2 
 31 354 1 2 
 78 629 2 2 
 0 940 3 4 
 22 377 2 2 
 50 586 2 3 
 22 377 1 2 
 65 904 1 3 
 22 377 1 2 
 65 904 1 3 
 22 377 1 2 
 48 873 3 2 
 21 376 3 6 
 51 581 2 2 
 20 375 4 7 
 48 872 3 3 
 83 631 1 2 
 319 1036 4 3 
 20 375 4 7 
 80 657 2 2 
 20 375 4 6 
 319 1036 4 3 
 72 683 4 5 
 319 1036 4 3 
 654 74 2 2 
 0 338 2 1 
 68 794 1 2 
 319 1036 4 3 
 654 74 2 2 
 17 405 2 2 
 56 792 2 3 
 654 74 2 2 
 319 1036 5 3 
 23 380 1 2 
 72 656 1 2 
 654 73 2 3 
 318 1035 6 4 
 64 288 2 1 
 654 73 2 3 
 73 643 2 2 
 654 73 2 3 
 322 1035 2 2 
 78 655 4 4 
 654 73 2 3 
 36 288 2 2 
 73 589 2 1 
 654 73 2 3 
 161 1069 1 2 
 18 299 2 1 
 74 625 1 2 
 161 1069 1 2 
 53 208 2 5 
 80 657 2 2 
 161 1069 1 2 
 54 215 2 1 
 161 1069 1 2 
 54 215 2 1 
 54 215 2 1 
 87 979 2 3 
 54 215 2 2 
 87 979 2 2 
 52 208 3 5 
 87 979 2 2 
 53 208 2 1 
 94 969 2 2 
 53 208 2 1 
 85 977 2 2 
 53 208 2 6 
 85 977 2 2 
 324 1046 3 4 
 4 266 2 2 
 53 556 1 3 
 1 337 2 2 
 52 556 2 3 
 85 977 2 2 
 60 246 2 2 
 325 1039 2 1 
 68 242 1 2 
 325 1039 2 1 
 60 246 2 2 
 328 1043 2 1 
 60 246 2 2 
 325 1039 2 1 
 87 700 2 1 
 56 265 2 2 
 86 977 2 1 
 56 265 2 2 
 318 1034 2 2 
 83 725 2 2 
 60 246 2 2 
 328 1042 2 2 
 655 61 4 5 
 321 1045 7 5 
 37 268 2 1 
 67 784 3 4 
 655 61 4 5 
 322 1046 5 3 
 37 268 2 1 
 65 798 2 3 
 655 61 4 5 
 322 1046 2 2 
 64 804 2 2 
 37 268 2 1 
 327 1043 2 1 
 655 61 4 5 
 37 268 2 2 
 68 783 1 2 
 655 61 4 5 
 85 976 1 2 
 37 268 2 2 
 321 1045 3 3 
 655 61 4 5 
 61 829 2 3 
 0 312 3 4 
 655 61 4 5 
 61 830 2 2 
 0 312 3 4 
