 44 715 2 1 
 41 718 2 3 
 48 727 2 1 
 45 731 2 2 
 46 735 9 5 
 55 743 5 4 
 51 745 1 2 
 58 756 2 4 
 50 762 2 3 
 54 764 2 2 
 52 773 1 3 
 45 714 1 2 
 41 718 2 3 
 48 726 2 2 
 45 731 2 2 
 49 737 6 2 
 55 743 5 4 
 50 761 2 4 
 54 764 2 2 
 52 773 1 3 
 55 778 2 1 
 41 718 2 3 
 48 726 2 2 
 45 731 2 2 
 49 737 6 2 
 55 743 5 5 
 51 745 1 2 
 50 761 2 4 
 54 764 2 2 
 52 773 1 3 
 55 778 2 1 
 62 810 2 1 
 62 818 2 2 
 41 718 2 3 
 48 725 2 3 
 50 731 1 2 
 49 737 6 2 
 55 743 5 3 
 51 745 1 2 
 50 761 2 4 
 54 764 2 2 
 52 773 1 3 
 55 778 2 1 
 62 808 2 3 
 62 818 2 2 
 53 844 2 2 
 66 862 4 3 
 41 718 2 3 
 50 731 1 2 
 51 737 4 2 
 55 743 5 3 
 51 745 1 2 
 50 761 2 4 
 54 764 2 2 
 52 773 1 3 
 58 774 2 2 
 62 810 2 1 
 62 818 2 2 
 53 844 2 2 
 67 862 3 3 
 62 876 2 3 
 50 731 1 2 
 51 737 3 3 
 55 743 5 3 
 50 761 2 2 
 54 764 2 2 
 58 774 2 2 
 62 818 2 2 
 53 844 2 2 
 67 862 3 3 
 62 876 2 3 
 58 884 3 6 
 58 774 2 2 
 70 787 2 2 
 68 780 3 2 
 53 874 3 3 
 1553 1067 2 1 
 84 941 1 2 
 46 735 2 2 
 53 737 2 2 
 47 760 2 3 
 40 774 1 2 
 58 775 1 2 
 68 778 3 4 
 70 786 2 3 
 67 791 2 1 
 0 812 4 3 
 59 858 3 2 
 68 863 2 2 
 53 874 3 3 
 58 884 2 2 
 27 890 2 1 
 59 907 3 3 
 43 910 1 2 
 63 916 2 1 
 78 934 3 6 
 73 941 2 2 
 84 941 1 2 
 80 942 1 2 
 77 947 3 3 
 76 739 1 2 
 47 760 2 3 
 60 772 1 3 
 64 773 1 2 
 58 775 1 2 
 66 775 2 2 
 68 778 3 4 
 67 784 3 1 
 71 784 1 2 
 67 791 2 1 
 0 812 4 3 
 62 817 2 3 
 53 874 3 3 
 27 890 2 1 
 59 907 3 3 
 43 910 1 2 
 63 916 3 1 
 75 927 2 2 
 78 934 3 6 
 73 937 2 1 
 73 941 2 2 
 84 941 1 2 
 78 942 3 2 
 57 944 1 2 
 74 946 5 4 
 62 948 4 4 
 57 949 2 2 
 69 949 2 2 
 63 916 3 1 
 81 730 2 2 
 47 760 2 3 
 57 770 5 5 
 63 773 5 4 
 67 778 2 1 
 67 781 5 5 
 54 785 2 2 
 59 786 2 2 
 62 796 2 2 
 0 812 4 3 
 62 817 2 3 
 53 873 3 4 
 59 907 3 2 
 42 910 3 2 
 63 915 3 2 
 74 927 3 2 
 77 937 3 3 
 74 936 7 5 
 73 941 3 2 
 80 942 1 2 
 55 943 6 4 
 62 946 3 4 
 75 956 2 2 
 74 946 3 2 
 52 947 1 2 
 57 949 2 2 
 69 949 2 3 
 52 952 3 3 
 65 950 2 2 
 47 760 2 3 
 57 770 5 6 
 63 773 5 4 
 67 778 2 1 
 67 781 5 5 
 59 786 2 2 
 62 796 2 2 
 63 808 3 3 
 0 812 3 3 
 62 870 2 2 
 53 873 1 2 
 39 897 2 2 
 59 907 3 2 
 42 909 3 3 
 63 915 3 2 
 74 927 3 2 
 77 937 3 3 
 76 963 1 2 
 76 936 5 5 
 50 961 3 3 
 51 940 2 1 
 73 941 3 2 
 80 942 1 2 
 57 944 1 2 
 62 946 3 4 
 75 946 2 2 
 52 947 1 2 
 52 952 3 3 
 65 950 2 2 
 68 949 3 3 
 57 949 2 2 
 56 970 1 2 
 81 964 1 2 
 74 925 3 4 
 67 975 2 1 
 99 979 2 2 
 93 977 1 2 
 98 979 3 2 
 60 399 1 2 
 1502 1060 2 1 
 1428 849 2 2 
 60 399 1 2 
 1502 1060 2 1 
 1428 849 2 2 
 58 775 1 2 
 58 775 1 2 
 58 775 1 2 
 58 775 2 2 
 1501 995 2 3 
 58 775 2 2 
 1501 995 2 3 
 58 774 2 3 
 1501 995 2 3 
 60 398 1 3 
 1445 845 2 2 
 58 775 2 2 
 666 73 2 3 
 65 802 2 1 
 666 73 2 3 
 65 802 2 1 
 666 73 2 3 
 65 802 2 1 
 666 73 2 3 
 66 835 2 2 
 666 73 2 2 
 66 835 2 2 
 666 73 2 2 
 66 835 2 2 
 666 73 2 2 
 1406 977 2 2 
 73 609 3 2 
 666 73 2 2 
 73 609 4 3 
 75 608 2 3 
 1427 851 2 1 
 53 209 2 1 
 13 551 2 1 
 80 962 2 2 
 13 551 2 2 
 80 962 1 2 
 14 551 1 2 
 93 965 2 2 
 5 545 3 3 
 92 965 4 3 
 5 545 3 3 
 80 962 3 3 
 6 545 5 5 
 81 962 1 2 
 6 545 5 5 
 91 964 4 3 
 39 222 2 1 
 6 545 5 5 
 86 962 3 3 
 62 214 2 3 
 6 545 5 5 
 91 964 4 3 
 65 188 1 2 
 6 545 5 5 
 91 964 4 3 
 65 192 2 2 
 6 545 5 5 
 98 971 3 2 
 63 187 7 3 
 101 978 2 1 
 6 544 5 6 
 63 187 7 3 
 100 978 3 1 
 6 544 5 6 
 65 187 3 3 
 91 986 2 1 
 9 546 2 2 
 67 187 2 2 
 100 977 3 2 
 9 546 2 2 
 41 213 2 2 
 602 1008 2 2 
 81 654 2 2 
 43 217 2 3 
 602 1008 1 2 
 78 654 5 2 
 65 186 2 2 
 602 1008 1 2 
 0 389 1 2 
 65 186 2 2 
 1587 1006 1 2 
 0 389 1 2 
 65 186 2 2 
 610 1009 2 1 
 0 389 1 3 
 65 186 2 2 
 610 1009 2 1 
 0 389 3 5 
 65 186 2 2 
 577 1021 3 3 
 0 389 3 4 
 32 609 2 1 
 65 186 2 2 
 596 1002 2 2 
 0 389 3 5 
 32 609 2 1 
 656 65 3 3 
 51 274 2 1 
 79 654 2 3 
 656 65 3 3 
 51 274 2 1 
 84 688 2 2 
 656 65 3 3 
 1420 1005 3 1 
 60 281 2 1 
 656 65 3 3 
 592 1002 6 8 
 45 711 3 2 
 19 291 1 3 
 656 65 3 3 
 592 1002 6 8 
 62 275 3 3 
 656 65 3 3 
 592 1002 6 8 
 84 717 4 4 
 39 287 2 2 
 656 65 3 3 
 590 1001 6 9 
 62 275 3 3 
 656 65 2 3 
 590 1001 6 9 
 62 275 3 3 
 590 1001 6 9 
 62 275 3 3 
 62 275 3 3 
 590 1000 6 10 
 63 216 2 2 
 590 1001 5 9 
 63 215 1 2 
 590 1000 5 9 
 56 290 2 1 
 1552 1017 1 3 
 87 676 2 1 
 57 246 2 1 
 1546 1025 1 2 
 87 676 2 1 
 62 277 2 2 
 1546 1025 1 2 
 36 703 2 2 
 61 276 2 2 
 1544 1023 2 2 
 88 720 1 2 
