 65 174 7 10 
 68 176 9 13 
 69 177 10 13 
 70 178 10 15 
 72 181 9 14 
 74 187 8 10 
 76 189 8 10 
 77 190 8 13 
 78 193 9 10 
 80 194 9 11 
 83 197 7 10 
 84 199 8 10 
 86 202 7 9 
 87 203 8 11 
 88 206 9 10 
 90 208 8 10 
 92 210 8 10 
 97 213 10 14 
 98 215 10 14 
 100 217 10 14 
 102 220 9 13 
 105 224 7 11 
 106 227 8 10 
 107 229 9 13 
 109 232 8 9 
 111 234 8 10 
 113 236 8 10 
 115 238 8 10 
 116 240 8 10 
 118 242 8 10 
 119 244 9 10 
 122 247 8 10 
 123 249 9 10 
 125 251 8 10 
 128 252 10 14 
 130 254 10 14 
 135 261 8 11 
 136 269 3 3 
 136 264 9 10 
 138 267 9 9 
 139 268 10 12 
 142 271 8 9 
 144 273 9 10 
 146 275 8 10 
 148 278 8 9 
 150 280 8 9 
 152 282 8 10 
 154 285 8 9 
 154 284 12 14 
 159 290 9 10 
 163 292 10 13 
 165 293 9 14 
 167 295 10 14 
 169 301 9 10 
 171 304 8 10 
 655 63 2 2 
 173 305 9 11 
 174 307 10 13 
 655 63 2 2 
 655 63 2 2 
 177 309 9 11 
 655 63 2 2 
 179 312 9 11 
 655 63 2 2 
 181 314 9 11 
 655 63 2 2 
 183 316 9 11 
 655 63 2 2 
 655 63 2 2 
 185 316 11 16 
 1761 1002 2 2 
 189 323 9 10 
 191 325 9 11 
 193 327 9 10 
 195 330 9 10 
 199 330 10 15 
 202 333 9 13 
 203 335 10 14 
 206 340 9 11 
 208 342 9 11 
 210 344 9 11 
 212 346 9 11 
 214 349 9 10 
 216 347 12 18 
 220 355 9 11 
 223 357 9 11 
 224 359 10 11 
 230 362 3 3 
 229 363 9 11 
 231 366 9 10 
 233 368 9 10 
 1468 820 4 3 
 237 370 10 13 
 240 372 9 13 
 242 374 9 13 
 244 379 9 10 
 246 381 9 10 
 248 383 9 10 
 664 77 1 2 
 452 1060 3 4 
 251 385 9 10 
 664 77 1 2 
 631 997 1 2 
 253 387 9 10 
 664 77 1 2 
 255 390 9 9 
 614 999 7 6 
 664 77 1 2 
 257 392 9 9 
 614 999 7 6 
 664 77 1 2 
 259 394 9 9 
 614 999 7 6 
 664 77 1 2 
 262 396 9 10 
 664 77 1 2 
 264 398 9 10 
 664 77 1 2 
 266 400 9 9 
 268 402 9 10 
 270 404 10 10 
 438 1078 2 2 
 295 427 9 9 
