 552 547 6 11 
 554 558 5 9 
 555 566 5 9 
 556 573 5 9 
 556 580 6 9 
 555 587 6 10 
 552 594 6 9 
 547 600 8 9 
 543 607 8 10 
 539 616 7 13 
 534 629 8 14 
 529 646 6 15 
 523 665 6 16 
 518 689 5 14 
 510 712 6 14 
 501 728 10 19 
 487 757 9 10 
 469 772 14 12 
 452 784 17 16 
 439 802 13 14 
 408 839 12 14 
 391 856 14 13 
 373 883 2 3 
 354 904 1 2 
 273 994 6 6 
 523 36 2 1 
 523 36 2 1 
 520 38 2 1 
 520 38 2 1 
 520 38 2 1 
 520 38 2 1 
 520 38 2 1 
 520 38 2 1 
 515 34 1 2 
 515 34 1 2 
 515 34 1 2 
 515 34 1 2 
 515 34 1 2 
 515 34 1 2 
 515 34 1 2 
 515 34 1 2 
