 791 902 2 2 
 783 906 2 2 
 765 916 3 3 
 758 919 3 3 
 787 899 5 6 
 790 899 2 2 
 788 901 2 2 
 768 921 1 2 
 788 902 2 1 
 760 924 8 7 
 786 907 2 2 
 758 926 9 9 
 757 927 11 11 
 764 930 3 3 
 763 931 3 3 
 756 928 13 14 
 764 930 3 3 
 761 930 7 7 
 762 933 4 4 
 795 903 3 2 
 798 901 2 1 
 1254 138 4 4 
 801 898 1 2 
 1218 145 1 2 
 786 908 7 5 
 1218 145 1 2 
 791 907 2 1 
 1218 145 1 2 
 783 938 3 3 
 786 909 3 3 
 790 906 2 2 
 776 917 3 5 
 776 920 2 2 
 764 928 10 7 
 773 920 2 2 
 790 906 2 2 
 780 913 3 3 
 780 913 3 3 
 785 911 2 2 
 764 919 9 11 
 778 908 1 2 
 807 909 2 2 
 791 907 2 2 
 792 908 2 1 
 787 909 3 3 
 787 907 7 6 
 788 907 6 6 
 789 908 2 3 
 785 909 5 3 
 791 907 2 1 
 777 917 3 2 
 763 931 8 3 
 767 918 2 2 
 767 918 2 2 
 770 921 2 1 
 780 926 2 2 
 763 920 7 11 
 764 921 3 3 
 764 918 5 8 
 792 902 2 1 
 792 902 2 1 
 792 900 4 3 
 792 901 2 2 
 795 898 2 3 
 788 900 3 3 
 791 898 3 4 
 791 898 3 4 
 780 901 3 3 
 792 898 2 4 
 792 899 2 3 
 797 898 2 1 
 797 898 2 1 
 797 898 3 1 
 1827 902 3 3 
 769 903 1 2 
 795 899 1 2 
 780 902 3 1 
 780 902 3 1 
 779 902 6 4 
 580 1049 2 2 
 580 1049 2 2 
 580 1049 2 2 
 580 1049 2 2 
 580 1049 2 2 
 580 1049 2 2 
 580 1049 2 2 
 580 1049 2 2 
 782 906 3 2 
